9.9982E-05 0.113994 0.000463994 9.9982E-05 0.885342
0.0410095 0.0297187 9.9982E-05 9.9982E-05 0.929072
9.9991E-05 0.0646274 0.00882073 0.104503 0.821949
9.999E-05 0.125762 0.0825639 0.0124199 0.779154
9.9982E-05 9.9982E-05 0.0512485 0.0579014 0.89065
0.165201 0.0269685 0.0393355 0.0973718 0.671123
0.0771367 0.0181996 9.9982E-05 9.9982E-05 0.904464
0.0280316 0.172726 0.0400351 9.9991E-05 0.759108
0.0538942 0.106117 9.9982E-05 9.9982E-05 0.839789
0.0990494 0.00183561 0.0270966 0.132713 0.739305
0.0621279 0.127617 9.9991E-05 0.0398773 0.770278
0.105398 0.511954 0.0585876 0.32396 9.9991E-05
9.9991E-05 0.297894 0.0941325 0.556815 0.0510589
0.126837 0.48781 0.0813722 0.25726 0.0467195
0.12597 0.347101 0.12374 0.37409 0.0290994
0.0775792 0.218838 0.16842 0.415186 0.119977
0.0274758 0.157853 0.085452 0.573402 0.155817
0.171618 0.203776 0.167338 0.417564 0.0397035
0.032237 0.371797 0.109988 0.370061 0.115917
0.191075 0.707593 0.0947736 9.9991E-05 0.00645852
0.150065 0.347932 0.126332 0.375571 9.9991E-05
0.24466 0.151172 0.108721 0.474102 0.0213451
0.102179 0.252446 0.0799725 0.565302 9.9991E-05
0.207215 0.32486 0.127489 0.340335 9.9991E-05
0.0597255 0.163556 0.14593 0.540896 0.0898931
0.0557307 0.260732 0.13504 0.515143 0.0333543
0.105725 0.481899 0.114828 0.263757 0.0337908
0.104955 0.48957 0.226915 0.17846 9.9991E-05
0.203212 0.405643 0.0453702 0.328669 0.0171059
9.9982E-05 9.9982E-05 0.0538109 0.110726 0.835263
9.9982E-05 9.9982E-05 0.0140101 0.133483 0.852307
9.9991E-05 0.0348879 0.0539831 0.138652 0.772377
0.029766 9.9991E-05 0.0885867 0.139843 0.741704
0.265275 0.102737 0.0861729 0.545716 9.9991E-05
0.121122 0.0515339 0.0404281 0.695068 0.0918478
0.281781 9.9991E-05 0.0248548 0.623813 0.0694517
0.0676666 0.608977 0.0363458 0.221446 0.0655645
0.507316 0.0268998 0.00410151 0.458355 0.00332771
0.0864696 0.171983 0.0261732 0.645139 0.0702349
0.0903371 0.0411666 0.0422988 0.80581 0.0203877
0.15529 0.0898082 0.0427812 0.583923 0.128197
0.0253032 0.168775 9.9991E-05 0.655489 0.150333
0.411926 0.24067 9.9991E-05 0.292328 0.0549761
0.159543 0.0194637 0.0923017 0.675501 0.0531912
0.163605 9.9991E-05 0.0793739 0.661579 0.0953417
0.0416777 0.0624189 0.0586131 0.651776 0.185515
0.514819 0.00218408 9.9982E-05 0.482797 9.9982E-05
0.168032 0.0583181 9.9991E-05 0.716134 0.0574155
0.194873 9.9991E-05 0.0269749 0.64567 0.132382
0.895297 0.0584054 9.9982E-05 9.9982E-05 0.0460976
0.317747 0.421586 9.9982E-05 0.260467 9.9982E-05
0.610291 0.210816 0.105796 0.072997 9.9991E-05
0.0894318 0.182811 0.0957725 0.562232 0.0697526
0.115017 0.141309 0.145234 0.578347 0.0200916
0.156421 0.116538 0.165983 0.501754 0.0593042
0.341829 0.325114 9.9991E-05 0.221178 0.111778
0.0324015 0.32563 0.0504877 0.591381 9.9991E-05
0.0967368 0.167069 0.151604 0.526132 0.0584584
0.134943 0.286006 0.0314548 0.452697 0.094899
0.340847 0.357178 0.0765646 0.0604864 0.164924
0.151292 0.0836835 0.100681 0.560412 0.103931
0.163144 0.261647 0.0684406 0.441547 0.0652216
0.295979 0.583735 9.9991E-05 0.0839701 0.0362157
0.144125 0.30854 0.085783 0.461452 9.9991E-05
0.205419 9.9991E-05 0.136048 0.617369 0.0410633
0.0200885 0.190317 0.0728922 0.602668 0.114034
0.297847 0.292478 0.057067 0.336889 0.0157194
0.157659 0.198618 0.083808 0.554587 0.00532798
0.162269 0.180715 0.00398406 0.619336 0.033695
0.27239 0.44737 9.9991E-05 0.269667 0.0104725
0.195657 0.0832466 9.9982E-05 0.720896 9.9982E-05
0.392079 0.194572 9.9982E-05 0.413149 9.9982E-05
0.184704 0.0460111 0.0310508 0.619909 0.118325
0.794904 0.0154098 9.9982E-05 0.189486 9.9982E-05
0.726515 0.0540746 9.9982E-05 0.219211 9.9982E-05
0.50325 0.0380122 9.9982E-05 0.458538 9.9982E-05
0.23977 0.128504 9.9991E-05 0.598395 0.0332312
0.173113 0.0355264 9.9991E-05 0.592892 0.198369
0.245829 0.106362 0.0287974 0.59894 0.0200713
0.350017 0.274671 9.9991E-05 0.368368 0.00684448
0.248489 0.342085 9.9991E-05 0.393809 0.0155171
0.263739 0.0904461 0.0841751 0.517573 0.0440663
0.337401 0.147053 9.9982E-05 0.515346 9.9982E-05
0.223184 0.0884607 9.9991E-05 0.613324 0.0749313
0.467589 0.00149938 9.9982E-05 0.530712 9.9982E-05
0.8473 0.0103327 9.9982E-05 0.142167 9.9982E-05
0.094001 0.126353 0.123152 0.646175 0.0103184
9.9991E-05 0.0383877 0.0297098 0.12663 0.805173
9.9973E-05 9.9973E-05 9.9973E-05 0.0807594 0.918941
9.9982E-05 9.9982E-05 0.0246429 0.0882535 0.886904
9.9982E-05 9.9982E-05 0.0508469 0.0188734 0.93008
9.9982E-05 9.9982E-05 0.0115568 0.106981 0.881263
0.00786132 0.00835815 0.0309632 0.069288 0.883529
9.9973E-05 9.9973E-05 9.9973E-05 0.0898183 0.909882
0.136376 0.0993352 0.0884742 0.57666 0.0991551
0.139795 0.182862 0.109534 0.52458 0.0432289
0.562447 0.20328 9.9982E-05 0.234074 9.9982E-05
0.106178 0.0365065 0.0276727 0.657464 0.172179
0.208051 0.187545 9.9991E-05 0.591235 0.0130693
0.157151 9.9982E-05 9.9982E-05 0.74667 0.0959793
0.24907 9.9982E-05 9.9982E-05 0.641554 0.109176
0.254216 0.0275215 0.039338 0.653676 0.0252477
0.603596 0.255725 9.9991E-05 0.110259 0.0303197
0.0732452 0.0198359 0.00319224 0.730969 0.172758
0.223165 9.9991E-05 0.0590211 0.661459 0.0562546
0.0930951 0.0867815 0.134617 0.591625 0.0938819
0.481664 9.9991E-05 0.00217769 0.459076 0.0569827
0.358393 9.9973E-05 9.9973E-05 0.641307 9.9973E-05
0.261807 0.11835 9.9991E-05 0.61326 0.0064828
0.443388 9.9982E-05 0.0725715 0.483841 9.9982E-05
0.27351 0.0971902 9.9991E-05 0.563396 0.0658036
0.163104 0.149123 0.102228 0.513951 0.0715952
0.346197 0.369464 0.124792 0.159447 9.9991E-05
9.9991E-05 0.325039 0.0815862 0.457013 0.136262
0.0358038 0.164879 0.144478 0.549218 0.105622
0.104658 0.194336 0.187123 0.506212 0.00767152
0.0161456 0.435915 9.9991E-05 0.4959 0.0519392
0.0158044 0.323065 0.111686 0.549344 9.9991E-05
0.0281326 0.38982 0.0257426 0.506092 0.0502133
0.0673165 0.242862 0.0371199 0.531073 0.121629
0.0296891 0.21182 0.116823 0.583119 0.0585497
0.146387 0.156074 0.0597425 0.629672 0.00812491
0.0519028 0.364089 9.9982E-05 0.583808 9.9982E-05
0.0780275 0.140117 0.0909434 0.62821 0.0627026
0.120431 0.160317 0.0148641 0.575967 0.128421
0.0230592 0.273884 0.0553248 0.647632 9.9991E-05
0.069042 0.267743 0.132182 0.487812 0.0432208
0.0814806 0.215158 0.126214 0.540422 0.0367257
0.145167 0.282969 0.0280888 0.419004 0.124771
0.0623269 0.18951 0.0964941 0.651569 9.9991E-05
9.9991E-05 0.155944 0.0333591 0.764935 0.0456617
0.135814 0.429399 0.0867807 0.341555 0.00645105
0.408196 0.325618 0.019108 0.207903 0.0391752
0.0839234 0.260828 0.0706711 0.549346 0.0352319
0.525961 0.300298 0.106484 0.0671567 9.9991E-05
0.0535633 0.514778 9.9991E-05 0.376663 0.0548957
0.123254 0.38124 9.9991E-05 0.479801 0.015605
0.0799932 0.500255 9.9991E-05 0.385892 0.0337598
0.11413 0.526139 0.0287623 0.330869 9.9991E-05
0.0766338 0.133835 0.103563 0.637098 0.0488697
0.142565 0.112699 0.109621 0.513384 0.121731
0.148591 0.0976962 0.0396467 0.621557 0.0925091
0.400269 0.400956 0.103394 0.0940602 0.00132136
9.9991E-05 0.168555 0.0420453 0.525086 0.264213
0.268012 0.0585551 0.0276621 0.534517 0.111254
0.63529 0.154005 0.0188877 9.9991E-05 0.191718
0.136526 9.9991E-05 0.052757 0.729408 0.0812094
0.37523 0.0850167 0.0413526 0.383741 0.11466
0.181053 0.112112 0.0991592 0.49885 0.108825
0.428907 0.138245 0.0598957 0.235925 0.137028
0.521264 0.19005 9.9991E-05 0.204947 0.0836391
0.374969 0.128465 0.029323 0.40874 0.0585028
0.12161 0.100343 0.0292714 0.597868 0.150908
0.210686 0.0452248 0.0817748 0.531683 0.130631
0.579822 0.137655 0.188734 0.0431157 0.0506724
0.157212 0.0924422 0.038718 0.569524 0.142103
0.436122 0.101528 9.9982E-05 0.46215 9.9982E-05
0.277554 0.109091 0.0152431 0.549076 0.0490366
0.114038 0.136372 0.093417 0.586528 0.0696457
0.227325 0.021701 0.320387 0.116423 0.314163
0.247802 9.9982E-05 0.152439 9.9982E-05 0.599559
0.339458 9.9982E-05 0.180109 9.9982E-05 0.480234
0.164477 0.0159529 0.382842 0.0435882 0.393141
0.206119 9.9991E-05 0.0294377 0.728565 0.0357776
0.154408 0.0900704 0.0643712 0.588684 0.102466
9.9973E-05 9.9973E-05 0.757217 0.242483 9.9973E-05
9.9991E-05 0.146375 0.4602 0.390271 0.00305423
0.0123102 0.0917389 0.457207 0.371013 0.0677318
0.5284 9.9991E-05 0.0491489 0.37071 0.051641
0.220797 0.0497229 0.0889006 0.566964 0.0736155
0.635475 0.0700411 0.063943 0.218119 0.0124217
0.248215 0.0210184 0.0331496 0.64757 0.050047
0.401069 9.9991E-05 0.0465172 0.498945 0.0533686
0.180168 0.0558513 0.052048 0.617907 0.0940261
0.724039 0.059478 0.0397567 0.17332 0.0034064
0.162055 9.9991E-05 0.125783 0.624411 0.0876517
0.232209 9.9991E-05 0.103064 0.590119 0.0745084
0.00260673 9.9973E-05 0.997093 9.9973E-05 9.9973E-05
0.0272595 9.9982E-05 0.901122 0.0714183 9.9982E-05
0.0117501 0.0517445 0.516287 0.338916 0.0813017
9.9982E-05 9.9982E-05 0.704899 0.287188 0.00771365
9.9991E-05 0.0460562 0.799949 0.124851 0.0290434
9.997E-05 9.997E-05 0.9996 9.997E-05 9.997E-05
9.9973E-05 0.0263533 0.973347 9.9973E-05 9.9973E-05
9.9973E-05 9.9973E-05 0.861461 0.138239 9.9973E-05
9.9982E-05 0.021524 0.954319 0.0239568 9.9982E-05
9.997E-05 9.997E-05 0.9996 9.997E-05 9.997E-05
9.997E-05 9.997E-05 0.9996 9.997E-05 9.997E-05
9.9982E-05 9.9982E-05 0.73318 0.232342 0.0342784
9.9982E-05 9.9982E-05 0.773042 0.124843 0.101915
0.0166233 9.9973E-05 0.983077 9.9973E-05 9.9973E-05
0.0042176 0.195527 0.380097 0.340667 0.0794911
9.9991E-05 0.0508326 0.672601 0.216679 0.0597874
9.9991E-05 0.0145678 0.730005 0.186194 0.0691332
9.9991E-05 0.0403155 0.926252 0.0303625 0.00296994
9.997E-05 9.997E-05 0.9996 9.997E-05 9.997E-05
9.9982E-05 9.9982E-05 0.848028 0.0730943 0.0786773
9.997E-05 9.997E-05 0.9996 9.997E-05 9.997E-05
9.9991E-05 0.047986 0.609783 0.28407 0.0580605
0.0422241 0.0180066 0.899536 9.9991E-05 0.0401331
0.538123 9.9982E-05 0.0731365 9.9982E-05 0.38854
0.183219 0.152833 0.0812774 0.423632 0.159039
0.243493 0.0036797 9.9991E-05 0.474626 0.278102
0.400359 0.0365335 0.169413 0.111603 0.282092
0.151891 0.0919306 0.112824 0.443766 0.199588
0.361607 9.9991E-05 0.0925332 0.274506 0.271254
0.115146 0.156298 0.102584 0.47492 0.151052
0.320466 9.9991E-05 0.262241 0.266222 0.150971
0.139327 9.9991E-05 0.0842865 0.523552 0.252734
0.268133 9.9991E-05 0.231055 0.300918 0.199794
0.24787 9.9991E-05 0.169259 0.432219 0.150551
0.00845298 0.0538885 9.9991E-05 0.0734488 0.86411
0.0184929 9.9982E-05 0.0628454 9.9982E-05 0.918462
0.00697319 0.00923512 9.9982E-05 9.9982E-05 0.983592
9.9982E-05 0.0117407 9.9982E-05 0.0411959 0.946863
9.9991E-05 0.0468599 0.021422 0.00994002 0.921678
0.0209394 0.016582 0.0777429 9.9991E-05 0.884636
9.9982E-05 9.9982E-05 0.0937701 0.0304175 0.875612
0.0546372 0.0119708 0.00305418 0.0305573 0.89978
0.0339458 9.9991E-05 0.0268429 0.0286047 0.910507
0.027802 0.00185286 0.1074 0.00563986 0.857305
0.0973483 0.257155 9.9982E-05 9.9982E-05 0.645297
0.0570564 0.346718 0.014255 9.9991E-05 0.58187
0.11825 0.316197 9.9982E-05 9.9982E-05 0.565353
0.144273 0.350264 9.9982E-05 9.9982E-05 0.505263
0.105946 0.183645 0.0136798 0.628447 0.0682819
0.182606 0.118902 0.0623605 0.617541 0.0185901
0.14925 0.224115 0.000401269 0.615298 0.0109362
0.238859 0.352605 9.9982E-05 0.408336 9.9982E-05
0.0868997 0.653747 9.9982E-05 0.259153 9.9982E-05
0.124773 0.0571573 0.0141657 0.70755 0.0963544
0.190999 0.117267 0.0114827 0.680151 9.9991E-05
0.252634 0.144799 9.9982E-05 0.602367 9.9982E-05
0.395971 0.0437351 0.103062 0.457131 9.9991E-05
0.159161 0.0889965 0.038583 0.669718 0.0435411
0.23426 0.205574 9.9982E-05 0.559966 9.9982E-05
0.834773 0.130491 9.9982E-05 0.0345356 9.9982E-05
0.136201 0.233106 0.0443935 0.518672 0.0676283
0.595508 0.0491911 0.0292126 0.325988 9.9991E-05
0.348155 0.0696965 9.9982E-05 0.581949 9.9982E-05
0.50732 0.260616 9.9991E-05 0.228626 0.00333781
0.0956096 0.787402 9.9982E-05 9.9982E-05 0.116789
0.0387228 0.755903 9.9991E-05 0.0587662 0.146508
0.110074 0.86342 9.9982E-05 9.9982E-05 0.0263061
0.0609084 0.85288 9.9982E-05 9.9982E-05 0.0860112
0.120383 0.842918 0.036499 9.9982E-05 9.9982E-05
0.0100453 0.794378 0.000393361 0.096424 0.0987595
9.9991E-05 0.00741625 0.0655808 0.0682143 0.858689
9.9991E-05 0.0634322 0.0724901 0.0483023 0.815675
9.9982E-05 9.9982E-05 0.105413 0.1061 0.788286
9.9991E-05 0.0810654 0.144536 0.0417661 0.732532
9.9991E-05 0.089816 0.0720257 0.0687522 0.769306
0.0986643 0.517744 9.9982E-05 9.9982E-05 0.383391
0.131759 0.382507 9.9982E-05 9.9982E-05 0.485534
0.107763 0.423229 9.9982E-05 9.9982E-05 0.468809
9.9991E-05 0.0324467 0.00651204 0.11426 0.846682
0.158752 0.467658 9.9982E-05 9.9982E-05 0.37339
0.0526643 0.0389858 0.384238 0.24914 0.274972
9.9991E-05 0.100166 0.248279 0.516941 0.134514
9.9982E-05 9.9982E-05 0.267544 0.528215 0.204042
0.122531 0.0556146 0.284429 0.321063 0.216363
9.9991E-05 0.145252 0.139046 0.515804 0.199799
0.21675 0.0011489 0.309482 9.9991E-05 0.472519
0.155858 0.309509 9.9991E-05 0.508556 0.0259766
0.256917 0.298016 0.0227038 0.422263 9.9991E-05
0.0106 0.577285 0.0698005 0.300171 0.0421437
0.26283 0.173682 0.0327736 0.530614 9.9991E-05
0.865845 0.133855 9.9973E-05 9.9973E-05 9.9973E-05
0.00116169 0.170548 9.9991E-05 0.651175 0.177015
0.202784 0.1841 0.0536976 0.519635 0.0397836
0.0861161 0.551061 9.9991E-05 0.318972 0.0437511
0.070109 0.225567 0.0868071 0.551073 0.0664442
0.538048 0.254058 9.9991E-05 0.205789 0.00200518
0.22352 0.169966 0.0420099 0.564404 9.9991E-05
0.0791212 0.326974 0.0379623 0.555842 9.9991E-05
0.194814 0.0708134 0.189447 0.390943 0.153983
0.286599 0.293192 0.042669 0.37744 9.9991E-05
0.162123 0.259745 9.9991E-05 0.537741 0.0402911
0.165542 0.181006 0.191997 0.461356 9.9991E-05
0.181389 0.219829 0.0176117 0.58107 9.9991E-05
0.00594423 0.205698 0.0997213 0.656826 0.0318106
0.0523296 0.180803 9.9991E-05 0.649759 0.117009
0.0923275 0.218986 0.108004 0.494049 0.0866333
9.9982E-05 9.9982E-05 0.117103 0.0916288 0.791068
0.0531545 9.9991E-05 0.0531439 0.0537442 0.839857
0.129608 0.0270579 0.0595621 0.00448716 0.779285
0.0781277 0.0389289 0.0506187 0.0140704 0.818254
9.9982E-05 9.9982E-05 0.0258975 0.0961105 0.877792
0.0933389 0.651316 0.128262 0.126983 9.9991E-05
0.17322 0.131489 0.12071 0.507677 0.0669039
0.0555494 9.9991E-05 0.179594 0.483251 0.281505
0.000570392 0.211129 0.185011 0.60319 9.9991E-05
9.9982E-05 0.355568 9.9982E-05 0.564253 0.0799786
0.28157 0.333502 0.112287 0.219463 0.0531775
0.209438 0.610894 9.9991E-05 0.0640384 0.115529
0.00375087 0.320097 9.9991E-05 0.578891 0.0971611
0.144965 0.562249 0.0515448 0.175951 0.0652901
0.315059 0.113818 0.0857035 0.441816 0.0436032
0.180592 0.540227 0.0129528 0.140347 0.125882
9.9991E-05 0.230507 0.0887332 0.607645 0.0730145
0.158163 0.527433 0.0596904 0.20341 0.051303
0.239267 0.302293 0.109128 0.347385 0.00192582
0.195767 0.164743 0.101723 0.462418 0.075349
0.375485 0.155816 0.0417386 0.311875 0.115086
0.171436 0.120917 0.0128793 0.620505 0.0742626
0.192994 9.9991E-05 0.0286254 0.583233 0.195047
0.415107 0.113937 9.9991E-05 0.417045 0.0538104
0.172584 0.0814463 0.0872605 0.570635 0.0880746
0.274552 0.0549514 9.9991E-05 0.582375 0.0880217
0.693626 0.125039 9.9982E-05 0.181135 9.9982E-05
0.590191 0.00700892 9.9991E-05 0.361768 0.0409314
0.297595 0.0995419 9.9991E-05 0.537876 0.0648873
0.60663 0.179141 9.9991E-05 0.205314 0.0088144
0.299743 0.111169 9.9982E-05 0.588888 9.9982E-05
0.147327 0.640988 0.0209983 0.15031 0.0403766
0.332802 0.36742 0.0223416 0.277336 9.9991E-05
0.13669 0.456936 0.0738163 0.332457 9.9991E-05
0.0325279 0.231755 0.0887819 0.623254 0.023681
0.100872 0.57427 9.9982E-05 0.324659 9.9982E-05
0.108346 0.191813 0.132093 0.490481 0.0772672
9.9991E-05 0.258319 0.102842 0.514906 0.123833
9.9991E-05 0.419754 0.162539 0.397402 0.020205
9.9991E-05 0.326589 0.104835 0.561094 0.00738261
0.0919049 0.325667 0.0745489 0.468206 0.0396732
0.0884897 0.56699 0.120494 0.223926 9.9991E-05
0.0602321 0.485352 0.104684 0.349632 9.9991E-05
0.0141986 0.290647 0.108394 0.58666 9.9991E-05
0.0895232 0.129929 0.0998287 0.641877 0.0388419
0.244076 0.212594 9.9991E-05 0.479406 0.0638244
0.0706846 0.295908 0.107379 0.525929 9.9991E-05
9.9991E-05 0.449693 0.0363027 0.416055 0.0978492
9.9991E-05 0.275344 0.0172834 0.700682 0.00659066
0.0237978 0.327868 0.0493525 0.539452 0.0595296
0.183898 0.125555 0.0353709 0.553627 0.10155
9.9991E-05 0.0829381 0.165495 0.412415 0.339052
0.105905 9.9991E-05 0.201779 0.526157 0.16606
0.0166085 0.109532 0.215362 0.50281 0.155688
0.0541841 0.0779951 0.164679 0.660255 0.0428864
0.0628039 0.0465086 0.252606 0.470223 0.167859
0.242833 0.230014 0.0562068 0.470846 9.9991E-05
0.120239 0.0778145 0.123289 0.528218 0.15044
0.516932 9.9991E-05 0.196 0.0387977 0.248171
0.0245959 0.134214 0.169001 0.551327 0.120862
0.067316 0.0589843 0.148775 0.62122 0.103705
0.0372246 0.155457 0.268929 0.511316 0.0270739
0.206838 0.0946662 0.153964 0.287526 0.257006
0.0324762 0.0244837 0.169863 0.526514 0.246663
0.0692248 9.9991E-05 0.177694 0.568957 0.184025
0.304367 9.9982E-05 0.181956 9.9982E-05 0.513477
0.0276911 0.0644718 0.242605 0.507774 0.157458
0.0671071 0.0287134 0.242927 0.518305 0.142947
0.147705 9.9991E-05 0.116697 0.64451 0.0909879
0.00951965 9.9991E-05 0.178599 0.576077 0.235705
0.0302538 0.128184 0.118821 0.517441 0.205301
0.372504 0.0245028 0.143979 0.458915 9.9991E-05
0.307677 0.083088 0.208413 0.359865 0.0409577
0.79551 0.124723 9.9982E-05 0.0795665 9.9982E-05
0.78625 0.0970263 9.9982E-05 0.116524 9.9982E-05
0.222107 0.109711 0.186444 0.463434 0.018304
0.0458656 0.0916716 0.334945 0.385254 0.142263
0.174837 9.9991E-05 0.361203 0.332626 0.131234
0.276567 0.000675314 0.347101 0.118595 0.257062
0.111639 0.0290585 0.306791 0.341157 0.211354
0.689184 9.9991E-05 0.130024 0.0970681 0.0836231
0.532982 9.9991E-05 0.115064 0.245583 0.106271
0.183439 0.0116468 0.200883 0.599939 0.00409257
0.277288 0.00546546 0.115118 0.531297 0.0708321
0.510277 9.9991E-05 0.159884 0.279907 0.0498324
0.234362 0.0670833 0.165657 0.501851 0.0310468
0.196065 0.110656 0.227403 0.458832 0.00704417
0.165739 0.040439 0.199007 0.489245 0.10557
0.451379 0.134013 9.9991E-05 0.384302 0.0302054
0.367536 0.10824 0.0363469 0.464891 0.0229858
0.347162 0.0395974 0.0721506 0.514678 0.0264126
0.236068 0.159347 0.0669368 0.437869 0.0997788
0.181562 0.106628 0.0965537 0.575994 0.0392625
0.413971 0.109812 0.0162112 0.459906 9.9991E-05
0.58734 0.107851 9.9982E-05 0.304609 9.9982E-05
0.259446 9.9991E-05 0.0259084 0.685222 0.0293241
0.212539 9.9991E-05 0.13296 0.496712 0.15769
0.533971 0.141618 0.0349056 0.289405 9.9991E-05
0.418144 0.0600453 0.021705 0.461907 0.0381985
0.236774 9.9991E-05 0.0598595 0.625486 0.0777802
0.20688 0.0994452 0.113537 0.580037 9.9991E-05
0.10351 0.0903862 0.258583 0.436381 0.11114
0.25433 0.0548756 0.161125 0.427912 0.101757
0.194447 0.0361207 0.282317 0.314786 0.17233
0.150376 0.0533246 0.234729 0.379802 0.181769
0.0797155 0.0603604 0.262534 0.429964 0.167426
0.0651511 0.137404 0.266369 0.363518 0.167558
0.627299 9.9982E-05 0.190823 9.9982E-05 0.181678
0.036569 0.0960254 0.298517 0.541891 0.0269975
0.435352 9.9982E-05 0.133295 9.9982E-05 0.431153
0.212717 9.9991E-05 0.229241 0.498484 0.0594579
0.780188 9.9973E-05 9.9973E-05 0.219512 9.9973E-05
0.872263 0.0714234 0.00508002 0.0378497 0.0133843
0.358226 9.9973E-05 9.9973E-05 0.641475 9.9973E-05
0.21461 9.9982E-05 9.9982E-05 0.717891 0.0672992
0.427569 0.0234925 9.9982E-05 0.548738 9.9982E-05
0.35723 9.9982E-05 0.0628146 0.579755 9.9982E-05
0.405419 9.9982E-05 0.00512807 0.589253 9.9982E-05
0.0352783 9.9991E-05 0.0276878 0.0873141 0.84962
9.9991E-05 0.171432 0.105621 0.0148599 0.707987
9.9982E-05 0.0400347 0.0573994 9.9982E-05 0.902366
9.9973E-05 9.9973E-05 9.9973E-05 0.0237686 0.975931
0.23499 0.042067 9.9991E-05 0.631451 0.0913925
0.15314 0.110341 9.9991E-05 0.643449 0.0929701
0.219181 0.0998643 9.9982E-05 0.680755 9.9982E-05
0.124737 0.0627615 9.9991E-05 0.655188 0.157213
0.139334 0.180083 0.05459 0.553447 0.0725455
0.389634 0.147496 9.9991E-05 0.396218 0.0665525
0.208372 0.049758 0.00708306 0.734687 9.9991E-05
0.512005 9.9973E-05 9.9973E-05 0.487695 9.9973E-05
9.9991E-05 0.100211 0.253014 0.366648 0.280027
0.377864 0.0725382 0.0318976 0.5176 9.9991E-05
0.330346 0.211193 9.9982E-05 0.458261 9.9982E-05
0.213107 0.0507573 9.9982E-05 0.735935 9.9982E-05
0.348532 0.117841 9.9982E-05 0.533427 9.9982E-05
0.265791 9.9982E-05 9.9982E-05 0.694002 0.0400078
0.132351 0.138634 9.9991E-05 0.668482 0.0604331
0.692964 9.9973E-05 9.9973E-05 0.306736 9.9973E-05
0.513022 0.0667216 0.017356 0.4028 9.9991E-05
0.464265 0.0374306 9.9991E-05 0.494854 0.00335006
0.941506 9.9973E-05 9.9973E-05 0.0581937 9.9973E-05
0.203607 0.246028 9.9991E-05 0.525746 0.0245186
0.71013 0.0112823 9.9982E-05 0.278387 9.9982E-05
0.869514 0.0282079 9.9991E-05 0.092215 0.00996291
0.187858 9.9991E-05 0.00520298 0.703318 0.103521
0.454178 0.164701 9.9991E-05 0.369273 0.011748
0.250167 0.130819 0.0670098 0.550092 0.00191211
0.0600543 0.0249382 0.0467322 0.736902 0.131374
0.222567 0.111295 9.9982E-05 0.665937 9.9982E-05
0.298719 0.247276 0.0684346 0.38547 9.9991E-05
0.246984 0.0989693 0.0655078 0.588439 9.9991E-05
0.0964388 0.253784 0.0330037 0.616673 9.9991E-05
0.508168 0.00475587 9.9982E-05 0.486877 9.9982E-05
0.187948 0.0814437 9.9991E-05 0.628163 0.102345
0.0822588 0.244956 9.9982E-05 9.9982E-05 0.672586
0.0785605 0.0558506 9.9991E-05 0.0750327 0.790456
0.0412544 0.130712 9.9982E-05 9.9982E-05 0.827834
0.0127251 0.172206 9.9982E-05 9.9982E-05 0.814869
9.9982E-05 0.246951 9.9982E-05 0.0334631 0.719386
0.437201 0.218098 9.9982E-05 0.344501 9.9982E-05
0.399051 0.212829 9.9991E-05 0.379774 0.00824597
0.668879 9.9973E-05 9.9973E-05 0.330821 9.9973E-05
0.154177 0.0589751 0.0225306 0.575782 0.188535
0.050821 0.112103 0.0288297 0.736311 0.0719354
0.484578 9.9982E-05 9.9982E-05 0.510364 0.00485772
0.275804 9.9991E-05 0.0633389 0.65021 0.0105472
0.386033 9.9991E-05 0.0253513 0.56438 0.0241363
0.222033 0.0728356 0.0216311 0.6834 9.9991E-05
0.17401 0.073229 0.098909 0.64413 0.00972241
0.364262 0.240273 9.9982E-05 0.395265 9.9982E-05
0.301157 0.163979 9.9982E-05 0.534664 9.9982E-05
0.328866 0.177366 9.9982E-05 0.493567 9.9982E-05
0.171417 9.99973E-05 0.0419694 0.650119 0.136395
0.338778 0.0769706 9.9991E-05 0.574361 0.0097902
0.282384 0.114477 0.0128358 0.58937 0.000932765
9.9982E-05 9.9982E-05 0.411859 0.477162 0.110778
0.0172956 9.9991E-05 0.370677 0.422616 0.189312
9.9982E-05 9.9982E-05 0.399197 0.450691 0.149913
0.0807484 9.9991E-05 0.515832 0.287551 0.115769
9.9991E-05 0.0804454 0.281947 0.51861 0.118898
0.314716 9.9991E-05 0.0472441 0.600746 0.0371938
9.9991E-05 0.00964032 0.597696 0.102439 0.290125
9.9991E-05 0.0699778 0.516228 0.277008 0.136686
0.14728 0.0201604 0.158566 0.457049 0.216945
0.128382 0.0948023 0.0541231 0.539537 0.183156
0.277085 0.0816469 0.0418244 0.434495 0.164948
0.103296 0.128545 0.127046 0.547693 0.0934194
0.129233 9.9991E-05 0.0316377 0.655081 0.183948
9.9982E-05 9.9982E-05 0.417196 0.360151 0.222453
0.0142962 0.0537208 0.355827 0.442302 0.133854
9.9982E-05 9.9982E-05 0.486514 0.445851 0.0674354
0.0625428 0.00599953 0.335706 0.480662 0.11509
0.0467202 0.0245139 0.456596 0.325096 0.147074
0.0337556 0.0206679 0.405184 0.385677 0.154715
0.0241579 9.9991E-05 0.630182 0.22392 0.121641
0.0075278 0.0752114 0.375119 0.423376 0.118766
0.269201 9.9991E-05 0.0516667 0.590962 0.0880708
0.023292 0.0627513 0.360609 0.389992 0.163356
0.0214081 9.9991E-05 0.601671 0.184032 0.192789
0.0444627 0.142552 0.348435 0.322169 0.142381
0.266109 0.303055 9.9991E-05 0.249161 0.181575
0.147699 0.159438 0.113409 0.552755 0.0266984
0.021998 0.043495 0.295001 0.450633 0.188873
9.9991E-05 0.176794 0.112702 0.5877 0.122704
0.142759 0.051057 9.9991E-05 0.528737 0.277347
0.107053 0.0560856 0.23815 0.372983 0.225728
0.0881749 9.9991E-05 0.322118 0.330003 0.259604
0.0788511 0.0986375 0.220006 0.498699 0.103806
9.9982E-05 9.9982E-05 0.391046 0.455578 0.153177
9.9982E-05 9.9982E-05 0.522919 0.389218 0.0876629
0.0135829 9.9991E-05 0.587744 0.184701 0.213872
0.0871926 0.0148203 0.038753 0.738212 0.121022
0.226219 0.0995152 9.9991E-05 0.533357 0.140809
0.6175 9.9991E-05 0.122012 0.0764616 0.183926
9.9991E-05 0.13188 0.0111985 0.689844 0.166977
0.185224 0.129199 9.9991E-05 0.521558 0.163919
0.108855 0.0114262 0.088128 0.525964 0.265626
0.187203 0.141631 0.174422 0.421819 0.0749253
0.402248 9.9982E-05 0.216561 9.9982E-05 0.380991
0.493849 9.9982E-05 0.135631 9.9982E-05 0.37032
0.321276 0.0515576 0.203692 0.241596 0.181878
0.368594 0.036745 0.258007 9.9991E-05 0.336554
0.252412 9.9982E-05 0.245903 9.9982E-05 0.501485
0.203829 0.051137 0.110843 0.424547 0.209644
0.211369 9.9991E-05 0.213355 0.339036 0.23614
0.25817 0.02913 0.19873 0.199277 0.314693
0.358758 9.9991E-05 0.186036 0.0964383 0.358667
0.143553 0.0364278 0.133863 0.471174 0.214982
0.478564 9.9991E-05 0.198885 0.102575 0.219876
0.400533 9.9982E-05 0.111216 9.9982E-05 0.488051
0.0718587 0.184722 0.146682 0.481889 0.114849
0.25714 9.9991E-05 0.27522 0.245206 0.222334
9.9991E-05 0.0876682 0.194822 0.473468 0.243942
9.9982E-05 9.9982E-05 0.279067 0.55726 0.163472
0.179112 0.0893417 0.166431 0.391558 0.173557
0.0629779 0.0655122 0.259566 0.510417 0.101527
0.115469 9.9991E-05 0.328054 0.413926 0.142451
9.9991E-05 0.0302663 0.228831 0.352271 0.388532
0.00833594 0.0547421 0.201481 0.529496 0.205945
0.0568433 0.0044325 0.329308 0.366476 0.24294
0.109385 0.0460846 0.221378 0.354516 0.268636
0.250074 0.129061 0.218671 0.252734 0.14946
0.137833 0.0638664 0.110789 0.485209 0.202303
0.0587039 0.0484723 0.0979677 0.59384 0.201016
0.15339 0.0574342 0.0439771 0.631369 0.113829
0.0610889 0.0368327 0.356406 0.24527 0.300402
9.9991E-05 0.0277002 0.149058 0.579252 0.24389
0.189079 9.9991E-05 0.200866 0.172348 0.437606
9.9991E-05 0.0697158 0.228545 0.538729 0.162911
0.243478 9.9991E-05 0.327612 0.141452 0.287358
0.116644 0.0708465 9.9982E-05 9.9982E-05 0.812309
9.9991E-05 0.7988 0.0981924 0.0595186 0.043389
9.997E-05 0.9996 9.997E-05 9.997E-05 9.997E-05
9.9973E-05 0.97713 9.9973E-05 9.9973E-05 0.0225705
9.9973E-05 0.976703 9.9973E-05 0.0229975 9.9973E-05
9.9991E-05 0.898037 0.0402178 0.0345142 0.0271315
9.9973E-05 0.917034 9.9973E-05 0.0826658 9.9973E-05
9.9973E-05 0.981285 9.9973E-05 9.9973E-05 0.0184155
9.9982E-05 0.757843 0.0103857 9.9982E-05 0.231572
9.9991E-05 0.0185872 0.00669653 0.0388846 0.935732
0.0127365 0.0952688 9.9991E-05 0.0384479 0.853447
9.9991E-05 0.0433733 0.0232574 0.0209605 0.912309
9.9982E-05 0.151384 9.9982E-05 0.0394586 0.808958
9.9991E-05 0.0320763 0.0244932 0.0398699 0.903461
9.9982E-05 0.0586862 9.9982E-05 0.00963303 0.931481
9.9991E-05 0.0586331 0.09366 0.132539 0.715068
9.9991E-05 0.0045228 0.0677694 0.0527377 0.87487
0.0237876 0.179048 0.0314288 0.0455962 0.72014
0.0254426 9.9982E-05 0.0515443 9.9982E-05 0.922813
9.9973E-05 0.0312683 9.9973E-05 9.9973E-05 0.968432
0.0373123 0.0332012 0.0625724 0.0287919 0.838122
9.9973E-05 0.0595992 9.9973E-05 9.9973E-05 0.940101
9.9991E-05 0.0257324 0.0267974 0.0464025 0.900968
9.9991E-05 0.028498 0.0235195 0.0642785 0.883604
9.9973E-05 9.9973E-05 9.9973E-05 0.13577 0.863931
9.9982E-05 9.9982E-05 0.114748 0.094376 0.790676
9.9982E-05 9.9982E-05 0.0870258 0.124758 0.788016
9.9982E-05 9.9982E-05 0.0604533 0.149021 0.790326
0.276928 0.119001 0.0888351 0.373521 0.141715
0.12193 0.0220992 9.9991E-05 0.763542 0.092329
0.020689 0.126852 0.107919 0.617074 0.127466
0.669672 0.0320214 0.0272071 0.134689 0.13641
0.196213 0.11831 0.00912019 0.531789 0.144568
0.567698 0.0298695 0.0622038 0.102819 0.237409
0.118701 0.067448 0.0589503 0.608905 0.145995
0.206278 0.176266 9.9991E-05 0.490162 0.127194
0.175009 0.0835518 9.9991E-05 0.600908 0.140432
0.227084 0.0919269 9.9991E-05 0.611924 0.0689645
0.143662 0.209699 9.9991E-05 0.492958 0.153581
0.164088 9.9982E-05 9.9982E-05 0.691794 0.143918
0.0501042 0.177827 0.0162314 0.600955 0.154883
0.365962 0.481574 0.0549175 0.0974467 9.9991E-05
0.796812 0.0702506 9.9991E-05 0.00596196 0.126875
0.619607 0.0232087 0.0632279 0.156976 0.13698
0.0988126 0.0283871 0.101865 0.616815 0.15412
0.198498 0.0622739 0.0365035 0.559575 0.143149
0.240243 0.0292408 0.0116868 0.591675 0.127153
0.151426 9.9991E-05 0.0908519 0.676409 0.0812124
0.0314532 0.00211847 0.116812 0.5991 0.250517
9.9991E-05 0.0776547 0.0784497 0.623975 0.219821
0.153637 0.092727 0.191759 0.142022 0.419854
0.0458078 0.0960505 0.0727064 0.64532 0.140115
0.0920209 0.0725673 0.170088 0.418882 0.246441
0.367269 9.9982E-05 0.20911 9.9982E-05 0.423421
0.18092 9.9991E-05 0.178146 0.326836 0.313998
0.073813 0.113509 0.248742 0.238894 0.325042
9.9991E-05 0.116298 0.0637469 0.47971 0.340146
0.109764 0.0919443 0.233381 0.439291 0.12562
0.10168 0.008807 0.139918 0.503469 0.246125
0.0349871 9.9991E-05 0.188634 0.607248 0.169031
0.159975 0.0630658 0.199654 0.45064 0.126665
0.0309 9.9991E-05 0.172902 0.300415 0.495683
