0.906435 0.0934648 9.9991E-05
0.984313 9.9991E-05 0.0155874
0.922405 0.0295859 0.0480087
0.915605 0.0510428 0.0333523
0.998418 0.00148179 9.9991E-05
0.819053 0.0706441 0.110303
0.757236 0.0261132 0.216651
0.89597 0.00580038 0.0982294
0.202246 0.0800385 0.717715
9.999E-05 0.9998 9.999E-05
9.999E-05 0.9998 9.999E-05
0.0469163 9.9991E-05 0.952984
0.384777 0.0500892 0.565134
0.130415 0.0969006 0.772684
9.9991E-05 0.0214226 0.978477
0.00318652 9.9991E-05 0.996713
0.0112867 9.9991E-05 0.988613
0.936384 0.0133898 0.0502264
0.928551 0.0713493 9.9991E-05
0.947845 0.0520555 9.9991E-05
0.945085 0.0548149 9.9991E-05
0.974632 0.0212944 0.00407364
0.963381 0.0365193 9.9991E-05
0.978015 0.0203705 0.00161468
9.9991E-05 0.0552757 0.944624
0.22328 0.0230411 0.753678
0.160243 0.0757222 0.764035
0.172526 0.0648143 0.762659
0.670591 9.9991E-05 0.329309
0.580908 0.0450784 0.374014
0.0627721 0.039109 0.898119
0.431303 0.00160391 0.567093
0.918643 9.9991E-05 0.0812566
0.893002 0.106898 9.9991E-05
0.955339 0.0445611 9.9991E-05
0.949234 0.0506656 9.9991E-05
0.898531 0.101369 9.9991E-05
0.973806 0.0260945 9.9991E-05
0.991654 0.00824557 9.9991E-05
0.942474 0.00219122 0.0553352
0.9998 9.999E-05 9.999E-05
0.974946 9.9991E-05 0.0249539
0.658014 0.031997 0.309989
0.676231 0.0510132 0.272755
0.632586 0.00124791 0.366166
0.604215 9.9991E-05 0.395685
9.999E-05 9.999E-05 0.9998
0.323886 9.9991E-05 0.676014
0.323615 9.9991E-05 0.676285
0.902909 0.070822 0.0262686
0.820741 0.0986293 0.0806299
0.566566 0.0386294 0.394805
9.999E-05 0.9998 9.999E-05
0.660838 9.9991E-05 0.339062
9.999E-05 9.999E-05 0.9998
0.107955 0.00173638 0.890309
0.922299 9.9991E-05 0.0776009
0.929211 9.9991E-05 0.0706895
0.919024 9.9991E-05 0.080876
0.910197 9.9991E-05 0.0897026
0.95927 0.0226594 0.0180701
0.224085 0.0650396 0.710875
9.9991E-05 0.0302522 0.969648
9.9991E-05 0.0488295 0.95107
0.0497418 0.047898 0.90236
0.32147 9.9991E-05 0.67843
0.564491 0.0428306 0.392678
9.999E-05 9.999E-05 0.9998
0.0440743 9.9991E-05 0.955826
0.294986 0.00941439 0.695599
0.474113 0.041477 0.48441
9.999E-05 9.999E-05 0.9998
9.9991E-05 0.027533 0.972367
0.983601 0.0162993 9.9991E-05
0.857685 0.142215 9.9991E-05
9.999E-05 9.999E-05 0.9998
0.0383216 0.0139825 0.947696
0.0154469 9.9991E-05 0.984453
0.709677 0.0595026 0.230821
0.808386 0.0458828 0.145731
0.715866 0.161952 0.122182
0.789891 0.107685 0.102424
0.477373 0.00289347 0.519734
0.407845 0.0772996 0.514856
0.441824 0.11526 0.442916
0.835855 0.0200359 0.14411
0.257042 0.102273 0.640684
0.933683 0.0401598 0.0261572
0.806497 0.0901312 0.103372
0.941024 0.0588764 9.9991E-05
0.910888 0.0229126 0.0661996
0.947652 0.00542217 0.0469259
0.95553 0.0316817 0.0127878
0.967853 0.0229483 0.0091983
0.966668 0.0332318 9.9991E-05
0.892872 0.0715926 0.0355354
0.9998 9.999E-05 9.999E-05
0.942339 0.0575613 9.9991E-05
0.939285 0.0606153 9.9991E-05
0.974376 0.0255236 9.9991E-05
0.961892 0.00557536 0.0325323
0.964774 0.0250615 0.0101646
0.927962 0.0467369 0.0253013
0.0669641 0.0338669 0.899169
0.177205 0.0274156 0.795379
0.0615749 0.0146462 0.923779
0.138904 9.9991E-05 0.860996
0.514416 0.0275527 0.458031
