0.0816326 0.918267 9.9991E-05
0.00983493 0.984945 0.00522019
0.0704155 0.852221 0.0773632
0.04827 0.905145 0.0465853
0.000164858 0.999735 9.9991E-05
0.0816416 0.839893 0.078465
9.999E-05 0.793202 0.206698
0.0068782 0.903901 0.0892208
0.0585291 0.195361 0.74611
0.9998 9.999E-05 9.999E-05
0.9998 9.999E-05 9.999E-05
9.9991E-05 0.0208759 0.979024
0.0777335 0.339726 0.58254
0.0694743 0.184934 0.745592
9.999E-05 9.999E-05 0.9998
9.9991E-05 0.00736344 0.992537
9.9991E-05 0.00910305 0.990797
0.0600357 0.917088 0.0228763
0.0910337 0.908866 9.9991E-05
0.0610163 0.938884 9.9991E-05
0.0527356 0.947164 9.9991E-05
0.0702428 0.929657 9.9991E-05
0.0698532 0.930047 9.9991E-05
0.0329622 0.966938 9.9991E-05
0.0486726 9.9991E-05 0.951227
0.0113196 0.195311 0.79337
0.0498367 0.161021 0.789143
0.0615475 0.150631 0.787821
0.0110547 0.700095 0.288851
0.06885 0.539649 0.391501
0.0435206 0.0253853 0.931094
9.9991E-05 0.460226 0.539674
9.9991E-05 0.937112 0.0627876
0.0365316 0.955158 0.00831004
0.0347337 0.965166 9.9991E-05
0.00417837 0.995722 9.9991E-05
0.104861 0.895039 9.9991E-05
0.0277001 0.9722 9.9991E-05
0.0119362 0.987964 9.9991E-05
0.0137537 0.918863 0.0673832
9.9991E-05 0.973326 0.0265744
0.0102066 0.951684 0.0381097
9.9991E-05 0.700049 0.299851
0.0177698 0.7002 0.282031
0.0108823 0.627762 0.361355
9.9991E-05 0.595661 0.404239
9.999E-05 9.999E-05 0.9998
9.9991E-05 0.343413 0.656487
9.9991E-05 0.330367 0.669533
0.0593272 0.876777 0.063896
0.0832094 0.83036 0.0864308
0.00156384 0.586342 0.412094
0.9998 9.999E-05 9.999E-05
0.00912213 0.648838 0.34204
9.999E-05 9.999E-05 0.9998
0.0139779 0.105137 0.880885
9.9991E-05 0.946067 0.0538325
9.9991E-05 0.955519 0.0443815
9.9991E-05 0.910066 0.0898335
9.9991E-05 0.867905 0.131995
0.0303199 0.94415 0.0255304
0.0758333 0.248672 0.675494
0.0339013 9.9991E-05 0.965999
0.0392183 9.9991E-05 0.960682
0.0588963 9.9991E-05 0.941004
9.9991E-05 0.327225 0.672675
0.0358999 0.616347 0.347753
9.999E-05 9.999E-05 0.9998
9.9991E-05 0.0342688 0.965631
0.0336517 0.27204 0.694308
0.0250412 0.459598 0.515361
9.999E-05 9.999E-05 0.9998
0.00997711 0.00668413 0.983339
0.0164354 0.983465 9.9991E-05
0.097065 0.902835 9.9991E-05
9.999E-05 9.999E-05 0.9998
0.0369161 9.9991E-05 0.962984
9.999E-05 9.999E-05 0.9998
0.0574011 0.729437 0.213162
0.096741 0.757191 0.146068
0.155048 0.732527 0.112425
0.100693 0.794537 0.10477
0.0225057 0.499484 0.47801
0.0296024 0.442902 0.527495
0.0396329 0.493012 0.467355
0.0278334 0.845408 0.126759
0.10029 0.221313 0.678397
0.0359589 0.948366 0.0156747
0.0636422 0.838169 0.0981885
0.0653245 0.934576 9.9991E-05
0.00927864 0.943927 0.046794
0.00322691 0.965318 0.0314552
0.0568775 0.900934 0.0421881
0.0503735 0.949527 9.9991E-05
0.0421376 0.957762 9.9991E-05
0.0250526 0.934272 0.0406754
9.999E-05 0.9998 9.999E-05
0.0853161 0.914584 9.9991E-05
0.0654345 0.934466 9.9991E-05
0.0483651 0.936734 0.0149013
0.0131276 0.951 0.0358719
0.0215229 0.944351 0.0341258
0.0444679 0.930598 0.0249341
0.0531891 0.0553255 0.891485
0.0254671 0.15177 0.822763
9.9991E-05 0.0815291 0.918371
9.9991E-05 0.100548 0.899352
0.058729 0.510091 0.43118
