0.0672557 0.148035 0.733263 0.0462408 0.0049058 9.9973E-05 9.9973E-05 9.9973E-05
9.997E-05 0.173884 0.749037 9.997E-05 0.025668 0.00949645 9.997E-05 0.0416144
0.0689316 0.284337 0.545354 0.012143 9.9973E-05 9.9973E-05 9.9973E-05 0.088935
0.121801 0.158463 0.662889 0.011386 9.9982E-05 0.0302709 0.0149903 9.9982E-05
9.9955E-05 0.0574225 0.886388 9.9955E-05 9.9955E-05 0.0556899 9.9955E-05 9.9955E-05
0.00274989 0.0825954 0.67428 0.0814749 9.9982E-05 0.0475633 0.111136 9.9982E-05
0.0821547 0.170663 0.544858 9.9973E-05 9.9973E-05 0.0287661 0.173258 9.9973E-05
0.15421 0.0720479 0.710131 9.99729E-05 0.0229297 9.99729E-05 9.99729E-05 0.0403817
0.762505 9.9973E-05 9.9973E-05 0.0140617 0.0329517 0.0113089 0.178873 9.9973E-05
9.994E-05 9.994E-05 9.994E-05 0.9993 9.994E-05 9.994E-05 9.994E-05 9.994E-05
9.994E-05 9.994E-05 9.994E-05 0.9993 9.994E-05 9.994E-05 9.994E-05 9.994E-05
9.9955E-05 0.0362964 9.9955E-05 9.9955E-05 0.935973 9.9955E-05 9.9955E-05 0.0272307
0.432522 0.0581841 0.0847459 9.9982E-05 0.22074 0.0892916 9.9982E-05 0.114316
0.575888 9.9964E-05 9.9964E-05 0.0430264 0.272131 9.9964E-05 0.108555 9.9964E-05
0.0244343 9.9964E-05 0.0149864 0.000902568 0.959277 9.9964E-05 9.9964E-05 9.9964E-05
0.0601466 9.9955E-05 9.9955E-05 9.9955E-05 0.938056 0.00129729 9.9955E-05 9.9955E-05
9.9955E-05 9.9955E-05 0.0634528 9.9955E-05 0.846236 9.9955E-05 0.0898117 9.9955E-05
0.0545545 0.230999 0.62786 0.0513302 9.9982E-05 0.0151541 9.9982E-05 0.0199019
9.9955E-05 0.0596226 0.866764 0.0731135 9.9955E-05 9.9955E-05 9.9955E-05 9.9955E-05
9.9964E-05 9.9964E-05 0.908226 0.0622404 0.0217129 9.9964E-05 9.9964E-05 0.00742038
9.9964E-05 9.9964E-05 0.936162 0.0246158 0.035014 9.9964E-05 0.00380859 9.9964E-05
9.9973E-05 0.0527912 0.826978 0.0451508 9.9973E-05 0.0318228 0.0429575 9.9973E-05
9.9973E-05 0.0539771 0.869621 0.00679774 9.9973E-05 0.042557 9.9973E-05 0.0267469
9.9973E-05 0.00819811 0.964847 0.0187194 0.00370465 9.9973E-05 9.9973E-05 0.00423112
0.341194 9.9973E-05 9.9973E-05 9.9973E-05 0.319159 0.224025 0.0355155 0.0798065
0.407527 9.9973E-05 9.9973E-05 9.9973E-05 0.095447 0.0037136 0.35877 0.134243
0.198237 9.9982E-05 0.0437725 0.024954 9.9982E-05 0.211577 0.462919 0.0583415
0.145934 9.9991E-05 0.000846256 0.0797726 0.279458 0.00724422 0.296086 0.19056
9.9946E-05 9.9946E-05 0.19302 9.9946E-05 9.9946E-05 9.9946E-05 9.9946E-05 0.80638
9.9955E-05 9.9955E-05 9.9955E-05 0.00374823 9.9955E-05 0.0119327 9.9955E-05 0.983819
0.0730796 9.9973E-05 9.9973E-05 9.9973E-05 0.0161268 0.108018 0.775729 0.0267465
9.997E-05 0.171477 0.155439 9.997E-05 9.997E-05 0.0393217 0.489791 0.143671
0.0649868 0.116856 0.722272 9.9982E-05 0.00816113 0.0375041 0.0500203 9.9982E-05
9.9973E-05 0.0861554 0.797188 0.0605424 9.9973E-05 0.0197995 9.9973E-05 0.036015
9.9955E-05 9.9955E-05 0.930648 0.0322731 9.9955E-05 9.9955E-05 9.9955E-05 0.0365788
0.0957588 9.9955E-05 0.893861 0.00988067 9.9955E-05 9.9955E-05 9.9955E-05 9.9955E-05
9.9973E-05 0.0242143 0.753589 0.0907848 9.9973E-05 9.9973E-05 0.0219357 0.109177
9.9982E-05 0.0819135 0.824235 0.0464413 0.0356174 0.00338217 9.9982E-05 0.00821099
9.9973E-05 0.309449 0.638996 0.0211939 9.9973E-05 0.023656 9.9973E-05 0.00640483
0.0691133 0.0527233 0.795391 0.0111011 0.032325 0.00801963 9.9991E-05 0.031227
9.9964E-05 0.0771869 0.881534 9.9964E-05 9.9964E-05 0.0278366 9.9964E-05 0.0130428
0.0118937 0.152902 0.680461 9.9964E-05 9.9964E-05 9.9964E-05 9.9964E-05 0.154343
0.574237 9.9955E-05 0.412251 0.0130123 9.9955E-05 9.9955E-05 9.9955E-05 9.9955E-05
0.633187 9.9964E-05 0.356911 0.0029938 9.9964E-05 9.9964E-05 9.9964E-05 0.0065079
0.602488 0.008006 0.315306 9.9964E-05 9.9964E-05 9.9964E-05 9.9964E-05 0.0738002
0.660429 0.0096967 0.329374 9.9955E-05 9.9955E-05 9.9955E-05 9.9955E-05 9.9955E-05
0.0255766 9.9955E-05 9.9955E-05 9.9955E-05 0.864458 0.109466 9.9955E-05 9.9955E-05
0.957755 9.9946E-05 9.9946E-05 9.9946E-05 9.9946E-05 9.9946E-05 0.0416448 9.9946E-05
0.9993 9.994E-05 9.994E-05 9.994E-05 9.994E-05 9.994E-05 9.994E-05 9.994E-05
9.9964E-05 9.9964E-05 0.856655 0.0110035 0.10562 9.9964E-05 9.9964E-05 0.0263213
0.100751 0.025338 0.720204 0.0453288 0.00921235 9.9991E-05 0.0468286 0.0522368
0.611797 0.0185354 0.307374 0.00500001 9.9973E-05 0.0569939 9.9973E-05 9.9973E-05
0.024988 9.9946E-05 9.9946E-05 0.974412 9.9946E-05 9.9946E-05 9.9946E-05 9.9946E-05
9.9973E-05 0.284879 0.052646 9.9973E-05 9.9973E-05 0.001025 0.121927 0.539223
0.212722 9.9964E-05 9.9964E-05 9.9964E-05 0.439774 0.273088 9.9964E-05 0.074016
0.290863 0.011442 9.9973E-05 9.9973E-05 0.455698 9.9973E-05 0.139511 0.102186
9.994E-05 0.9993 9.994E-05 9.994E-05 9.994E-05 9.994E-05 9.994E-05 9.994E-05
9.9955E-05 0.982897 9.9955E-05 9.9955E-05 0.0121698 0.00443382 9.9955E-05 9.9955E-05
9.9982E-05 0.384821 0.484206 9.9982E-05 0.111549 0.00205261 0.00428134 0.0128903
9.9964E-05 0.686999 0.207885 9.9964E-05 0.0677455 0.036971 9.9964E-05 9.9964E-05
9.9964E-05 0.721093 0.208474 0.0189326 9.9964E-05 9.9964E-05 0.0511001 9.9964E-05
0.711809 0.0161491 9.9991E-05 0.0289291 0.0750601 0.00186719 0.130383 0.0357024
9.9955E-05 9.9955E-05 9.9955E-05 9.9955E-05 0.189454 0.0555784 0.754468 9.9955E-05
0.0782048 9.9964E-05 9.9964E-05 0.0483371 0.164618 9.9964E-05 0.70844 9.9964E-05
0.078337 9.9973E-05 9.9973E-05 0.0173071 0.071709 0.223446 0.608901 9.9973E-05
0.0226414 9.9973E-05 0.0199252 9.9973E-05 0.0632214 9.9973E-05 0.373656 0.520256
9.9964E-05 0.117384 0.0878364 9.9964E-05 0.0608028 9.9964E-05 9.9964E-05 0.733577
9.994E-05 9.994E-05 9.994E-05 9.994E-05 9.994E-05 0.9993 9.994E-05 9.994E-05
9.9946E-05 0.0380277 9.9946E-05 9.9946E-05 9.9946E-05 0.961373 9.9946E-05 9.9946E-05
0.0563128 9.997E-05 0.0422818 0.0370606 9.997E-05 0.625909 9.997E-05 0.238136
9.9964E-05 0.0283904 0.109677 9.9964E-05 9.9964E-05 0.290615 9.9964E-05 0.570918
9.9946E-05 9.9946E-05 9.9946E-05 9.9946E-05 0.131906 0.867495 9.9946E-05 9.9946E-05
9.9946E-05 9.9946E-05 9.9946E-05 0.000280015 9.9946E-05 0.99912 9.9946E-05 9.9946E-05
0.0374481 0.183229 0.750209 0.0287138 9.9964E-05 9.9964E-05 9.9964E-05 9.9964E-05
9.9973E-05 0.053002 0.81169 0.079499 9.9973E-05 9.9973E-05 0.00545018 0.0500584
9.9946E-05 9.9946E-05 9.9946E-05 9.9946E-05 0.983492 0.0159083 9.9946E-05 9.9946E-05
9.9982E-05 0.0201493 0.00481806 0.0241812 0.712681 9.9982E-05 0.233381 0.00458915
9.994E-05 9.994E-05 9.994E-05 9.994E-05 0.9993 9.994E-05 9.994E-05 9.994E-05
0.377373 0.0826668 0.466851 0.0267674 9.997E-05 9.997E-05 9.997E-05 0.046042
0.270737 0.260041 0.364509 0.0587182 9.9973E-05 9.9973E-05 9.9973E-05 0.0456944
0.17475 9.9964E-05 0.62206 0.121363 9.9964E-05 9.9964E-05 9.9964E-05 0.0814276
0.184787 0.129322 0.54625 0.0619323 9.997E-05 9.997E-05 9.997E-05 0.077409
0.0404391 9.9946E-05 9.9946E-05 9.9946E-05 9.9946E-05 9.9946E-05 9.9946E-05 0.958961
9.9964E-05 9.9964E-05 9.9964E-05 0.00492514 0.0120372 0.00593992 9.9964E-05 0.976698
9.9946E-05 9.9946E-05 9.9946E-05 0.00647241 9.9946E-05 9.9946E-05 9.9946E-05 0.992928
0.2032 0.783161 9.99639E-05 0.00127719 9.99639E-05 9.99639E-05 9.99639E-05 0.0119628
0.937046 9.9955E-05 9.9955E-05 0.0356023 0.0268519 9.9955E-05 9.9955E-05 9.9955E-05
9.9964E-05 0.0720084 0.859598 0.0121419 0.0558523 9.9964E-05 9.9964E-05 9.9964E-05
0.144832 0.0362386 0.730319 0.0526203 9.997E-05 9.997E-05 0.035691 9.997E-05
9.9964E-05 0.163264 0.763328 0.0522399 0.0207681 9.9964E-05 9.9964E-05 9.9964E-05
0.130537 0.277318 0.556504 0.0107095 9.9982E-05 0.0245412 9.9982E-05 0.000190551
0.0351409 0.26908 0.647411 9.9964E-05 9.9964E-05 9.9964E-05 0.0479679 9.9964E-05
9.998E-05 0.0647115 0.79555 0.0121883 9.998E-05 0.0191916 0.070338 0.0378208
9.9964E-05 0.0427105 0.855047 0.0380242 9.9964E-05 9.9964E-05 0.0638181 9.9964E-05
9.9973E-05 0.0547238 0.889992 0.0348769 0.0120865 0.00802124 9.9973E-05 9.9973E-05
9.9964E-05 0.0861405 0.789636 0.031411 9.9964E-05 9.9964E-05 0.0924127 9.9964E-05
0.0246314 0.0124411 0.933905 9.9973E-05 9.9973E-05 9.9973E-05 0.0180054 0.0107175
0.02879 0.109395 0.805455 0.0552492 9.9973E-05 9.9973E-05 0.000811528 9.9973E-05
0.0214897 0.916598 0.0134987 0.0480136 9.9964E-05 9.9964E-05 9.9964E-05 9.9964E-05
9.9964E-05 0.85185 0.110551 0.0292627 9.9964E-05 0.00793651 9.9964E-05 9.9964E-05
9.9946E-05 0.92825 9.9946E-05 9.9946E-05 9.9946E-05 9.9946E-05 9.9946E-05 0.0711504
0.0235368 0.929178 0.00712828 0.0397567 9.9964E-05 9.9964E-05 9.9964E-05 9.9964E-05
9.9946E-05 0.968338 9.9946E-05 0.0310623 9.9946E-05 9.9946E-05 9.9946E-05 9.9946E-05
9.9946E-05 9.9946E-05 9.9946E-05 0.018246 9.9946E-05 9.9946E-05 0.981154 9.9946E-05
9.9955E-05 0.0501392 9.9955E-05 9.9955E-05 9.9955E-05 9.9955E-05 0.862044 0.0873166
9.994E-05 9.994E-05 9.994E-05 9.994E-05 9.994E-05 9.994E-05 0.9993 9.994E-05
9.9946E-05 9.9946E-05 0.0123415 9.9946E-05 9.9946E-05 9.9946E-05 0.987059 9.9946E-05
9.9982E-05 0.122782 0.0299385 0.0216261 0.101384 9.9982E-05 0.038927 0.685142
