9.9991E-05 0.931349 0.047289 0.0212616
0.0229606 0.976839 9.9982E-05 9.9982E-05
9.999E-05 0.822302 0.028052 0.149546
9.999E-05 0.796694 0.0639766 0.139229
9.9982E-05 0.867939 9.9982E-05 0.131861
0.134397 0.666613 0.10829 0.0906992
0.0682775 0.859548 0.0454388 0.0267353
0.0508631 0.752187 0.160969 0.0359807
9.9982E-05 0.906894 0.0929057 9.9982E-05
9.999E-05 0.734541 0.108525 0.156835
0.0697624 0.779517 0.118139 0.0325816
0.195123 9.9991E-05 0.610296 0.194481
0.264002 9.9991E-05 0.364293 0.371605
0.214367 0.0677667 0.563649 0.154218
0.236221 0.0449514 0.453363 0.265464
0.285285 0.18176 0.216871 0.316084
0.264503 0.0297402 0.274703 0.431054
0.381154 9.9991E-05 0.296206 0.322541
0.259256 0.125889 0.347261 0.267594
0.200809 0.107812 0.689499 0.0018803
0.298795 0.00263534 0.398733 0.299837
0.437107 0.0346138 0.227077 0.301202
0.402523 9.9991E-05 0.229673 0.367703
0.32167 0.0292061 0.375893 0.27323
0.286332 0.0488363 0.191315 0.473517
0.228207 9.9991E-05 0.368481 0.403212
0.149109 0.057316 0.621454 0.172121
0.204347 0.0386426 0.483441 0.27357
0.305648 0.000938974 0.590236 0.103177
9.9982E-05 0.85641 9.9982E-05 0.14339
9.9991E-05 0.823984 0.0120404 0.163876
0.0145474 0.752861 0.0460466 0.186545
0.0589812 0.747706 9.9991E-05 0.193213
0.534991 9.9991E-05 0.155889 0.309019
0.441708 0.0464852 0.159168 0.352639
0.692642 9.9991E-05 0.0172575 0.29
0.193334 0.0857306 0.642373 0.0785618
0.753521 0.0323596 0.0108992 0.203221
0.479032 0.0299857 0.148134 0.342849
0.539606 9.9991E-05 0.014121 0.446173
0.431182 0.0165278 0.174518 0.377773
0.338802 0.0386412 0.248605 0.373952
0.752551 0.0920121 0.144786 0.0106512
0.440508 0.00752559 0.150425 0.401541
0.502887 0.00300049 0.0669933 0.427119
0.415043 0.0528329 0.121852 0.410272
0.81681 9.9991E-05 0.0362017 0.146888
0.554989 9.9991E-05 0.0646542 0.380257
0.406139 0.144486 0.0451894 0.404186
0.785855 0.166494 0.0475518 9.9991E-05
0.438221 9.9991E-05 0.542408 0.0192708
0.566241 0.152108 0.28155 9.9991E-05
0.247926 0.0573137 0.227302 0.467458
0.373504 0.0986804 0.112238 0.415578
0.461611 0.0571485 0.0967655 0.384475
0.343717 0.11305 0.474239 0.0689939
0.364488 9.9991E-05 0.301272 0.33414
0.373569 0.0330164 0.182087 0.411327
0.394013 0.096341 0.309689 0.199957
0.174861 0.284804 0.45601 0.0843255
0.343808 0.0627002 0.219895 0.373597
0.247317 9.9991E-05 0.406399 0.346184
0.323372 0.0663466 0.610181 9.9991E-05
0.306997 9.9991E-05 0.406503 0.2864
0.523777 9.9991E-05 0.0731729 0.40295
0.429267 0.0120689 0.193582 0.365082
0.439272 0.072051 0.354285 0.134392
0.436733 9.9991E-05 0.273024 0.290143
0.303736 0.0268896 0.256101 0.413273
0.43672 0.0404558 0.480584 0.0422406
0.591261 9.9991E-05 0.181507 0.227132
0.59234 9.9991E-05 0.321106 0.086454
0.365325 0.0291597 0.186184 0.419331
0.894933 0.0692188 0.0357486 9.9991E-05
0.880165 0.0256271 0.0941079 9.9991E-05
0.801405 9.9991E-05 0.0691348 0.12936
0.551298 9.9991E-05 0.219303 0.2293
0.356066 0.0552795 0.180469 0.408185
0.57368 9.9991E-05 0.146865 0.279354
0.492015 0.0324588 0.370669 0.104857
0.581773 0.0125216 0.315938 0.0897669
0.456566 9.9991E-05 0.187314 0.35602
0.666515 0.015768 0.203913 0.113804
0.580202 0.0321582 0.146538 0.241103
0.820315 0.0550932 9.9991E-05 0.124492
0.869814 0.0930324 0.0370537 9.9991E-05
0.562429 9.9991E-05 0.0808881 0.356583
9.9991E-05 0.790402 0.0828354 0.126662
9.9982E-05 0.893362 9.9982E-05 0.106438
9.9982E-05 0.837442 9.9982E-05 0.162358
9.9982E-05 0.945582 9.9982E-05 0.0542184
0.0140141 0.888533 9.9991E-05 0.0973525
0.00533586 0.91471 9.9991E-05 0.0798541
0.0105322 0.898859 0.00372737 0.0868813
0.407126 0.0357161 0.232904 0.324254
0.417527 0.0271778 0.199287 0.356009
0.762027 0.0584401 0.179433 9.9991E-05
0.406245 0.039927 0.142825 0.411003
0.562946 9.9991E-05 0.203776 0.233178
0.574867 0.0357264 0.0233448 0.366061
0.582861 0.0570091 0.0333993 0.32673
0.664989 9.9982E-05 9.9982E-05 0.334811
0.612103 0.0411347 0.346662 9.9991E-05
0.410738 0.155922 0.0883571 0.344983
0.483144 9.9991E-05 0.0889299 0.427826
0.487846 0.12064 0.0328794 0.358635
0.795423 0.0830663 9.9991E-05 0.121411
0.722554 0.0156143 9.9991E-05 0.261732
0.47675 9.9991E-05 0.227438 0.295711
0.758347 9.9982E-05 9.9982E-05 0.241453
0.589811 0.00479657 0.158996 0.246397
0.301093 0.0912279 0.232316 0.375363
0.427547 0.0921105 0.34525 0.135092
0.187396 0.0964021 0.423403 0.292799
0.310647 0.0385801 0.208852 0.441921
0.372841 0.0689075 0.172303 0.385949
0.183123 9.9991E-05 0.501361 0.315415
0.263603 9.9991E-05 0.363413 0.372884
0.163808 9.9991E-05 0.540353 0.295739
0.32751 0.0641436 0.270968 0.337379
0.334275 9.9991E-05 0.218134 0.447491
0.409739 9.9991E-05 0.263116 0.327045
0.266079 9.9991E-05 0.456556 0.277265
0.375038 0.00799054 0.183506 0.433465
0.414318 0.101203 0.119484 0.364995
0.273009 9.9991E-05 0.344723 0.382168
0.343067 0.0945507 0.223435 0.338947
0.348515 9.9991E-05 0.26535 0.386036
0.344382 0.0415813 0.368839 0.245197
0.343479 0.0269193 0.205934 0.423669
0.313785 9.9991E-05 0.230872 0.455243
0.272217 0.045792 0.501609 0.180382
0.467962 0.144548 0.340997 0.0464936
0.313152 0.039832 0.352261 0.294755
0.536542 0.0128888 0.407655 0.0429141
0.28953 0.0179564 0.545991 0.146522
0.426166 9.9991E-05 0.383074 0.19066
0.304763 0.0116433 0.556681 0.126912
0.226572 9.9991E-05 0.633036 0.140291
0.384339 0.00465761 0.175107 0.435897
0.29178 0.0756247 0.256502 0.376093
0.319251 0.0045629 0.287374 0.388812
0.427511 0.0404758 0.409595 0.122418
0.479792 0.0857664 0.106246 0.328195
0.550671 0.0245495 0.124998 0.299781
0.576628 0.258872 0.164399 9.9991E-05
0.419387 0.0897423 0.0903984 0.400472
0.561515 0.190213 0.0922601 0.156012
0.422548 0.109278 0.152623 0.315551
0.575522 0.185937 0.188791 0.0497503
0.611826 0.1858 0.202274 9.9991E-05
0.540956 0.0715627 0.200859 0.186623
0.403671 0.0752073 0.158117 0.363005
0.410779 0.139317 0.161403 0.2885
0.583787 0.251171 0.0933433 0.0716991
0.355652 0.0340764 0.230965 0.379307
0.587116 9.9991E-05 0.288687 0.124096
0.583399 9.9991E-05 0.1865 0.230001
0.423865 0.0653278 0.128866 0.381941
0.208906 0.428269 0.0679184 0.294907
0.119899 0.788006 9.9991E-05 0.0919948
0.241032 0.693411 9.9991E-05 0.0654562
0.0390029 0.515065 0.0600146 0.385917
0.65145 0.00127703 9.9991E-05 0.347173
0.392137 0.0127819 0.190421 0.40466
0.0349801 9.9991E-05 0.0634624 0.901458
0.20668 0.00305551 0.115869 0.674395
0.102724 0.0815423 0.165115 0.650618
0.719194 0.0613831 0.0463208 0.173102
0.465132 0.063978 0.171287 0.299603
0.755487 0.149405 0.0611671 0.0339409
0.565003 0.00661596 0.100944 0.327436
0.575305 0.0939112 0.142854 0.187931
0.528758 0.0267768 0.108962 0.335504
0.737603 0.0577617 0.160327 0.044308
0.468247 9.9991E-05 0.0530081 0.478645
0.597475 0.0373451 0.0346913 0.330489
9.9982E-05 0.0816668 9.9982E-05 0.918133
0.0090593 0.0314187 9.9991E-05 0.959422
0.038702 0.0518792 0.15282 0.756599
9.9991E-05 0.0833497 0.0087028 0.907847
9.9991E-05 0.117412 0.0227777 0.859711
9.9982E-05 0.0619221 9.9982E-05 0.937878
9.9982E-05 0.101009 9.9982E-05 0.898791
9.9982E-05 0.0150867 9.9982E-05 0.984713
9.9991E-05 0.0335306 0.00836587 0.958004
9.9982E-05 0.0902826 9.9982E-05 0.909517
9.9982E-05 0.0866991 9.9982E-05 0.913101
9.9991E-05 0.112166 0.0214611 0.866273
9.9982E-05 0.127884 9.9982E-05 0.871916
9.9982E-05 0.0861138 9.9982E-05 0.913686
0.109052 0.0853525 0.187578 0.618018
0.0823926 0.104082 0.0293587 0.784167
9.9982E-05 0.12547 9.9982E-05 0.87433
9.9982E-05 0.126782 9.9982E-05 0.873018
9.9982E-05 0.0760614 9.9982E-05 0.923739
9.9982E-05 0.153665 9.9982E-05 0.846135
9.9982E-05 0.107675 9.9982E-05 0.892125
0.100498 0.0466515 0.036551 0.8163
9.9982E-05 0.136558 9.9982E-05 0.863242
0.465882 0.533918 9.9982E-05 9.9982E-05
0.328132 0.152937 0.210048 0.308883
0.385604 0.207169 0.0359311 0.371296
0.429834 0.35803 0.0418088 0.170328
0.38935 0.132163 0.04638 0.432107
0.463038 0.356621 9.9991E-05 0.180241
0.363758 0.129193 0.130242 0.376806
0.416842 0.210429 0.0214946 0.351235
0.424864 0.197548 9.9991E-05 0.377489
0.453888 0.224025 9.9991E-05 0.321987
0.352626 0.151694 0.146976 0.348703
0.0518823 0.861248 0.0306744 0.0561949
9.9982E-05 0.927704 9.9982E-05 0.0720963
9.9982E-05 0.943156 0.056644 9.9982E-05
9.9991E-05 0.941533 0.0517419 0.00662472
9.9991E-05 0.878632 0.0447754 0.0764926
9.9982E-05 0.939875 9.9982E-05 0.059925
9.9982E-05 0.880857 9.9982E-05 0.118943
0.021828 0.937472 9.9991E-05 0.0406001
0.0144065 0.933167 9.9991E-05 0.0523269
9.9982E-05 0.884398 9.9982E-05 0.115402
0.063836 0.651419 0.283177 0.00156806
9.9982E-05 0.626596 0.373204 9.9982E-05
0.0566403 0.583984 0.359276 9.9991E-05
0.0765184 0.524012 0.39937 9.9991E-05
0.435282 9.9991E-05 0.30899 0.255628
0.61648 0.00336926 0.0816324 0.298519
0.313849 9.9991E-05 0.355634 0.330417
0.343107 9.9991E-05 0.47617 0.180623
0.198893 9.9991E-05 0.740907 0.0601002
0.452475 9.9991E-05 0.108617 0.438808
0.539926 9.9991E-05 0.15434 0.305634
0.52564 0.000859671 0.231244 0.242257
0.766863 9.9991E-05 0.0109482 0.222089
0.385876 0.00745046 0.236366 0.370308
0.545874 9.9991E-05 0.283443 0.170582
0.774322 0.012775 0.212803 9.9991E-05
0.352368 0.0508122 0.242961 0.353858
0.802448 0.0567098 0.0522712 0.0885706
0.530706 9.9991E-05 0.202371 0.266823
0.662849 0.0534518 0.283599 9.9991E-05
0.0472656 0.170011 0.782623 9.9991E-05
9.9982E-05 0.159053 0.840747 9.9982E-05
0.0358144 0.118654 0.845432 9.9991E-05
9.9982E-05 0.137192 0.862608 9.9982E-05
9.9991E-05 0.0659049 0.910759 0.0232362
0.0568811 0.106727 0.80032 0.0360719
9.9991E-05 0.85285 0.004995 0.142055
9.9991E-05 0.821679 0.0569613 0.12126
9.9982E-05 0.752233 9.9982E-05 0.247567
9.9991E-05 0.757812 0.0745982 0.16749
9.9991E-05 0.781225 0.0287233 0.189951
0.00990452 0.426615 0.563381 9.9991E-05
0.0192615 0.530025 0.450613 9.9991E-05
0.053862 0.494724 0.451314 9.9991E-05
9.9991E-05 0.811643 0.055684 0.132573
0.02368 0.42044 0.55578 9.9991E-05
0.204385 0.333467 0.000896741 0.461251
0.222304 0.0671699 0.165552 0.544974
0.102884 0.185062 0.0706468 0.641407
0.22561 0.301241 0.0511453 0.422004
0.18194 0.139457 0.189861 0.488742
0.120442 0.599223 9.9991E-05 0.280234
0.33934 9.9991E-05 0.443274 0.217285
0.439796 0.0135044 0.338874 0.207825
0.160625 0.0701712 0.64198 0.127224
0.470477 9.9991E-05 0.280345 0.249078
0.671762 0.0534772 0.274661 9.9991E-05
0.357357 0.0480622 0.285055 0.309526
0.460574 0.0386676 0.258873 0.241886
0.250836 0.0346826 0.550386 0.164096
0.35435 0.0492646 0.294371 0.302014
0.588046 0.0949085 0.316945 9.9991E-05
0.470557 0.0168699 0.240206 0.272367
0.322551 9.9991E-05 0.346017 0.331332
0.297367 0.109787 0.142591 0.450256
0.401912 9.9991E-05 0.396345 0.201643
0.330726 9.9991E-05 0.381076 0.288099
0.469092 9.9991E-05 0.172324 0.358484
0.493588 9.9991E-05 0.223492 0.282819
0.275659 9.9991E-05 0.299413 0.424829
0.285118 9.9991E-05 0.271098 0.443684
0.366085 0.00640417 0.253605 0.373905
0.00504988 0.777308 9.9991E-05 0.217542
0.0578397 0.821549 9.9991E-05 0.120511
0.0804481 0.770303 0.0858408 0.0634083
0.0530051 0.849311 0.0379926 0.0596911
9.9991E-05 0.821487 0.0173479 0.161065
0.167919 9.9991E-05 0.702961 0.12902
0.426025 0.0228714 0.229522 0.321581
0.297646 0.227273 0.020444 0.454637
0.435856 9.9991E-05 0.153085 0.410959
0.313029 9.9991E-05 0.371402 0.315469
0.406979 9.9991E-05 0.389431 0.20349
0.126798 0.154146 0.718956 9.9991E-05
0.188543 9.9991E-05 0.44655 0.364806
0.217576 0.105543 0.579999 0.0968823
0.479981 0.00520309 0.241162 0.273654
0.142249 0.155443 0.659163 0.0431446
0.307568 0.0627078 0.241193 0.388531
0.160446 0.040455 0.687953 0.111147
0.292179 0.0456541 0.427553 0.234614
0.512694 0.102013 0.131145 0.254148
0.645709 0.11355 0.139307 0.101433
0.467817 0.0883537 0.12094 0.32289
0.50495 0.0795354 0.0515366 0.363978
0.631783 0.0631831 0.184759 0.120275
0.469524 0.0550074 0.16198 0.313489
0.712633 0.0125753 9.9991E-05 0.274692
0.807025 0.0701747 0.122701 9.9991E-05
0.810488 0.107778 0.0634439 0.0182895
0.607495 0.0239034 0.141021 0.227581
0.726792 0.122745 0.150363 9.9991E-05
0.684799 0.0137435 0.140654 0.160804
0.181957 0.0334021 0.702154 0.0824867
0.437628 9.9991E-05 0.406566 0.155706
0.113228 9.9991E-05 0.564994 0.321678
0.259512 9.9991E-05 0.307696 0.432693
0.190884 9.9991E-05 0.6531 0.155916
0.427269 0.0224146 0.150847 0.39947
0.223718 0.000565208 0.368911 0.406806
0.19996 9.9991E-05 0.391602 0.408338
0.200997 9.9991E-05 0.431297 0.367606
0.211503 9.9991E-05 0.467811 0.320586
0.138111 9.9991E-05 0.616464 0.245324
0.186802 9.9991E-05 0.545295 0.267803
0.277787 9.9991E-05 0.326005 0.396109
0.369757 0.0265761 0.215077 0.38859
0.387998 0.0560101 0.337873 0.218119
0.283162 9.9991E-05 0.345141 0.371597
0.084316 0.0439223 0.585075 0.286686
0.313646 9.9991E-05 0.286143 0.400111
0.174289 9.9991E-05 0.392948 0.432663
0.314767 0.057688 0.197743 0.429802
0.178378 0.320781 0.107081 0.39376
0.293718 0.115861 0.0781084 0.512313
0.231926 0.0677665 0.209849 0.490458
0.362598 9.9991E-05 0.1414 0.495901
0.223806 0.168333 0.0857676 0.522093
0.403584 9.9991E-05 0.301855 0.294461
0.282382 0.0652807 0.160708 0.491629
0.481898 0.39224 0.00577634 0.120086
0.25282 0.100864 0.192175 0.45414
0.313251 0.0124198 0.114502 0.559827
0.279707 0.0105536 0.199209 0.51053
0.45307 0.270542 0.0167119 0.259676
0.275553 0.206779 0.0701837 0.447484
0.25774 0.128702 0.0539495 0.559608
0.240876 0.689668 9.9991E-05 0.0693554
0.242915 0.159156 0.0619671 0.535962
0.342548 0.106732 9.9991E-05 0.55062
0.40418 0.113734 0.0804455 0.401641
0.3423 0.208055 9.9991E-05 0.449544
0.356168 0.106478 0.0770475 0.460307
0.659116 0.0466832 0.0390623 0.255138
0.427001 0.0747353 0.166393 0.331871
0.779606 0.0103444 0.209949 9.9991E-05
0.816879 0.0905988 0.092422 9.9991E-05
0.442356 0.102712 0.104092 0.35084
0.322584 0.171507 9.9991E-05 0.50581
0.307663 0.140823 9.9991E-05 0.551414
0.317603 0.291098 0.0328958 0.358403
0.312795 0.243772 9.9991E-05 0.443333
0.70093 0.231734 9.9991E-05 0.0672364
0.690698 0.194389 9.9991E-05 0.114814
0.523037 9.9991E-05 0.0639934 0.41287
0.619534 0.0712862 9.9991E-05 0.30908
0.649636 0.175327 9.9991E-05 0.174937
0.38453 0.00992375 0.17386 0.431686
0.520867 0.0077257 0.00910498 0.462302
0.473604 0.134143 0.0668689 0.325383
0.725551 0.0356743 0.144599 0.0941753
0.619098 0.0299722 0.172489 0.178441
0.58542 0.0755227 0.10179 0.237267
0.559587 0.115997 0.0918565 0.23256
0.45787 0.0615036 0.157417 0.323209
0.723918 9.9991E-05 0.0729066 0.203076
0.828556 9.9991E-05 0.116189 0.0551552
0.620969 0.0412521 9.9991E-05 0.337679
0.443776 0.0988434 0.0540888 0.403292
0.829603 0.0323915 0.085134 0.0528715
0.757985 0.0189126 9.9991E-05 0.223003
0.469502 0.0852304 0.0954948 0.349772
0.6206 0.0345331 0.0862004 0.258666
0.336295 0.157835 0.00905033 0.49682
0.340919 0.0833093 0.16425 0.411522
0.214202 0.166845 0.151602 0.467351
0.266929 0.151999 0.141604 0.439467
0.274347 0.134532 0.185018 0.406104
0.268972 0.177962 0.137933 0.415133
0.548376 0.324536 0.036647 0.0904413
0.264958 0.0894052 0.103239 0.542398
0.331324 0.594731 9.9991E-05 0.0738456
0.487976 0.0476905 9.9991E-05 0.464233
0.937188 0.062612 9.9982E-05 9.9982E-05
0.817061 0.0715239 0.111315 9.9991E-05
0.702477 9.9991E-05 0.00751701 0.289906
0.537172 9.9991E-05 0.0699485 0.39278
0.758411 9.9991E-05 0.0522618 0.189227
0.709433 0.00912475 0.0161159 0.265326
0.670248 9.9991E-05 0.035841 0.293811
0.0135924 0.801503 0.0444021 0.140502
9.9991E-05 0.727208 0.157407 0.115285
9.9982E-05 0.899054 9.9982E-05 0.100746
9.9982E-05 0.920922 9.9982E-05 0.0788779
0.510371 0.0896639 0.0959484 0.304017
0.458198 0.017247 0.179138 0.345417
0.657837 9.9991E-05 0.12724 0.214824
0.487918 0.050406 0.120475 0.341201
0.562408 0.083471 0.0621506 0.29197
0.66749 0.0511734 0.206587 0.0747503
0.595346 9.9991E-05 0.0732383 0.331315
0.873232 9.9982E-05 9.9982E-05 0.126568
0.165038 0.21802 0.142589 0.474352
0.65782 9.9991E-05 0.122401 0.219679
0.573506 9.9991E-05 0.260016 0.166378
0.699149 9.9991E-05 0.0283453 0.272406
0.691117 9.9991E-05 0.125749 0.183034
0.632678 9.9991E-05 0.0291615 0.33806
0.626247 9.9991E-05 0.0258531 0.3478
0.9997 9.998E-05 9.998E-05 9.998E-05
0.758307 0.0544336 0.110524 0.0767354
0.731814 0.0541814 0.0372092 0.176795
0.9997 9.998E-05 9.998E-05 9.998E-05
0.585195 9.9991E-05 0.207977 0.206727
0.871598 0.0468881 0.0814136 9.9991E-05
0.912123 0.0876773 9.9982E-05 9.9982E-05
0.608583 0.0118477 0.0404788 0.339091
0.707054 0.0383117 0.181146 0.073488
0.512423 0.00339697 0.20721 0.27697
0.564377 0.0979364 9.9991E-05 0.337586
0.596645 9.9991E-05 0.149344 0.25391
0.42248 9.9991E-05 0.353252 0.224169
0.533746 9.9991E-05 0.121914 0.34424
0.503352 9.9991E-05 0.237727 0.258821
0.853103 9.9991E-05 0.00428498 0.142512
0.606774 0.035129 0.0577855 0.300311
0.0413821 0.650508 0.30801 9.9991E-05
0.0625428 0.793329 0.106591 0.0375376
9.9982E-05 0.870143 0.129657 9.9982E-05
9.9982E-05 0.854531 0.145269 9.9982E-05
9.9982E-05 0.756633 0.243167 9.9982E-05
0.599572 0.0577552 0.284483 0.05819
0.71912 0.100031 0.180749 9.9991E-05
0.986019 9.9982E-05 9.9982E-05 0.0137808
0.535983 0.071385 0.0412522 0.35138
0.455417 0.0466976 0.0925621 0.405323
0.827301 0.0779163 0.00601334 0.088769
0.614967 9.9991E-05 0.0169325 0.368
0.701356 0.0496874 9.9991E-05 0.248857
0.498807 9.9991E-05 0.143928 0.357165
0.55784 9.9991E-05 0.0876603 0.3544
0.61422 0.00202968 0.25063 0.133121
0.664346 9.9991E-05 0.196818 0.138736
0.622007 9.9991E-05 0.228536 0.149358
0.448615 0.0587072 0.0940684 0.398609
0.737923 9.9991E-05 0.0596069 0.20237
0.666027 9.9991E-05 0.0950101 0.238863
0.253097 0.125612 0.0182122 0.603079
0.15031 0.137974 0.0801838 0.631532
0.146689 0.100644 0.0418412 0.710826
0.14241 0.198962 0.00596172 0.652666
0.233937 0.14396 0.0268169 0.595286
0.637583 0.0505506 0.0106434 0.301223
9.9982E-05 0.336389 9.9982E-05 0.663411
0.169826 0.167145 0.00420544 0.658823
0.394838 0.160783 0.022984 0.421395
0.465098 0.0747198 0.114602 0.34558
0.381844 0.113191 0.232502 0.272462
0.336323 0.0602747 0.186047 0.417355
0.455338 0.0213249 0.142088 0.381248
0.0747909 0.210597 9.9991E-05 0.714512
0.119297 0.112324 0.0950188 0.67336
0.111795 0.0865864 0.0491589 0.75246
0.230602 0.123481 0.0984596 0.547457
0.133981 0.152894 9.9991E-05 0.713025
0.266727 0.177689 9.9991E-05 0.555485
0.115828 0.188009 9.9991E-05 0.696062
0.166969 0.027708 0.130624 0.6747
0.596373 0.0910502 0.0302389 0.282338
0.091378 0.257256 0.106201 0.545166
9.9982E-05 0.267028 9.9982E-05 0.732772
0.188769 0.142158 0.0435774 0.625495
0.308185 0.212575 0.345679 0.133561
0.412814 9.9991E-05 0.192023 0.395063
0.111391 0.114456 0.184826 0.589327
0.417526 0.0221111 0.224248 0.336114
0.435554 0.138887 0.146013 0.279545
0.272329 0.283127 0.0340859 0.410459
0.181316 0.254455 0.1001 0.464129
0.177327 0.128105 0.219799 0.474769
0.154526 0.0677514 0.0994086 0.678314
0.116319 0.164209 0.0318361 0.687636
0.0203683 0.264908 9.9991E-05 0.714624
0.541744 0.00473919 0.0434126 0.410104
0.380687 0.105433 0.247918 0.265962
0.664616 0.281434 0.0156214 0.0383286
0.448677 0.0654511 0.0323051 0.453567
0.2971 0.0871525 0.341005 0.274742
0.399015 0.213951 9.9991E-05 0.386934
0.365215 0.156967 0.135898 0.34192
0.33314 0.523444 9.9991E-05 0.143315
0.39817 0.554496 9.9991E-05 0.0472345
0.482222 0.180488 0.130303 0.206987
0.325225 0.514184 9.9991E-05 0.160491
0.25875 0.599754 9.9991E-05 0.141395
0.488448 0.194264 9.9991E-05 0.317188
0.322329 0.272419 0.0307104 0.374542
0.295347 0.415791 0.0511469 0.237715
0.34022 0.487057 9.9991E-05 0.172623
0.346483 0.153541 0.0611648 0.438812
0.460738 0.367489 9.9991E-05 0.171673
0.310737 0.67701 9.9991E-05 0.0121533
0.330771 0.111867 0.112163 0.445199
0.262528 0.25208 0.0637915 0.4216
0.231652 0.286572 0.0880234 0.393753
0.161668 0.131352 0.0855521 0.621428
0.255066 0.131425 0.155385 0.458124
0.259425 0.173381 9.9991E-05 0.567094
0.212613 0.159204 0.101548 0.526635
0.0511286 0.374182 0.0774624 0.497227
0.109908 0.25265 0.141985 0.495456
0.173283 0.182123 0.0545345 0.59006
0.238968 0.293539 9.9991E-05 0.467393
0.39513 0.193314 0.131912 0.279645
0.248978 0.0750424 0.183458 0.492522
0.435837 0.15969 0.00470674 0.399766
0.483874 0.0873176 0.065882 0.362927
0.135495 0.276028 0.0690545 0.519423
0.311639 0.195727 9.9991E-05 0.492533
0.220049 0.45843 9.9991E-05 0.321421
0.203609 0.135269 0.0986074 0.562514
0.236967 0.387206 9.9991E-05 0.375727
0.00869798 0.834421 0.139071 0.01781
0.0253112 0.0858542 0.853718 0.0351164
9.9982E-05 0.0229509 0.976849 9.9982E-05
9.9982E-05 0.0278097 0.97199 9.9982E-05
9.998E-05 9.998E-05 0.9997 9.998E-05
9.9982E-05 0.0548463 0.944954 9.9982E-05
9.9991E-05 0.0329809 0.953833 0.0130861
9.9982E-05 0.0916053 0.908195 9.9982E-05
9.9982E-05 0.254178 0.745622 9.9982E-05
9.9991E-05 0.907976 0.0222818 0.0696418
9.9991E-05 0.827447 0.110057 0.0623962
9.9982E-05 0.897971 9.9982E-05 0.101829
9.9991E-05 0.844135 0.111049 0.0447157
9.9982E-05 0.909079 9.9982E-05 0.0907208
9.9991E-05 0.913379 0.038323 0.048198
9.9991E-05 0.790754 0.0105576 0.198588
0.00842581 0.898416 9.9991E-05 0.0930585
9.9991E-05 0.69276 0.175916 0.131224
9.9982E-05 0.874599 9.9982E-05 0.125201
9.9982E-05 0.996628 9.9982E-05 0.00317199
0.00553173 0.857059 0.032163 0.105246
9.9982E-05 0.952779 9.9982E-05 0.0470207
9.9982E-05 0.894715 9.9982E-05 0.105085
9.9991E-05 0.873226 0.0047868 0.121887
9.9982E-05 0.819901 9.9982E-05 0.179899
9.9982E-05 0.805969 9.9982E-05 0.193831
9.9982E-05 0.778326 9.9982E-05 0.221474
9.9982E-05 0.807763 9.9982E-05 0.192037
0.417406 0.180415 0.173385 0.228795
0.430378 0.00335859 0.187139 0.379124
0.366548 0.0598517 0.139102 0.434499
0.768446 0.231354 9.9982E-05 9.9982E-05
0.261464 0.116676 0.317408 0.304452
0.673733 0.286518 9.9991E-05 0.0396486
0.506356 0.0350707 0.00721252 0.451361
0.44584 0.0890369 0.257509 0.207614
0.567178 0.0884413 0.088994 0.255387
0.632693 9.9991E-05 0.0574488 0.309758
0.418601 0.09804 0.243363 0.239996
0.507251 0.081797 9.9991E-05 0.410852
0.329318 0.0181757 0.28712 0.365386
0.35576 0.0444368 0.562699 0.0371048
0.662885 0.205072 0.131943 9.9991E-05
0.634083 0.220548 0.101965 0.0434047
0.383535 0.0536476 0.127888 0.43493
0.430535 0.158804 0.129124 0.281537
0.529808 0.165771 9.9991E-05 0.30432
0.41425 0.0883823 0.0948797 0.402488
0.268798 0.140393 0.132828 0.457982
0.216374 0.112598 0.119165 0.551863
0.154714 0.431784 0.167927 0.245574
0.415849 0.0921265 0.165573 0.326452
0.163342 0.165831 0.21546 0.455368
0.230874 0.601516 0.0613772 0.106233
0.311289 0.301028 9.9991E-05 0.387583
0.192043 0.316933 0.140787 0.350236
0.0753305 0.30248 0.243932 0.378257
0.242936 0.035394 0.235618 0.486052
0.224324 0.190182 0.116134 0.46936
0.234635 0.111319 0.157965 0.496081
0.437628 0.132874 0.0587441 0.370754
0.145576 0.475647 0.0277417 0.351035
