0.935618 0.000906497 9.9982E-05 9.9982E-05 0.0632751
0.965546 9.9973E-05 9.9973E-05 0.0341536 9.9973E-05
0.84633 0.0576125 0.0860167 9.9991E-05 0.00994118
0.776545 0.0864489 9.9982E-05 9.9982E-05 0.136807
0.896827 0.0384245 0.0627994 9.9991E-05 0.00184932
0.660874 0.0291026 0.130299 0.0836168 0.0961076
0.848656 9.9991E-05 0.00900735 0.103803 0.0384335
0.724975 0.0373133 9.9991E-05 0.105906 0.131706
0.84503 9.9982E-05 9.9982E-05 0.0550183 0.0997519
0.764617 0.0384113 0.0750231 0.0268836 0.0950654
0.761536 9.9991E-05 0.0532556 0.0780705 0.107038
9.999E-05 0.0886376 0.235834 0.0905274 0.584901
0.00263884 0.179476 0.56582 9.9991E-05 0.251965
0.0194039 0.0917249 0.222077 0.133618 0.533175
0.113417 0.138532 0.337508 0.0341983 0.376345
0.100771 0.117275 0.432704 0.107616 0.241633
0.0618417 0.0748367 0.566431 9.9991E-05 0.296791
9.999E-05 0.0795596 0.542722 0.184387 0.193231
0.10085 0.133027 0.355179 0.0487978 0.362146
0.0314248 0.104464 9.9991E-05 0.169103 0.694908
0.00300076 0.0558855 0.45829 0.137518 0.345306
0.110842 0.105003 0.4809 0.157716 0.145539
0.00929386 0.0654232 0.596101 0.105536 0.223646
9.999E-05 0.101129 0.321401 0.2271 0.35027
0.0592007 0.0797889 0.692739 0.0574645 0.110807
0.0142558 0.152939 0.469113 0.046288 0.317404
9.9991E-05 0.157077 0.169868 0.101194 0.571761
9.9991E-05 0.201669 0.210654 0.103767 0.48381
9.9991E-05 0.0399782 0.251038 0.192475 0.516409
0.862863 0.1062 0.0307378 9.9982E-05 9.9982E-05
0.844111 0.0162249 0.139464 9.9982E-05 9.9982E-05
0.812506 0.0241605 0.163134 9.9982E-05 9.9982E-05
0.758917 0.119297 0.121587 9.9982E-05 9.9982E-05
0.036205 9.9991E-05 0.660494 0.176957 0.126244
0.0290565 0.121711 0.534586 0.136599 0.178047
0.039652 9.9991E-05 0.683596 0.271091 0.00556103
0.0736545 0.0436562 0.226004 0.0345235 0.622162
0.0193593 0.00968938 0.505793 0.440164 0.0249939
0.0673702 0.124495 0.427509 0.148848 0.231777
0.00762061 0.127325 0.684319 0.180635 9.9991E-05
0.145051 9.9991E-05 0.705213 0.0888931 0.0607431
0.111799 9.9991E-05 0.743917 0.00615169 0.138032
9.9982E-05 9.9982E-05 0.339352 0.468522 0.191926
0.0747598 0.0810946 0.662233 0.181813 9.9991E-05
0.0746989 0.130514 0.529973 0.264715 9.9991E-05
0.17529 0.0415737 0.713385 0.0456066 0.0241452
9.9973E-05 9.9973E-05 0.523869 0.475832 9.9973E-05
0.033637 0.0422319 0.748413 0.0931489 0.082569
0.147532 0.00559363 0.68687 0.0939251 0.0660796
0.0869837 9.9982E-05 9.9982E-05 0.822716 0.0901001
9.9991E-05 0.0314196 0.224433 0.255673 0.488374
0.0410771 0.0643659 0.0555978 0.576896 0.262063
0.0514107 0.150313 0.549757 0.0586308 0.189888
0.0560612 0.146854 0.580843 0.0848474 0.131394
0.133578 0.0905962 0.578796 0.139154 0.0578755
0.114933 9.9991E-05 0.187861 0.311728 0.385378
0.0131707 0.0496891 0.643856 0.108096 0.185188
0.0548602 0.157915 0.633187 0.132362 0.0216754
0.108345 9.9991E-05 0.434338 0.173857 0.283361
0.157483 0.124201 0.0348869 0.269729 0.413701
0.11388 9.9991E-05 0.628407 0.133146 0.124468
0.101375 0.0848285 0.444529 0.054025 0.315242
0.0113458 9.9991E-05 0.0887724 0.269888 0.629894
9.9991E-05 0.0862426 0.47286 0.19393 0.246867
0.0297523 0.107239 0.583995 0.155067 0.123948
0.0367673 0.105801 0.618354 9.9991E-05 0.238977
0.0353012 0.0221038 0.395636 0.177079 0.36988
9.9991E-05 0.0277926 0.602531 0.0730336 0.296543
0.0729263 0.0176424 0.654086 9.9991E-05 0.255246
0.036429 9.9991E-05 0.314846 0.176092 0.472533
9.9982E-05 9.9982E-05 0.716075 0.184981 0.098744
9.9982E-05 9.9982E-05 0.431622 0.347897 0.220281
0.00941378 0.112584 0.586853 0.0891054 0.202045
9.9982E-05 9.9982E-05 0.174667 0.779492 0.0456412
9.9982E-05 9.9982E-05 0.219085 0.707603 0.0731122
9.9982E-05 9.9982E-05 0.457983 0.463185 0.0786315
0.0160519 9.9991E-05 0.634622 0.177528 0.171698
0.162361 9.9991E-05 0.563491 0.139143 0.134905
0.0374128 0.0228054 0.639489 0.244078 0.0562146
0.0426337 0.0125766 0.393973 0.255876 0.294941
0.0442833 9.9991E-05 0.410948 0.211353 0.333315
0.15219 0.035672 0.672659 0.0768346 0.0626446
0.0240646 9.9991E-05 0.498918 0.32805 0.148868
0.0486452 9.9991E-05 0.610025 0.254229 0.0870007
9.9973E-05 9.9973E-05 0.589127 0.410573 9.9973E-05
9.9982E-05 9.9982E-05 0.175943 0.746661 0.0771966
0.0553298 9.9991E-05 0.721849 0.181579 0.0411425
0.790472 0.0591094 0.0811958 9.9991E-05 0.0691233
0.902976 9.9973E-05 0.0967239 9.9973E-05 9.9973E-05
0.838529 0.0930838 0.0567678 9.9991E-05 0.0115196
0.936988 0.00869865 0.0541135 9.9982E-05 9.9982E-05
0.904734 9.9973E-05 0.0949663 9.9973E-05 9.9973E-05
0.91148 0.0155552 0.0646088 0.00825605 9.9991E-05
0.914905 9.9973E-05 0.0847949 9.9973E-05 9.9973E-05
0.0705325 0.100112 0.57612 0.136536 0.1167
0.0646784 0.198051 0.493814 0.105347 0.13811
9.9982E-05 9.9982E-05 0.252192 0.507426 0.240182
0.0671842 0.0596914 0.651747 0.0599601 0.161417
0.0191396 0.00830995 0.584608 0.140636 0.247307
0.0735906 0.0187524 0.757649 0.149908 9.9991E-05
0.104922 0.0206446 0.664145 0.210188 9.9991E-05
9.9991E-05 0.0334193 0.601681 0.303684 0.0611158
9.9982E-05 9.9982E-05 0.121257 0.543731 0.334812
0.12796 0.0438555 0.640385 0.0584323 0.129367
0.0494675 0.0686282 0.657149 0.132483 0.0922719
0.160975 0.117922 0.560977 0.0743022 0.0858231
0.0304836 0.00885758 0.435063 0.525496 9.9991E-05
0.0254821 9.9982E-05 0.62489 0.349428 9.9982E-05
9.9982E-05 9.9982E-05 0.650557 0.163236 0.186007
9.9982E-05 0.0856954 0.481545 0.43256 9.9982E-05
0.0407851 9.9991E-05 0.594701 0.210834 0.15358
0.134234 0.0149653 0.680099 0.13519 0.0355118
0.0145227 0.068467 0.207133 0.351168 0.358709
0.144121 0.0369021 0.472445 0.0919634 0.254568
0.0603576 0.0688815 0.629743 0.0127906 0.228227
0.0485101 0.191106 0.506467 0.11966 0.134257
0.0555714 0.0310829 0.50464 9.9991E-05 0.408605
9.9982E-05 0.0836833 0.618326 9.9982E-05 0.297791
9.9991E-05 0.0935621 0.471747 0.0507767 0.383814
0.0831313 0.0504236 0.52819 0.135936 0.202319
0.0127392 0.115417 0.566346 0.0672886 0.238208
0.069031 0.0411898 0.621215 0.0928552 0.175709
0.0490396 0.00748492 0.600258 0.041429 0.301789
0.0360305 0.196019 0.562368 9.9991E-05 0.205483
0.145378 0.0968097 0.626123 0.0837364 0.0479528
9.9991E-05 0.155762 0.522747 0.0652887 0.256102
0.126502 0.0881649 0.581188 0.0559768 0.148169
0.0258396 0.141284 0.471274 0.149018 0.212585
0.105845 0.0398703 0.353712 0.180092 0.320481
9.9991E-05 0.0773205 0.646447 0.0473357 0.228797
0.00699792 0.111266 0.63433 0.122988 0.124418
0.00646835 0.0613012 0.259755 0.153859 0.518616
0.0284395 0.0839371 0.125547 0.417389 0.344687
0.0705157 0.108096 0.482697 0.080024 0.258667
9.9991E-05 0.0819525 0.112519 0.502605 0.302823
0.016969 9.9991E-05 0.381152 0.116048 0.485732
0.00426318 0.0184616 0.481876 0.145216 0.350183
0.0229383 9.9991E-05 0.351027 0.075272 0.550663
9.9991E-05 0.0283736 0.299158 0.0913701 0.580998
0.0802135 0.06319 0.646824 0.114218 0.0955544
0.140564 0.143955 0.527074 9.9991E-05 0.188307
0.0289446 0.0664396 0.596093 0.0869647 0.221558
9.9991E-05 0.0820431 0.165286 0.408319 0.344252
0.181465 9.9991E-05 0.682537 0.0137397 0.122158
0.0749892 0.0890952 0.54781 0.215451 0.0726551
0.148161 0.0215189 0.00615041 0.627242 0.196927
0.141938 0.0108486 0.778147 0.0689669 9.9991E-05
0.121345 0.0107204 0.391229 0.404678 0.0720275
0.135087 0.0808175 0.510336 0.228968 0.0447919
0.1513 0.00134858 0.317157 0.462798 0.0673966
0.115092 9.9991E-05 0.242465 0.377358 0.264985
0.0589232 0.009556 0.508861 0.340638 0.0820216
0.133224 0.0863423 0.542371 0.175364 0.0626993
0.173273 0.0495834 0.491236 0.162461 0.123446
0.0653778 0.209846 0.0443098 0.544438 0.136029
0.0725124 0.113797 0.562029 0.136923 0.114739
9.9982E-05 9.9982E-05 0.524119 0.383898 0.0917828
9.9991E-05 0.0142262 0.528748 0.299367 0.157558
0.138225 0.0291354 0.666811 0.149105 0.0167238
0.361786 0.24924 0.160935 0.227939 9.9991E-05
0.620513 0.168544 9.9982E-05 0.210744 9.9982E-05
0.487791 0.160587 9.9982E-05 0.351423 9.9982E-05
0.380066 0.383352 0.0392177 0.166992 0.0303727
9.9982E-05 0.0223704 0.710306 0.267123 9.9982E-05
0.0391907 0.100036 0.550472 0.108132 0.202169
9.9982E-05 0.706132 0.282778 9.9982E-05 0.0108902
9.9982E-05 0.521781 0.323833 9.9982E-05 0.154186
0.119911 0.352138 0.375004 0.110362 0.0425852
0.025551 0.0558864 0.352643 0.530677 0.0352428
0.0651831 0.120959 0.477271 0.154589 0.181998
0.025118 0.0824996 0.220007 0.635933 0.0364418
0.0411175 0.0161685 0.700045 0.187589 0.0550798
0.0532065 9.9991E-05 0.57429 0.29556 0.0768435
0.021219 0.123787 0.551485 0.229657 0.0738521
0.00257516 0.00793667 0.258383 0.651667 0.0794379
0.072805 0.108832 0.64204 0.0947932 0.0815296
0.112339 0.0542008 0.640777 0.192583 9.9991E-05
9.9982E-05 0.957063 0.0246951 9.9982E-05 0.0180415
9.9982E-05 0.934084 0.0462757 9.9982E-05 0.0194405
0.0114708 0.68597 0.162726 0.00751978 0.132313
9.9982E-05 0.703856 0.231972 9.9982E-05 0.0639718
0.030056 0.797724 0.17202 9.9982E-05 9.9982E-05
9.997E-05 0.9996 9.997E-05 9.997E-05 9.997E-05
0.0413251 0.932621 9.9982E-05 9.9982E-05 0.0258538
9.9973E-05 0.900182 0.0995181 9.9973E-05 9.9973E-05
9.9973E-05 0.940771 9.9973E-05 9.9973E-05 0.0589294
9.997E-05 0.9996 9.997E-05 9.997E-05 9.997E-05
9.997E-05 0.9996 9.997E-05 9.997E-05 9.997E-05
9.9982E-05 0.827092 0.115144 9.9982E-05 0.0575635
0.0480048 0.85902 0.0329238 0.00972199 0.0503297
9.997E-05 0.9996 9.997E-05 9.997E-05 9.997E-05
0.0287121 0.479792 0.240551 0.0859718 0.164973
0.0794636 0.682541 0.193695 9.9991E-05 0.0442001
0.0268181 0.843318 0.103246 9.9991E-05 0.0265176
9.9982E-05 0.900855 0.0688612 9.9982E-05 0.0300839
9.997E-05 0.9996 9.997E-05 9.997E-05 9.997E-05
0.0855562 0.841103 0.0731413 9.9982E-05 9.9982E-05
9.997E-05 0.9996 9.997E-05 9.997E-05 9.997E-05
0.0685553 0.653579 0.277665 9.9982E-05 9.9982E-05
9.9991E-05 0.929673 0.0134078 0.0138649 0.042954
0.405202 0.0271155 9.9982E-05 0.567482 9.9982E-05
0.18219 0.127099 0.385522 0.161676 0.143512
0.255516 0.0820075 0.476164 0.186213 9.9991E-05
0.230027 0.196056 0.0836985 0.452715 0.0375034
0.149279 0.15707 0.439508 0.126951 0.127192
0.310744 0.166844 0.201282 0.32103 9.9991E-05
0.183827 0.174594 0.343112 0.183968 0.1145
0.19048 0.219214 0.288223 0.301982 9.9991E-05
0.174674 0.206302 0.43851 0.151889 0.0286242
0.189645 0.250346 0.317715 0.242194 9.9991E-05
0.169318 0.111733 0.543571 0.0951073 0.08027
0.865127 9.9991E-05 0.0560809 0.0611592 0.0175333
0.937322 0.0373478 9.9991E-05 0.0231929 0.00203687
0.965651 9.9982E-05 9.9982E-05 0.000788811 0.0333598
0.93453 9.9982E-05 0.0256246 9.9982E-05 0.0396453
0.889399 0.0210574 0.0364876 9.9991E-05 0.0529562
0.882282 0.0917662 9.9982E-05 0.0257522 9.9982E-05
0.900125 0.0527619 0.0469131 9.9982E-05 9.9982E-05
0.895255 0.0357064 9.9982E-05 0.0688391 9.9982E-05
0.957425 0.0282626 0.0141127 9.9982E-05 9.9982E-05
0.855585 0.0825776 9.9982E-05 9.9982E-05 0.0616372
0.611138 0.00010459 9.9991E-05 0.151283 0.237374
0.571779 0.0149552 9.9991E-05 0.0333559 0.37981
0.512387 9.9982E-05 9.9982E-05 0.108365 0.379048
0.47319 9.9982E-05 9.9982E-05 0.166998 0.359612
0.0888484 0.0150056 0.580478 0.0530648 0.262603
9.9991E-05 0.0805149 0.57605 0.177499 0.165836
0.0162333 0.0383591 0.656091 0.0623341 0.226982
0.0559945 9.9991E-05 0.464757 0.20917 0.269979
9.9991E-05 0.0429235 0.183238 0.095734 0.678004
0.043989 0.0516592 0.721029 0.147872 0.0354504
9.9991E-05 0.0646802 0.627361 0.193728 0.114131
0.0419332 0.0196221 0.657366 0.190579 0.0905
9.9982E-05 0.0509084 0.452106 0.496785 9.9982E-05
0.00795071 0.0752468 0.656228 0.130049 0.130526
9.9982E-05 9.9982E-05 0.603975 0.208773 0.187053
9.9973E-05 9.9973E-05 9.9973E-05 0.789449 0.210251
0.00757795 0.0518687 0.560993 0.126921 0.252639
9.9991E-05 0.0199054 0.357115 0.598541 0.0243387
0.0387528 9.9991E-05 0.648773 0.287094 0.0252806
9.9982E-05 9.9982E-05 0.270082 0.357058 0.37266
0.161841 9.9991E-05 0.0186958 0.0516704 0.767693
0.101039 9.9991E-05 0.0557898 0.0956991 0.747372
0.0594598 9.9982E-05 9.9982E-05 0.0908782 0.849462
0.0942098 9.9982E-05 9.9982E-05 0.0786834 0.826907
0.0354643 9.9991E-05 0.102775 0.0117912 0.849869
0.0692202 0.0198363 0.0796685 9.9991E-05 0.831175
0.841042 0.0556488 0.0624138 0.0407954 9.9991E-05
0.84479 0.00202925 0.0940252 9.9991E-05 0.0590559
0.744505 0.132137 0.104074 9.9991E-05 0.0191829
0.751373 0.126363 0.0201719 9.9991E-05 0.101992
0.784691 0.0755627 0.0967382 9.9991E-05 0.0429076
0.394789 9.9973E-05 9.9973E-05 9.9973E-05 0.604911
0.448671 9.9982E-05 9.9982E-05 0.106171 0.444958
0.442578 9.9982E-05 9.9982E-05 0.0444849 0.512737
0.839779 0.0646938 0.0731166 9.9991E-05 0.0223102
0.395753 9.9982E-05 9.9982E-05 0.0932407 0.510806
0.254253 0.373967 0.30164 0.0700412 9.9991E-05
0.15771 0.226163 0.59355 9.9991E-05 0.0224769
0.169985 0.345239 0.484576 9.9982E-05 9.9982E-05
0.271154 0.260487 0.359852 0.0802051 0.0283018
0.154399 0.132039 0.576573 9.9991E-05 0.136889
0.505739 0.329832 9.9982E-05 0.164229 9.9982E-05
9.9982E-05 9.9982E-05 0.5315 0.0779989 0.390301
0.0158234 0.0158078 0.417112 0.286645 0.264612
0.0783982 9.9982E-05 0.339334 9.9982E-05 0.582068
0.0200791 0.031331 0.566207 0.18997 0.192413
9.9973E-05 9.9973E-05 9.9973E-05 0.84652 0.15318
0.124141 0.047392 0.60758 0.0953804 0.125507
0.0489437 0.0899323 0.515133 0.183829 0.162163
0.0304936 9.9991E-05 0.448662 0.0990846 0.42166
0.137774 0.0409254 0.487398 0.0100121 0.32389
9.9991E-05 0.025043 0.175725 0.556234 0.242898
0.0109278 0.0527601 0.544985 0.302291 0.089036
0.0132999 0.043529 0.559727 0.0399319 0.343512
0.159246 0.1946 0.453103 0.0849358 0.108115
9.9991E-05 0.0310396 0.412357 0.262761 0.293742
0.022117 0.10188 0.454107 0.159375 0.262521
9.9991E-05 0.119692 0.537583 0.148878 0.193747
0.0117101 0.0229347 0.570278 0.191377 0.2037
9.9991E-05 0.0579357 0.675328 0.108748 0.157889
0.0406372 0.105663 0.63075 0.0351902 0.187759
0.0736187 0.15952 0.379706 0.168017 0.219138
0.795485 0.0899081 0.114407 9.9982E-05 9.9982E-05
0.850722 0.0409232 0.104687 0.00356866 9.9991E-05
0.806429 9.9991E-05 0.0734803 0.0826328 0.0373578
0.81202 0.0271561 0.0302006 0.0439339 0.0866896
0.835304 0.033582 0.130914 9.9982E-05 9.9982E-05
9.9991E-05 0.0761606 0.184002 0.102556 0.637181
9.9991E-05 0.108106 0.562042 0.145051 0.184702
0.244507 0.206625 0.483177 0.0547321 0.0109586
0.0692512 0.0702094 0.637702 0.0306491 0.192189
0.0619672 9.9991E-05 0.667086 0.0356443 0.235202
0.0557313 0.0981423 0.232636 0.27109 0.342401
0.127177 0.0104589 0.0161163 0.194246 0.652002
0.0505101 0.0819438 0.520011 0.0367559 0.310779
0.0664114 0.058513 0.177097 0.118557 0.579422
0.0185516 0.126927 0.473169 0.177631 0.203721
0.125516 0.0598989 0.0708237 0.184357 0.559404
0.045075 0.112198 0.523215 0.0678891 0.251623
0.049768 0.0315324 0.201631 0.0606902 0.656379
0.0370876 0.12769 0.274775 0.232278 0.32817
0.0477269 0.0874845 0.499061 0.158359 0.207368
9.9991E-05 0.107102 0.266882 0.47048 0.155436
0.0400363 0.0374754 0.6484 0.208002 0.0660866
0.138093 9.9991E-05 0.639743 0.164996 0.0570682
0.062175 9.9991E-05 0.393491 0.467701 0.0765326
0.0515238 0.0914862 0.558988 0.198371 0.0996301
0.0265827 0.0242554 0.628644 0.256726 0.0637916
9.9982E-05 9.9982E-05 0.136087 0.689445 0.174268
0.0239329 9.9991E-05 0.32576 0.622236 0.0279705
0.0819646 0.0235156 0.492057 0.308247 0.0942157
0.0187023 9.9991E-05 0.203382 0.717534 0.0602808
0.0137389 9.9991E-05 0.558198 0.270727 0.157236
9.9991E-05 0.053155 0.137405 0.179604 0.629736
9.9991E-05 0.032646 0.312552 0.298521 0.356182
9.9991E-05 0.147072 0.313641 0.115419 0.423767
0.0284903 0.124799 0.606225 9.9991E-05 0.240386
9.9982E-05 9.9982E-05 0.30804 0.201233 0.490527
0.0882867 0.141586 0.44352 0.160165 0.166443
0.0473845 0.0784168 0.592156 0.0201536 0.261889
9.9991E-05 0.116711 0.490688 0.133397 0.259104
9.9991E-05 0.189413 0.423802 0.0516793 0.335006
0.0230042 0.0631453 0.497637 0.0448605 0.371353
9.9991E-05 0.144755 0.205953 0.0995174 0.549675
9.9991E-05 0.138868 0.304321 0.0833352 0.473376
9.9991E-05 0.140199 0.634028 0.0819213 0.143752
0.0961988 0.0665007 0.587317 0.0604313 0.189552
0.0271135 0.0648468 0.43587 0.24035 0.231819
9.9991E-05 0.155237 0.483302 0.0576798 0.303682
0.0950293 0.0373216 0.372343 9.9991E-05 0.495206
9.9982E-05 0.107041 0.662134 9.9982E-05 0.230625
0.016936 0.145912 0.448885 0.0823796 0.305888
0.136271 0.115382 0.537354 0.124729 0.0862641
0.367902 0.176589 0.37091 0.0543731 0.0302254
0.146946 0.302242 0.450845 0.099867 9.9991E-05
0.161874 0.0621338 0.561111 0.14639 0.0684913
0.120223 0.103584 0.646984 0.10052 0.0286899
0.227783 0.222009 0.498207 9.9991E-05 0.0519013
9.9991E-05 0.0161666 0.546365 0.238443 0.198926
0.181692 0.172112 0.558247 0.0476039 0.0403454
0.285411 0.15091 0.0399307 0.523648 9.9991E-05
0.081006 0.244778 0.458096 0.133274 0.0828457
0.113826 0.241207 0.496966 0.105371 0.0426292
0.104069 0.22994 0.50852 0.00289864 0.154574
0.24819 0.0864953 0.388984 0.226208 0.0501224
0.158296 0.254234 0.506658 0.0807121 9.9991E-05
0.133394 0.230347 0.591866 0.0206094 0.0237838
0.487268 0.156003 9.9982E-05 0.356529 9.9982E-05
0.246869 0.173108 0.523042 9.9991E-05 0.0568814
0.170346 0.265341 0.496018 0.033368 0.034927
0.173098 0.164752 0.554138 0.107912 9.9991E-05
0.162752 0.278616 0.476557 0.0552436 0.0268309
0.227156 0.0783397 0.635916 0.0584889 9.9991E-05
0.0849601 0.110316 0.479501 0.281178 0.0440448
0.107511 0.0838785 0.512337 0.185441 0.110833
9.9982E-05 9.9982E-05 0.103716 0.757484 0.1386
0.00154506 9.9991E-05 0.0934487 0.837272 0.0676343
0.113541 0.0817645 0.535241 0.269353 9.9991E-05
0.146852 0.405148 0.362702 0.0558403 0.0294576
0.0861877 0.42005 0.266024 0.227639 9.9991E-05
0.217568 0.383931 0.0784901 0.316186 0.00382438
0.149545 0.360774 0.281284 0.145453 0.0629452
0.0826984 0.160158 0.0661951 0.690849 9.9991E-05
0.101162 0.147353 0.163899 0.587486 9.9991E-05
0.0131158 0.143558 0.554761 0.234404 0.0541613
0.0800183 0.117826 0.538764 0.263291 9.9991E-05
0.121247 0.178696 0.196288 0.503669 9.9991E-05
0.0234474 0.211838 0.437545 0.168008 0.159162
0.0570066 0.167648 0.588807 0.186438 9.9991E-05
0.12351 0.126873 0.481094 0.203038 0.0654843
0.0354431 9.9991E-05 0.453963 0.455918 0.0545757
0.0125457 0.109918 0.388486 0.448605 0.040446
0.0674279 0.0273901 0.478903 0.263384 0.162895
0.0937155 0.0756754 0.343496 0.333252 0.153861
0.0572986 0.187119 0.382225 0.208526 0.164832
9.9982E-05 0.0467898 0.481706 0.471304 9.9982E-05
9.9991E-05 0.0162307 0.294768 0.564258 0.124644
0.0757635 0.016892 0.672515 0.234729 9.9991E-05
0.124809 0.174742 0.531592 0.168756 9.9991E-05
9.9991E-05 0.0257515 0.271643 0.649154 0.0533512
0.0267514 0.0359425 0.511029 0.365141 0.0611356
0.0466874 0.116982 0.581601 0.142843 0.111887
0.0185399 0.095194 0.481971 0.326661 0.0776336
0.148701 0.215947 0.502457 0.132795 9.9991E-05
0.117908 0.216586 0.385283 0.157208 0.123014
0.161685 0.308754 0.32919 0.183863 0.016508
0.185235 0.236937 0.327725 0.109953 0.140151
0.165524 0.296619 0.367741 0.0910446 0.0790712
0.166864 0.251822 0.320892 0.195861 0.0645602
0.204118 0.190973 9.9991E-05 0.579088 0.0257212
0.0775035 0.26721 0.555167 0.0671077 0.0330119
0.402282 0.171413 9.9982E-05 0.426105 9.9982E-05
0.0295365 0.278741 0.508733 0.18289 9.9991E-05
9.9973E-05 9.9973E-05 0.200869 0.798831 9.9973E-05
9.9982E-05 9.9982E-05 0.0622356 0.852235 0.0853295
0.00395733 0.00289819 0.611598 0.381446 9.9991E-05
0.0153651 0.0476823 0.698582 0.23827 9.9991E-05
9.9982E-05 9.9982E-05 0.492575 0.461274 0.0459505
0.0148458 9.9991E-05 0.562025 0.383445 0.0395842
9.9982E-05 0.00098969 0.645061 0.35375 9.9982E-05
0.803808 0.063744 0.0627596 0.028464 0.0412244
0.709376 0.0934859 0.00522492 9.9991E-05 0.191813
0.873508 0.0705552 9.9982E-05 9.9982E-05 0.055737
0.957273 9.9973E-05 0.0424268 9.9973E-05 9.9973E-05
0.0465264 0.104656 0.582903 0.202504 0.0634112
0.0461302 0.126092 0.531643 0.10138 0.194755
9.9991E-05 0.00665294 0.639562 0.165997 0.187687
0.0596366 9.9982E-05 0.730727 0.209436 9.9982E-05
0.0945348 0.0636681 0.55643 0.127164 0.158203
9.9991E-05 0.00353677 0.37285 0.43851 0.185003
0.0039949 0.0978529 0.627436 0.122512 0.148204
0.00469841 9.9982E-05 0.519755 0.475346 9.9982E-05
0.249393 0.227067 0.386394 0.0689341 0.0682118
9.9991E-05 0.10843 0.463744 0.337148 0.0905781
9.9982E-05 9.9982E-05 0.536285 0.195701 0.267813
9.9991E-05 0.0394012 0.702568 0.207466 0.0504647
0.00789151 9.9991E-05 0.61066 0.238976 0.142373
9.9973E-05 9.9973E-05 0.76149 0.23821 9.9973E-05
0.0816885 0.0169096 0.692131 0.0852078 0.124063
9.9973E-05 9.9973E-05 0.312558 0.687142 9.9973E-05
0.00299992 0.0159326 0.347752 0.488744 0.144572
9.9982E-05 9.9982E-05 0.506358 0.412306 0.0811366
9.9973E-05 9.9973E-05 0.0654641 0.934236 9.9973E-05
9.9991E-05 0.0220943 0.562577 0.204119 0.211109
9.9982E-05 9.9982E-05 0.300403 0.6444 0.0549968
9.9982E-05 9.9982E-05 0.0957464 0.888014 0.0160394
0.0423883 0.0699383 0.617682 0.223263 0.0467288
0.0185253 9.9991E-05 0.389362 0.406854 0.185158
0.0300245 0.0556135 0.599114 0.12987 0.185378
0.0880238 0.063056 0.585672 0.24408 0.0191688
9.9982E-05 9.9982E-05 0.624 0.213888 0.161912
9.9991E-05 0.080294 0.364009 0.241636 0.313961
0.00417561 0.0140636 0.601755 0.213951 0.166055
0.00252907 0.105257 0.579845 0.161058 0.151312
9.9982E-05 9.9982E-05 0.523955 0.453301 0.0225435
0.0554697 0.0989957 0.57211 0.113861 0.159563
0.62341 9.9982E-05 9.9982E-05 0.0304323 0.345958
0.762897 0.00896533 0.0323887 0.0317314 0.164017
0.83198 9.9982E-05 9.9982E-05 0.01138 0.15644
0.829537 9.9982E-05 9.9982E-05 0.00529947 0.164964
0.741395 9.9973E-05 9.9973E-05 9.9973E-05 0.258305
0.0205009 9.9991E-05 0.356557 0.327084 0.295758
0.021722 9.9991E-05 0.350937 0.415347 0.211894
9.9973E-05 9.9973E-05 0.369862 0.629838 9.9973E-05
0.1162 0.0330929 0.673173 0.102405 0.0751282
0.11403 0.0541524 0.563428 0.100844 0.167545
0.0558956 9.9991E-05 0.447661 0.444793 0.051551
0.00285562 0.0502137 0.722427 0.224403 9.9991E-05
0.0182973 0.0453573 0.592474 0.320633 0.0232381
0.0376169 9.9991E-05 0.697998 0.200022 0.0642623
0.114045 9.9991E-05 0.73673 0.0599863 0.0891386
9.9982E-05 9.9982E-05 0.438832 0.389442 0.171527
9.9982E-05 9.9982E-05 0.550118 0.300747 0.148935
9.9982E-05 9.9982E-05 0.509678 0.281871 0.208252
0.171231 9.9991E-05 0.669399 0.0837811 0.0754895
9.9982E-05 9.9982E-05 0.630852 0.226336 0.142612
0.0419334 9.9991E-05 0.544581 0.296233 0.117152
0.131834 0.397336 0.445915 0.0248149 9.9991E-05
0.10215 0.516633 0.232864 0.091703 0.0566495
0.152992 0.468737 0.378071 9.9982E-05 9.9982E-05
0.161215 0.515776 0.290344 0.0325638 9.9991E-05
0.14592 0.317714 0.511917 9.9991E-05 0.0243498
0.0866539 0.0195912 0.626923 0.266732 9.9991E-05
0.247749 0.702265 9.9982E-05 0.049786 9.9982E-05
0.182379 0.51657 0.29338 0.00757142 9.9991E-05
0.151335 0.192261 0.448192 0.208112 9.9991E-05
0.167484 0.0106041 0.671045 0.150767 9.9991E-05
0.15125 0.0193603 0.490835 0.190967 0.147588
0.115318 0.0103406 0.666477 0.118574 0.0892908
0.160082 0.0306588 0.685504 0.123655 9.9991E-05
0.188437 0.516126 0.295237 9.9982E-05 9.9982E-05
0.0683019 0.460083 0.374698 0.0217931 0.075124
0.0620593 0.537357 0.400384 9.9982E-05 9.9982E-05
0.124676 0.355349 0.407246 0.015853 0.0968772
0.0771389 0.59989 0.220567 0.102305 9.9991E-05
0.132397 0.428406 0.338354 9.9991E-05 0.100744
0.107833 0.629798 0.171658 0.00630241 0.0844093
0.101776 0.42628 0.393788 0.0346194 0.0435369
0.0268016 0.121109 0.49513 0.356859 9.9991E-05
0.186405 0.422979 0.339715 0.0508019 9.9991E-05
0.162176 0.716558 0.0941598 0.0270059 9.9991E-05
0.0950513 0.405417 0.344167 0.0432724 0.112092
0.206825 9.9991E-05 0.284385 0.248007 0.260683
0.0532115 0.148047 0.556487 0.238197 0.00405752
0.112531 0.37845 0.341226 0.0201757 0.147617
0.156097 0.00665834 0.699344 0.0591042 0.0787971
0.196128 9.9991E-05 0.580451 0.149335 0.0739854
0.221291 0.256421 0.40069 0.0722043 0.0493928
0.206201 0.340113 0.275337 0.162862 0.0154873
0.0790567 0.118778 0.583492 0.0984053 0.120268
0.158643 0.450483 0.322696 9.9991E-05 0.0680783
0.0909194 0.54368 0.311835 0.0490423 0.00452309
0.153342 0.71454 0.0711749 0.0401446 0.0207986
0.132975 0.0759984 0.635943 0.0626611 0.0924224
0.149386 9.9991E-05 0.533196 0.145447 0.171871
0.176993 0.060182 0.207105 0.534425 0.0212947
0.163243 0.0785367 0.658084 0.100036 9.9991E-05
0.128161 0.100898 0.433398 0.143698 0.193845
0.257857 0.197369 0.440389 0.0957563 0.00862862
0.169942 0.121862 0.499644 0.170234 0.0383186
0.333865 0.232189 9.9982E-05 0.433745 9.9982E-05
0.396959 0.161042 9.9982E-05 0.4418 9.9982E-05
0.172526 0.152082 0.256952 0.350029 0.0684108
0.353708 0.242366 9.9982E-05 0.403726 9.9982E-05
0.487495 0.216899 9.9982E-05 0.295406 9.9982E-05
0.102997 0.204199 0.368635 0.324069 9.9991E-05
0.263897 0.173679 0.379217 0.183107 9.9991E-05
0.307586 0.223727 0.136261 0.304586 0.0278396
0.339188 0.180612 0.0694975 0.410603 9.9991E-05
0.126026 0.205834 0.458261 0.209779 9.9991E-05
0.243075 0.160909 0.109941 0.485976 9.9991E-05
0.494025 0.0850549 9.9982E-05 0.42072 9.9982E-05
0.182798 0.234006 0.452048 0.0908302 0.0403179
0.195099 0.327003 0.189998 0.241977 0.0459218
0.331661 0.159963 0.468915 9.9991E-05 0.0393613
0.170836 0.322176 0.506789 9.9982E-05 9.9982E-05
0.230178 0.138822 0.447723 0.159134 0.0241437
0.213009 0.13317 0.562489 0.066751 0.0245805
0.179106 0.300246 0.479488 9.9991E-05 0.0410596
0.387891 0.258278 0.30864 9.9991E-05 0.0450901
0.229167 0.179301 0.528724 9.9991E-05 0.062708
0.252864 0.239501 0.494108 9.9991E-05 0.0134265
0.351991 0.209958 0.296521 0.107878 0.0336523
0.170208 0.193224 0.290127 0.201148 0.145293
0.192339 0.155553 0.482701 0.0332795 0.136127
0.18546 0.218202 0.500383 0.0175937 0.0783608
0.169073 0.0807727 0.644526 0.101508 0.00412091
0.302796 0.232083 0.464921 9.9982E-05 9.9982E-05
0.14825 0.2674 0.419456 0.147479 0.0174153
0.343106 0.266016 0.148965 0.241813 9.9991E-05
0.16247 0.256306 0.421945 0.0195149 0.139765
0.28835 0.406921 0.137084 0.167545 9.9991E-05
0.798514 9.9982E-05 9.9982E-05 0.064954 0.136332
0.111874 9.9982E-05 0.107674 9.9982E-05 0.780252
9.997E-05 9.997E-05 9.997E-05 9.997E-05 0.9996
0.0149609 9.9973E-05 9.9973E-05 9.9973E-05 0.984739
9.9982E-05 0.00576388 0.0141825 9.9982E-05 0.979854
0.00163899 0.0555893 9.9982E-05 9.9982E-05 0.942572
9.9973E-05 9.9973E-05 0.0904273 9.9973E-05 0.909273
0.044447 9.9973E-05 9.9973E-05 9.9973E-05 0.955253
0.210428 9.9973E-05 9.9973E-05 9.9973E-05 0.789272
0.886847 0.0303887 9.9982E-05 9.9982E-05 0.0825646
0.810762 9.9982E-05 0.0639294 9.9982E-05 0.125109
0.910533 0.0294801 0.0443854 0.00445954 0.0111419
0.823045 9.9991E-05 0.0313904 0.0121803 0.133285
0.879391 0.0692833 9.9982E-05 9.9982E-05 0.051126
0.8987 9.9982E-05 9.9982E-05 0.0044664 0.0966336
0.749742 0.155648 9.9982E-05 9.9982E-05 0.0944098
0.894456 0.0539987 0.0267901 0.0246549 9.9991E-05
0.722258 0.0437663 0.0768813 0.00227556 0.154819
0.905191 0.0833147 0.0112947 9.9982E-05 9.9982E-05
0.978445 9.9973E-05 9.9973E-05 9.9973E-05 0.0212555
0.826265 0.0751031 0.000336969 0.0284612 0.069834
0.957372 9.9982E-05 0.0212572 9.9982E-05 0.0211708
0.909318 0.0297218 0.0450976 0.0157631 9.9991E-05
0.895191 0.0292886 0.07532 9.9982E-05 9.9982E-05
0.827764 0.0520937 0.119942 9.9982E-05 9.9982E-05
0.786133 0.17773 0.0359367 9.9982E-05 9.9982E-05
0.786971 0.118474 0.094355 9.9982E-05 9.9982E-05
0.811117 0.0650488 0.123634 9.9982E-05 9.9982E-05
0.186101 0.0687257 0.427916 0.179026 0.138231
0.141018 9.9982E-05 0.721473 0.137309 9.9982E-05
0.161608 0.092341 0.581037 0.15765 0.00736397
0.141292 0.0173494 0.160074 0.681185 9.9991E-05
0.175019 9.9991E-05 0.580809 0.0678339 0.176239
0.213601 0.0676059 0.0919988 0.626694 9.9991E-05
0.151024 0.0214034 0.672603 0.15487 9.9991E-05
0.128671 9.9991E-05 0.491092 0.227485 0.152651
0.138065 9.9991E-05 0.599179 0.191255 0.0714012
0.0423458 9.9991E-05 0.670599 0.214192 0.0727641
0.139263 9.9991E-05 0.505908 0.230795 0.123934
0.133462 9.9982E-05 0.716866 0.149472 9.9982E-05
0.120101 0.0137453 0.600467 0.109183 0.156503
9.9991E-05 0.0775768 0.0355206 0.373705 0.513098
0.115582 9.9982E-05 9.9982E-05 0.798921 0.0852969
0.117315 0.05008 0.167734 0.625331 0.0395397
0.119562 0.0556906 0.69399 0.059452 0.071305
0.111283 0.0487208 0.573253 0.247669 0.0190744
0.205536 9.9982E-05 0.603204 0.19106 9.9982E-05
0.0285764 0.114174 0.686389 0.170761 9.9991E-05
0.250391 0.120115 0.629295 9.9982E-05 9.9982E-05
0.163126 0.210887 0.561458 0.00502051 0.0595086
0.354372 0.208745 0.109257 0.168961 0.158666
0.229523 0.0415871 0.639053 0.0897374 9.9991E-05
0.241061 0.169365 0.413502 0.0809891 0.0950834
0.477119 0.184117 9.9982E-05 0.338564 9.9982E-05
0.285182 0.26593 0.291459 0.15733 9.9991E-05
0.302041 0.221045 0.256454 0.0831135 0.137347
0.347069 0.0757957 0.461552 0.00243678 0.113146
0.104451 0.231718 0.496864 9.9991E-05 0.166866
0.240314 0.165658 0.514155 0.0702715 0.00960154
0.139562 0.139859 0.67366 0.0187547 0.0281642
0.124943 0.21761 0.389674 0.214651 0.0531221
0.466098 0.233127 0.25707 0.00794094 0.0357642
