0.0223333 0.0296044 9.9973E-05 0.0459449 9.9973E-05 9.9973E-05 0.901817
9.9973E-05 9.9973E-05 0.0217778 0.0224525 9.9973E-05 0.0103296 0.94514
0.0411372 0.0252595 9.9991E-05 0.0010577 0.114665 0.00177626 0.816004
0.0837326 0.0936662 9.9973E-05 9.9973E-05 0.0464049 9.9973E-05 0.775896
0.0444701 9.9973E-05 0.0475519 9.9973E-05 0.0575146 9.9973E-05 0.850163
0.0503417 0.083984 9.9991E-05 0.00881022 0.0845497 0.157336 0.614878
0.0027565 0.048433 9.9973E-05 9.9973E-05 9.9973E-05 0.194464 0.754047
0.0600484 0.146717 9.9973E-05 9.9973E-05 9.9973E-05 0.134449 0.658486
9.99729E-05 0.0808432 9.99729E-05 0.0448379 9.99729E-05 0.0425032 0.831516
0.0356495 0.00250538 0.0630125 9.9991E-05 0.103168 0.049168 0.746396
9.9973E-05 0.0999605 9.9973E-05 9.9973E-05 0.0341032 0.151594 0.714042
0.0486508 0.504982 9.9982E-05 0.160487 0.215896 0.0697844 9.9982E-05
0.0249823 0.34906 9.9991E-05 0.0506689 0.54107 0.0145637 0.0195547
0.0896328 0.404737 0.0585621 0.0869375 0.195942 0.159198 0.00499142
0.152794 0.413605 0.01823 0.0787968 0.246569 0.07303 0.0169746
0.138863 0.157102 0.00765293 0.0822694 0.4008 0.119229 0.0940835
0.0259631 0.109715 9.9982E-05 9.9982E-05 0.672546 0.163763 0.027812
0.121494 0.220917 0.0111099 0.176237 0.402365 0.0677773 9.9991E-05
0.0854725 0.289608 9.9991E-05 0.130462 0.32188 0.0936805 0.0787965
0.0564094 0.624223 0.00124057 0.118505 0.016136 0.170946 0.0125402
0.109046 0.342745 0.0491851 0.105443 0.361253 0.0322268 9.9991E-05
0.0697755 0.161087 0.0572438 0.105792 0.43278 0.135696 0.0376257
9.999E-05 0.154641 0.075113 0.153769 0.542046 0.0297137 0.044617
0.067923 0.30111 9.9982E-05 0.169239 0.320264 0.141264 9.9982E-05
0.0295808 0.0449522 9.9991E-05 0.0780115 0.655518 0.104194 0.0876438
0.0773354 0.234506 9.9991E-05 0.017922 0.51824 0.119917 0.0319797
0.135934 0.523753 9.9982E-05 0.16189 0.153878 0.0243461 9.9982E-05
0.185524 0.416806 9.9982E-05 0.184644 0.176516 0.0363103 9.9982E-05
0.00431839 0.419604 0.0736573 0.135432 0.25767 0.102716 0.00660177
0.0318862 9.9964E-05 9.9964E-05 9.9964E-05 0.0975421 9.9964E-05 0.870172
9.9955E-05 9.9955E-05 9.9955E-05 9.9955E-05 0.169262 9.9955E-05 0.830238
0.0423216 0.016947 9.9982E-05 0.00762687 0.152643 9.9982E-05 0.780262
0.0271502 9.9964E-05 9.9964E-05 9.9964E-05 0.18709 9.9964E-05 0.78536
0.00431941 0.0844837 0.0702434 0.221194 0.535199 0.0150494 0.0695105
0.122558 0.11064 0.0621347 0.291882 0.320296 9.9991E-05 0.0923901
0.0815119 0.0049363 9.9982E-05 0.399414 0.490905 9.9982E-05 0.0230326
0.0319514 0.608761 0.0597512 0.0743766 0.168769 9.9991E-05 0.0562907
0.0062538 9.9982E-05 0.139725 0.52325 0.301562 0.0290094 9.9982E-05
9.999E-05 0.154896 0.016317 0.213699 0.532293 0.0107495 0.0719458
0.0347253 9.9982E-05 0.00943615 0.205553 0.675933 0.0741523 9.9982E-05
9.9982E-05 0.10093 9.9982E-05 0.136226 0.557612 0.13901 0.0660215
9.9982E-05 0.0526315 9.9982E-05 0.159328 0.612856 0.0117439 0.16324
0.0103969 0.103122 9.9991E-05 0.716558 0.100695 0.0401866 0.0289412
0.038128 0.0910432 9.9982E-05 0.0234977 0.565081 0.28205 9.9982E-05
0.0916958 9.9973E-05 9.9973E-05 0.290263 0.513845 0.103896 9.9973E-05
0.0333498 0.00568139 0.124332 0.0923844 0.622479 9.9991E-05 0.121674
9.9964E-05 9.9964E-05 0.0709863 0.602325 0.326289 9.9964E-05 9.9964E-05
0.0222818 9.9985E-05 0.0252327 0.295872 0.573033 9.9985E-05 0.0833813
0.0520015 0.0153094 0.0506773 0.251949 0.520445 9.9991E-05 0.109518
9.9973E-05 9.9973E-05 0.053043 0.660885 9.9973E-05 0.234013 0.0517593
9.9982E-05 0.410628 0.044397 0.248887 0.119815 0.176073 9.9982E-05
0.0620654 0.239341 0.0622441 0.257112 9.9982E-05 0.379037 9.9982E-05
0.0861561 0.129457 0.0489852 0.100026 0.529603 0.0435466 0.0622266
0.0788513 0.0593015 0.153638 9.9991E-05 0.606102 0.0502477 0.0517597
0.0774032 0.0323096 0.0703693 0.152436 0.489545 0.123959 0.0539781
9.9991E-05 0.338469 0.0722796 0.186038 0.184445 0.132406 0.0862614
0.0221077 0.224762 0.0887279 0.0982734 0.529148 0.0368807 9.9991E-05
0.121572 0.035953 0.0496925 0.128591 0.580096 0.0355756 0.0485199
0.00984532 0.207195 0.0280939 0.183947 0.341979 0.148474 0.080466
0.0600981 0.372803 9.9991E-05 0.132157 0.0802382 0.182863 0.171741
9.9991E-05 0.0567018 0.0769175 0.160847 0.548879 0.0574473 0.0991077
0.0171538 0.199505 0.132477 0.103962 0.434439 0.0338992 0.0785645
9.9991E-05 0.52031 0.0847812 0.177132 0.054576 0.146961 0.01614
0.0137926 0.281044 0.119907 0.0726071 0.483611 0.0289381 9.9991E-05
9.9991E-05 0.0579622 0.178994 0.041705 0.619862 0.0627565 0.0386197
9.9991E-05 0.174788 0.0468837 0.0300052 0.536904 0.0981511 0.113168
0.101208 0.331102 0.0224403 0.246255 0.213597 0.0609314 0.0244667
0.0963967 0.170765 0.010987 0.208459 0.396783 0.116509 9.9991E-05
9.9991E-05 0.1477 0.0646339 0.117578 0.568719 0.017811 0.0834575
9.9982E-05 0.384656 0.0767741 0.156201 0.217517 0.164653 9.9982E-05
9.9964E-05 0.0177381 9.9964E-05 0.447123 0.534739 9.9964E-05 9.9964E-05
9.9973E-05 0.0918719 9.9973E-05 0.65744 0.232183 9.9973E-05 0.0182056
0.19731 0.0361292 0.0593692 0.289471 0.403589 9.9991E-05 0.0140314
9.9964E-05 9.9964E-05 0.000378184 0.856107 9.9964E-05 0.143115 9.9964E-05
9.9964E-05 9.9964E-05 0.11496 0.805928 9.9964E-05 0.078712 9.9964E-05
9.9973E-05 9.9973E-05 0.0577586 0.7021 0.224322 0.0155193 9.9973E-05
9.9982E-05 0.0580523 9.9982E-05 0.410778 0.461966 0.0226573 0.0463466
0.0659671 9.9982E-05 0.0597491 0.106643 0.612619 9.9982E-05 0.154822
0.0596995 9.9973E-05 9.9973E-05 0.549842 0.358998 9.9973E-05 0.0311603
0.0948938 0.153597 9.9982E-05 0.685615 0.0396461 9.9982E-05 0.0260485
0.0102802 0.209071 9.9982E-05 0.521823 0.226504 9.9982E-05 0.0321221
0.111966 0.229219 0.0399331 0.192211 0.387856 9.9991E-05 0.0387153
9.9973E-05 0.0862837 9.9973E-05 0.584404 0.295341 9.9973E-05 0.0336716
9.9973E-05 0.0220742 9.9973E-05 0.522383 0.375945 9.9973E-05 0.079298
9.9973E-05 9.9973E-05 0.0235103 0.555553 0.36571 0.0549277 9.9973E-05
9.9973E-05 0.0324452 0.120488 0.661091 9.9973E-05 0.185676 9.9973E-05
0.0266964 0.101599 0.0146641 0.200482 0.626538 0.00673144 0.0232891
0.0714874 0.0698912 9.9973E-05 9.9973E-05 0.0758802 9.9973E-05 0.782441
9.9955E-05 9.9955E-05 9.9955E-05 9.9955E-05 0.113279 9.9955E-05 0.886221
0.0571974 0.0183609 9.9973E-05 9.9973E-05 0.0968551 9.9973E-05 0.827287
9.9964E-05 9.9964E-05 9.9964E-05 9.9964E-05 0.0460836 0.0432914 0.910225
9.9982E-05 9.9982E-05 0.00122149 0.01233 0.117297 0.0124615 0.85649
0.0343318 9.9982E-05 9.9982E-05 0.0254782 0.0461292 0.00277273 0.891088
0.0182849 9.9973E-05 9.9973E-05 0.00948849 0.0904972 9.9973E-05 0.881429
0.0156916 9.9982E-05 9.9982E-05 0.190679 0.572895 0.108319 0.112216
0.038991 0.0670069 9.9982E-05 0.285924 0.580095 9.9982E-05 0.027783
9.9973E-05 0.0345541 9.9973E-05 0.910885 0.0444684 9.9973E-05 0.00979243
0.0827111 0.074296 9.9991E-05 0.200402 0.459123 0.0699542 0.113413
9.9973E-05 0.114083 9.9973E-05 0.370217 0.480641 9.9973E-05 0.0347587
9.9964E-05 9.9964E-05 9.9964E-05 0.328454 0.592438 9.9964E-05 0.0787075
0.0268007 9.9991E-05 0.109941 0.250034 0.530067 0.0463517 0.0367061
0.135069 9.9973E-05 9.9973E-05 0.493865 0.355384 0.015382 9.9973E-05
9.9964E-05 0.182781 9.9964E-05 0.773013 9.9964E-05 9.9964E-05 0.043806
0.0573796 0.0836182 0.0188045 0.137775 0.454321 0.145036 0.103066
0.0129579 0.0785015 0.0346001 0.132424 0.654998 0.0864189 9.9991E-05
0.0468294 0.0967716 0.0584867 0.121103 0.507539 0.0255991 0.143671
0.0182312 9.9982E-05 0.0361371 0.572449 0.24029 0.132693 9.9982E-05
0.0233424 9.9982E-05 0.110283 0.412544 0.452014 0.00161618 9.9982E-05
9.9982E-05 0.0989452 9.9982E-05 0.348239 0.465939 0.0616811 0.0249964
0.0742988 9.9964E-05 9.9964E-05 0.704356 0.220945 9.9964E-05 9.9964E-05
0.0144502 0.0562754 9.9982E-05 0.462779 0.402232 9.9982E-05 0.0640637
9.9991E-05 0.0677879 0.0420356 0.1757 0.578845 0.0208019 0.114729
0.0172379 0.191297 0.31038 0.0961472 0.210647 0.162553 0.0117376
0.00278975 0.289402 0.0284497 0.007182 0.399197 0.0951162 0.177863
0.0393997 0.152871 0.102154 0.0926425 0.430677 0.0278309 0.154425
0.0450807 0.0524792 0.100478 0.130353 0.571459 0.0126059 0.0875448
9.9973E-05 0.308536 0.0472148 9.9973E-05 0.565212 9.9973E-05 0.0787365
0.06649 0.22527 0.0319034 0.0357375 0.55056 0.0899388 9.9991E-05
0.0454817 0.389876 0.101729 9.9982E-05 0.436512 9.9982E-05 0.0262012
0.0709874 0.163964 0.039171 0.121891 0.410022 0.112354 0.0816105
0.016671 0.192819 0.0986612 9.9991E-05 0.60687 0.0471859 0.0376926
9.9973E-05 0.265695 9.9973E-05 0.103454 0.594911 9.9973E-05 0.0356411
9.9973E-05 0.387819 0.0281812 9.9973E-05 0.544639 0.0390615 9.9973E-05
0.00146902 0.0162958 0.122679 9.9991E-05 0.728867 0.091306 0.0392832
9.9991E-05 0.0326242 0.159706 0.0157625 0.600898 0.042625 0.148285
9.9982E-05 0.162504 0.0890976 0.0456603 0.652319 9.9982E-05 0.0502193
0.0190099 0.114185 0.00640286 0.0935452 0.569959 0.135104 0.0617943
0.0682701 0.205707 0.139833 0.0407204 0.509507 0.0237828 0.0121797
9.9991E-05 0.250277 0.12147 0.0625605 0.382665 0.127388 0.0555393
0.0556803 0.193719 0.131518 0.0208282 0.588566 0.00958869 9.9991E-05
0.0529831 0.116615 0.177519 9.9982E-05 0.63124 9.9982E-05 0.0214428
0.0704421 0.389643 0.129758 0.175531 0.182989 0.0515359 9.9991E-05
0.0564051 0.294234 0.260055 0.0850643 0.0748711 0.22344 0.00593078
0.0751836 0.266387 9.9982E-05 0.116485 0.475037 0.0667069 9.9982E-05
0.0392987 0.331901 0.341549 0.0744683 0.0345061 0.178176 9.9991E-05
9.9982E-05 0.419529 0.125254 0.140178 0.280685 9.9982E-05 0.0341537
0.000449237 0.280118 0.100162 0.232215 0.339343 0.0476132 9.9991E-05
9.9982E-05 0.455219 0.0233202 0.144084 0.371258 9.9982E-05 0.00591786
9.9982E-05 0.516118 0.0319364 0.104802 0.344278 0.00266608 9.9982E-05
0.0134512 0.126895 0.0520615 0.146693 0.573528 9.9991E-05 0.0872716
0.11092 0.206554 0.0506728 0.0624363 0.526358 9.9991E-05 0.0429591
0.0882386 0.141071 0.167186 0.0343306 0.453983 0.0890999 0.0260914
0.0743375 0.297049 0.136603 0.113694 0.132378 0.245838 9.9991E-05
9.9991E-05 0.0470437 0.0592721 0.087745 0.523589 0.154246 0.128004
9.9982E-05 0.0804736 0.03408 0.0756143 0.53739 0.272242 9.9982E-05
9.9982E-05 0.165614 0.156321 0.13511 9.9982E-05 0.461592 0.0811642
0.00314882 0.0172576 0.120063 0.0448998 0.62133 0.145715 0.0475869
9.9991E-05 0.057509 0.122206 0.1726 0.365729 0.201555 0.0803005
0.056465 0.0615397 0.0939932 0.080926 0.464064 0.242912 9.9991E-05
9.9982E-05 0.106862 9.9982E-05 0.152027 0.18894 0.474802 0.0771688
9.9991E-05 0.130501 0.0985983 0.0653173 0.206812 0.470291 0.0283801
9.9991E-05 0.0568202 0.207814 0.109466 0.444598 0.173981 0.00721981
0.057384 0.0470701 0.0920967 0.0646574 0.517737 0.214675 0.00638008
0.0947165 0.0915926 0.0509639 0.0877389 0.313255 0.257601 0.104133
0.137775 0.0620861 0.0510369 0.342614 9.9991E-05 0.332691 0.073697
0.0342497 0.0247976 0.113146 0.0302621 0.633158 0.11494 0.049447
9.9973E-05 0.107689 9.9973E-05 0.164538 0.368335 0.359138 9.9973E-05
9.9982E-05 0.155563 0.113129 0.113846 0.448665 0.168597 9.9982E-05
0.0611657 0.0534541 0.11102 0.0794787 0.483141 0.0966923 0.115049
0.27164 9.9973E-05 9.9973E-05 9.9973E-05 0.0858433 0.372976 0.269242
0.0907794 9.9964E-05 9.9964E-05 9.9964E-05 9.9964E-05 0.423153 0.485667
0.143302 9.9964E-05 9.9964E-05 9.9964E-05 9.9964E-05 0.473908 0.382391
0.345014 0.00131105 9.9982E-05 9.9982E-05 0.0531046 0.250148 0.350223
9.9982E-05 0.0381953 0.0110743 0.0636902 0.64239 0.24445 9.9982E-05
0.0334205 0.0610262 0.13394 0.0729054 0.471913 0.16138 0.0654155
0.668697 0.0429052 9.9964E-05 9.9964E-05 0.287998 9.9964E-05 9.9964E-05
0.383925 0.101288 9.9982E-05 0.0451811 0.370034 9.9982E-05 0.0993723
0.386341 0.0672236 0.128332 0.0154742 0.333155 9.9991E-05 0.0693747
9.9973E-05 9.9973E-05 0.244839 0.0685858 0.339336 0.346939 9.9973E-05
9.9991E-05 0.029762 0.134066 0.0884766 0.477172 0.175715 0.0947079
9.9982E-05 0.009596 0.235288 0.00779257 0.204542 0.542582 9.9982E-05
9.9982E-05 0.0427582 0.0750571 0.0742631 0.534387 0.273335 9.9982E-05
9.9991E-05 0.0210905 0.169538 0.199766 0.430024 0.154589 0.0248919
9.9973E-05 9.9973E-05 0.097057 0.0470789 0.57789 0.277674 9.9973E-05
9.9973E-05 9.9973E-05 0.146266 0.188464 0.169204 0.495767 9.9973E-05
0.00769479 0.0306062 0.0844791 0.143038 0.625891 0.108191 9.9991E-05
0.0546367 9.9991E-05 0.118761 0.0770448 0.475932 0.262439 0.0110861
0.958517 9.9964E-05 0.0390962 9.9964E-05 0.00198654 9.9964E-05 9.9964E-05
0.946233 0.0494445 9.9964E-05 9.9964E-05 0.00392295 9.9964E-05 9.9964E-05
0.63017 0.00901103 0.0850671 0.0723216 0.179397 9.9991E-05 0.0239336
0.618491 0.032905 9.9964E-05 9.9964E-05 0.348204 9.9964E-05 9.9964E-05
0.759357 9.9973E-05 9.9973E-05 0.00678852 0.209821 9.9973E-05 0.0237342
0.9994 9.995E-05 9.995E-05 9.995E-05 9.995E-05 9.995E-05 9.995E-05
0.952518 0.0209953 9.9964E-05 9.9964E-05 9.9964E-05 9.9964E-05 0.0260863
0.875562 9.9955E-05 9.9955E-05 9.9955E-05 0.123938 9.9955E-05 9.9955E-05
0.984584 0.0131291 9.9964E-05 9.9964E-05 0.00188722 9.9964E-05 9.9964E-05
0.9994 9.995E-05 9.995E-05 9.995E-05 9.995E-05 9.995E-05 9.995E-05
0.9994 9.995E-05 9.995E-05 9.995E-05 9.995E-05 9.995E-05 9.995E-05
0.75466 0.00743892 9.99741E-05 9.99741E-05 0.198437 9.99741E-05 0.0391639
0.805853 0.0525366 9.9991E-05 0.0301607 0.0749861 0.0194261 0.0169371
0.980608 0.00424909 9.9964E-05 0.0147426 9.9964E-05 9.9964E-05 9.9964E-05
0.360809 0.158505 0.0627432 9.9982E-05 0.365195 9.9982E-05 0.0525483
0.63724 0.0485433 0.017525 0.0255188 0.234897 9.9991E-05 0.0361765
0.722088 0.0102088 9.9991E-05 0.0318467 0.16514 0.0469191 0.0236971
0.837879 0.0235368 9.9973E-05 9.9973E-05 0.0945866 9.9973E-05 0.0436978
0.9994 9.995E-05 9.995E-05 9.995E-05 9.995E-05 9.995E-05 9.995E-05
0.918639 0.0274386 9.9964E-05 9.9964E-05 9.9964E-05 9.9964E-05 0.0535223
0.989843 9.9955E-05 9.9955E-05 9.9955E-05 9.9955E-05 9.9955E-05 0.00965748
0.596977 0.00276235 9.9991E-05 0.0849784 0.258149 0.0355332 0.0215006
0.908754 9.9982E-05 0.0402474 9.9982E-05 0.00856433 0.00569073 0.0365433
0.0133823 9.9982E-05 0.0609705 0.0330308 9.9982E-05 0.603193 0.289224
0.0877646 0.0480688 9.9982E-05 9.9982E-05 0.463144 0.272537 0.128286
0.0303782 0.0329091 9.9991E-05 0.143745 0.38863 0.200441 0.203796
0.101927 0.0361067 9.9982E-05 9.9982E-05 0.164353 0.546891 0.150523
0.179684 0.028257 0.0287528 0.0380729 0.375947 0.280751 0.0685347
0.132236 9.9982E-05 9.9982E-05 0.0626037 0.161779 0.454458 0.188723
0.0850132 0.0321684 0.062125 9.9991E-05 0.409384 0.216414 0.194795
0.170258 9.9982E-05 0.0452135 9.9982E-05 0.279719 0.392401 0.11221
0.194905 0.0769332 0.0311342 0.0224112 0.398903 0.179356 0.0963571
0.133672 9.9982E-05 0.0258313 9.9982E-05 0.319204 0.341742 0.179351
0.0396966 0.114127 0.019192 9.9991E-05 0.528938 0.153695 0.144251
9.9991E-05 0.0666414 0.00185206 0.0240548 0.0491966 0.0426643 0.815491
0.0143151 9.9973E-05 0.0353083 9.9973E-05 0.00676154 9.9973E-05 0.943315
9.9973E-05 0.0476894 0.00643747 0.00746889 9.9973E-05 9.9973E-05 0.938104
9.9964E-05 0.0341163 9.9964E-05 9.9964E-05 0.0308078 9.9964E-05 0.934676
0.00482878 0.0676518 9.9982E-05 9.9982E-05 0.0271691 0.0170228 0.883128
0.0663471 9.9973E-05 0.0438266 0.017328 9.9973E-05 9.9973E-05 0.872198
0.0983577 0.00421815 9.9982E-05 0.00743513 0.0118936 9.9982E-05 0.877895
0.00581534 9.9991E-05 0.0353272 0.0468506 0.00923764 0.0141977 0.888472
0.00700367 9.9991E-05 0.0439982 0.00913942 0.0353594 0.0112279 0.893171
0.105267 0.00130982 9.9973E-05 9.9973E-05 9.9973E-05 0.0460019 0.847122
9.9973E-05 0.295227 0.0256866 0.106282 9.9973E-05 9.9973E-05 0.572504
0.0115213 0.326173 0.0616829 0.0354804 9.9982E-05 9.9982E-05 0.564943
9.9973E-05 0.323584 9.9973E-05 0.0385015 9.9973E-05 0.149292 0.488323
9.9982E-05 0.359204 0.0216895 0.123031 9.9982E-05 0.034458 0.461417
9.9991E-05 0.0749989 0.0129917 0.223091 0.552278 0.0507529 0.085787
0.0236427 0.045613 0.0838895 0.335488 0.479939 9.9991E-05 0.0313281
0.0368871 0.171319 0.106511 0.15605 0.529033 9.9982E-05 9.9982E-05
9.9982E-05 0.179986 0.137612 0.199501 0.442608 9.9982E-05 0.0400929
0.0325018 0.587554 0.0531494 0.207764 0.109837 0.00162514 0.00756842
0.0111455 0.0167144 0.0516822 0.20772 0.621468 9.9991E-05 0.0911697
9.9982E-05 0.0607077 9.9982E-05 0.304072 0.58574 0.0462016 0.00307858
0.0133782 0.069065 0.0465551 0.257977 0.476928 0.135996 9.9991E-05
0.0541731 9.9982E-05 0.117181 0.495944 0.312057 0.0204449 9.9982E-05
0.0102012 0.0402518 0.125563 0.0953158 0.631351 0.0476464 0.0496711
9.9964E-05 0.15842 9.9964E-05 0.432719 0.408461 9.9964E-05 9.9964E-05
9.9964E-05 0.0824205 0.230721 0.686459 9.9964E-05 9.9964E-05 9.9964E-05
9.9991E-05 0.185532 0.107282 0.156203 0.426601 0.107937 0.0163442
0.0410572 0.0368743 0.044843 0.555887 0.197168 0.12407 9.9991E-05
0.042727 9.9982E-05 0.119197 0.316659 0.488854 0.0323627 9.9982E-05
9.9973E-05 0.169911 9.9973E-05 0.680961 0.110502 9.9973E-05 0.0383255
0.0162032 0.734801 9.9973E-05 9.9973E-05 9.9973E-05 0.175975 0.0727202
9.9982E-05 0.728493 0.0269388 9.9982E-05 0.0560284 0.115343 0.0729965
9.9982E-05 0.788614 0.0825375 9.9982E-05 0.0133005 0.0967176 0.01863
9.9982E-05 0.827924 0.0475025 0.0259846 9.9982E-05 0.0122505 0.0861381
0.0258812 0.81905 0.0306102 9.9982E-05 9.9982E-05 0.107378 0.0168807
0.00306251 0.741695 0.0338397 9.9991E-05 0.143016 0.00442395 0.0738631
0.027912 9.9982E-05 0.00866084 0.0229382 0.0985753 9.9982E-05 0.841714
9.9973E-05 0.0474812 0.00723386 9.9973E-05 0.119224 9.9973E-05 0.825761
0.0901308 9.9973E-05 9.9973E-05 9.9973E-05 0.154961 0.0148811 0.739727
0.112751 0.110651 9.9973E-05 9.9973E-05 0.0615149 9.9973E-05 0.714783
9.9973E-05 0.0308883 9.9973E-05 9.9973E-05 0.18848 0.0202824 0.76005
9.9964E-05 0.588996 9.9964E-05 9.9964E-05 9.9964E-05 0.0697917 0.340812
9.9973E-05 0.415038 0.0609223 9.9973E-05 9.9973E-05 0.111585 0.412155
9.9973E-05 0.450617 0.117203 0.00166555 9.9973E-05 9.9973E-05 0.430214
0.0143291 0.0288373 9.9973E-05 9.9973E-05 0.161385 9.9973E-05 0.795148
9.9982E-05 0.517294 0.034344 0.0434155 9.9982E-05 0.0334455 0.371301
0.370305 9.9982E-05 0.0239494 9.9982E-05 0.26159 0.134712 0.209242
0.242942 0.182638 9.9982E-05 9.9982E-05 0.419515 0.0665319 0.0881737
0.253245 9.9964E-05 9.9964E-05 9.9964E-05 0.519715 9.9964E-05 0.22664
0.273062 9.9982E-05 9.9982E-05 0.103916 0.24499 0.0771961 0.300636
0.169335 0.0206788 0.036357 0.0272658 0.592094 0.0110208 0.143248
0.294137 9.9973E-05 0.00473018 9.9973E-05 9.9973E-05 0.31551 0.385323
9.9982E-05 0.301246 0.116347 0.0729004 0.448668 0.0606388 9.9982E-05
9.9982E-05 0.19847 0.207909 0.0180037 0.353156 0.222262 9.9982E-05
9.9982E-05 0.483329 0.0947823 9.9982E-05 0.291282 0.00986772 0.120539
0.000422579 0.106704 0.29975 0.0713937 0.458255 0.0633759 9.9991E-05
9.9973E-05 0.119072 0.440452 0.21706 9.9973E-05 0.223116 9.9973E-05
0.0867026 0.157608 0.145133 9.9991E-05 0.508052 0.0297041 0.072701
0.0497954 0.131746 0.157428 0.1647 0.389457 0.0823507 0.0245241
9.9991E-05 0.39517 0.0398237 0.157272 0.333762 0.0588868 0.0149852
0.071765 0.189955 0.171046 9.9991E-05 0.461026 0.0137003 0.0924072
9.9982E-05 0.247949 0.143537 0.189546 0.110331 0.308437 9.9982E-05
0.0763494 0.0998672 0.280485 0.0412154 0.407004 0.0949795 9.9991E-05
0.0802731 0.253945 0.0522392 0.127241 0.486102 9.9982E-05 9.9982E-05
0.197811 0.118918 9.9991E-05 0.0468984 0.377392 0.214424 0.044456
0.0053777 0.30796 0.259765 0.0430543 0.330455 0.0532871 9.9991E-05
0.0842694 0.200002 0.154113 0.158566 0.378693 0.0129411 0.0114158
0.0590745 0.115312 0.15096 0.0807148 0.448529 0.134157 0.0112533
9.9991E-05 0.156614 0.0506598 0.104312 0.504522 0.178865 0.00492771
0.0533882 0.202275 0.0929013 0.0498994 0.586535 9.9991E-05 0.0149012
0.0683213 0.143704 9.9982E-05 0.241041 0.441857 9.9982E-05 0.104876
0.0634416 0.149054 0.0433497 0.0106444 0.537113 0.126984 0.069413
0.0604273 9.9964E-05 9.9964E-05 9.9964E-05 0.168845 9.9964E-05 0.770328
0.0401003 9.9973E-05 9.9973E-05 0.0467653 0.0661746 9.9973E-05 0.84666
0.0104995 0.0989941 9.9991E-05 0.0323627 0.0450845 0.0501775 0.762782
0.0763174 0.0279248 0.0300361 0.0655291 9.9982E-05 9.9982E-05 0.799993
0.012597 9.9964E-05 9.9964E-05 9.9964E-05 0.165391 9.9964E-05 0.821613
0.068267 0.620366 0.0116525 0.0739341 0.175567 0.0435605 0.00665355
0.131646 0.11412 0.184386 0.132031 0.396732 0.000477013 0.0406085
0.15434 9.9991E-05 0.0865222 0.0836841 0.440797 0.0918097 0.142747
9.9991E-05 0.126404 0.096791 0.0580708 0.670919 0.046652 0.00106347
9.9982E-05 0.215404 0.164734 0.0640354 0.5218 9.9982E-05 0.0338272
0.090184 0.351795 0.183336 9.9982E-05 0.254564 0.11992 9.9982E-05
9.9982E-05 0.655787 9.9982E-05 0.146721 0.014831 0.0653134 0.117148
9.9982E-05 0.299485 0.0170605 0.112274 0.547729 9.9982E-05 0.0232516
0.0474725 0.602957 0.189401 0.0282321 0.0997811 9.9991E-05 0.0320565
9.9991E-05 0.160721 0.199669 0.112062 0.417178 0.0659673 0.0443029
9.9982E-05 0.548062 0.173232 0.0389881 0.0965541 9.9982E-05 0.142964
0.082926 0.20509 0.0423227 0.0943521 0.488827 9.9991E-05 0.0863824
0.025133 0.608639 0.105318 0.0330383 0.196163 9.9991E-05 0.0316087
0.113528 0.289401 0.162452 0.00352939 0.278031 0.152958 9.9991E-05
0.0717562 0.117417 0.0209754 0.0862308 0.453955 0.218204 0.0314609
9.9973E-05 0.129433 0.115699 9.9973E-05 0.24831 0.506258 9.9973E-05
9.9973E-05 0.0655657 9.9973E-05 0.10386 0.5349 0.295374 9.9973E-05
9.9991E-05 0.00634868 0.0711123 0.0798563 0.634669 0.0748835 0.133031
9.9982E-05 0.0672717 0.061522 0.0404238 0.323326 0.507256 9.9982E-05
0.0966634 0.118366 0.00278503 0.0856627 0.46008 0.211451 0.0249914
9.9982E-05 9.9982E-05 0.146643 0.0910016 0.464531 0.251993 0.0456319
9.9982E-05 0.0699869 0.113005 0.183563 0.0669865 0.566259 9.9982E-05
9.9973E-05 9.9973E-05 0.0357421 0.112978 0.242425 0.608555 9.9973E-05
9.9982E-05 0.0746356 0.158689 0.0303021 0.47633 0.259844 9.9982E-05
9.9982E-05 0.0709757 0.0621 0.250268 0.123549 0.492907 9.9982E-05
9.9973E-05 0.0966608 9.9973E-05 0.159215 0.417445 0.32638 9.9973E-05
0.06888 0.634018 0.00477692 0.164259 0.0723224 0.0556434 9.9991E-05
9.9982E-05 0.275676 0.351968 0.10773 0.242969 0.021457 9.9982E-05
0.0298507 0.390171 0.139577 0.0130313 0.40329 0.00489815 0.0191818
0.0886861 0.215227 0.00546954 9.9982E-05 0.686008 9.9982E-05 0.00440887
9.9982E-05 0.469627 0.0395098 0.22841 0.194083 0.0681699 9.9982E-05
9.9982E-05 0.103115 0.188247 9.9982E-05 0.547544 0.0991127 0.0617809
0.116884 0.158227 0.100849 0.122335 0.451788 0.0201147 0.0298017
0.0712569 0.284719 0.105593 0.0651738 0.455324 0.0178333 9.9991E-05
0.0973036 0.337904 0.165373 0.00724542 0.391974 9.9982E-05 9.9982E-05
0.0379202 0.302863 0.0596911 0.181924 0.389416 9.9991E-05 0.0280856
0.0960052 0.495187 0.0259876 0.147392 0.235229 9.9982E-05 9.9982E-05
0.0971869 0.402557 0.0734441 0.0394636 0.330654 0.0565945 9.9991E-05
0.0338655 0.255973 0.155454 0.0144634 0.539461 0.000683554 9.9991E-05
0.0465754 0.241043 9.9982E-05 0.110953 0.556509 9.9982E-05 0.0447199
9.9973E-05 0.254728 0.18112 9.9973E-05 0.396818 0.167033 9.9973E-05
0.0815961 0.122909 0.255683 0.0455407 0.487539 0.00663164 9.9991E-05
0.0349527 0.42064 0.0276483 9.9991E-05 0.39431 0.0912738 0.0310752
0.0210953 0.207927 0.0416279 0.11901 0.609803 0.000437483 9.9991E-05
0.0380455 0.230091 0.0664017 0.0419458 0.544053 0.0793635 9.9991E-05
0.027206 0.0677529 0.0769744 0.178218 0.517755 9.9991E-05 0.131994
0.113675 9.9982E-05 9.9982E-05 0.0293949 0.389217 0.108795 0.358718
0.288344 9.9982E-05 0.0527889 9.9982E-05 0.413072 0.201736 0.0438589
0.218857 0.122054 9.9991E-05 0.0802669 0.380711 0.105077 0.0929336
0.0785405 0.0325209 0.104778 0.0669441 0.589384 0.0773373 0.050495
0.200078 9.9982E-05 0.131994 0.042419 0.428553 9.9982E-05 0.196756
9.9982E-05 0.15318 0.258815 0.0225435 0.470663 0.0945995 9.9982E-05
0.072189 9.9982E-05 9.9982E-05 0.0766784 0.583187 0.0303776 0.237368
0.161683 0.00490455 0.0695504 0.118603 0.00639472 0.439212 0.199652
0.167443 0.12843 0.0551913 0.0214538 0.497403 0.06566 0.0644185
0.148749 0.0467316 0.0559463 0.103202 0.515725 0.0135293 0.116116
0.226173 0.0550386 0.187105 9.9982E-05 0.43809 9.9982E-05 0.093393
0.0927756 9.9991E-05 0.0737577 0.133023 0.297678 0.198567 0.204098
0.135546 0.0664706 9.9991E-05 0.0208919 0.515439 0.137716 0.123836
0.197531 9.9982E-05 0.0662259 9.9982E-05 0.462675 0.118875 0.154493
0.166933 9.9982E-05 0.0269179 0.0384792 9.9982E-05 0.334263 0.433207
0.148283 0.0106317 9.9991E-05 0.0159702 0.555396 0.0597125 0.209907
0.225473 0.0379523 0.0689705 9.9991E-05 0.44321 0.0873609 0.136933
0.112067 9.9991E-05 0.10927 0.0153171 0.565696 0.100613 0.0969372
0.164536 0.0392323 9.9982E-05 9.9982E-05 0.493327 0.134056 0.168649
0.141793 0.0869256 0.0644946 9.9991E-05 0.511464 0.0315176 0.163705
9.9982E-05 0.0305635 0.435076 0.0660715 0.403302 9.9982E-05 0.0647871
0.0288003 0.0263517 0.188622 0.0451445 0.562302 0.0522549 0.0965242
9.9964E-05 0.0966315 0.770581 0.132388 9.9964E-05 9.9964E-05 9.9964E-05
9.9973E-05 0.0683171 0.915107 0.00928327 9.9973E-05 9.9973E-05 0.00699302
0.101293 0.0765932 0.280857 0.0730041 0.436577 9.9991E-05 0.0315753
0.34073 0.043719 0.13168 9.9991E-05 0.302925 0.084858 0.0959877
0.381852 9.9982E-05 0.283855 9.9982E-05 0.232227 0.00791952 0.0939453
0.32666 9.9982E-05 0.155181 9.9982E-05 0.130854 0.214986 0.172118
0.244988 9.9982E-05 0.222216 9.9982E-05 0.318958 0.0481266 0.165511
0.0779769 9.9982E-05 0.717688 9.9982E-05 0.0721911 0.0926343 0.0393095
0.132662 9.9973E-05 0.687799 9.9973E-05 0.074133 9.9973E-05 0.105105
0.0801714 9.9973E-05 0.336028 9.9973E-05 0.553315 9.9973E-05 0.0301856
0.0966431 9.9982E-05 0.455998 0.0226178 0.37912 9.9982E-05 0.0454212
0.0724764 9.9973E-05 0.719934 9.9973E-05 0.1298 9.9973E-05 0.0774893
0.146368 0.107929 0.270232 9.9982E-05 0.41315 9.9982E-05 0.0621219
0.15385 9.9991E-05 0.333026 0.00194255 0.484212 0.00905177 0.0178178
0.120013 0.0792787 0.110669 0.109666 0.398599 0.0071509 0.174623
9.9973E-05 0.0173199 0.65852 0.019662 0.304198 9.9973E-05 9.9973E-05
0.0623246 0.060625 0.483191 0.150416 0.243244 9.9982E-05 9.9982E-05
0.00202734 9.9991E-05 0.237175 0.0115076 0.576284 0.0886503 0.0842559
0.00109638 0.0651488 0.381124 0.0420363 0.354312 0.0885207 0.0677619
0.0825605 0.0361354 0.267919 0.00631579 0.396701 0.112012 0.0983564
9.9964E-05 9.9964E-05 0.43236 9.9964E-05 0.431496 0.135744 9.9964E-05
0.0461363 0.0786408 0.717692 9.9973E-05 0.157231 9.9973E-05 9.9973E-05
9.9973E-05 9.9973E-05 0.286728 0.135661 0.547234 9.9973E-05 0.030077
0.123018 0.0591235 0.362176 9.9973E-05 0.455382 9.9973E-05 9.9973E-05
9.9973E-05 0.0268131 0.699738 0.128695 0.144454 9.9973E-05 9.9973E-05
0.0819976 0.0116517 0.467696 0.0610438 0.331493 0.0460183 9.9991E-05
0.0652633 0.104141 0.240539 0.0745764 0.495997 9.9991E-05 0.0193825
0.0399428 0.0687681 0.430131 0.0455065 0.379196 9.9991E-05 0.0363553
0.140686 9.9991E-05 0.0613527 0.110705 0.485485 0.102617 0.0990547
0.210398 0.126338 0.144332 0.104114 0.295616 0.0297422 0.0894595
0.262691 0.0295503 0.0185799 0.11069 0.291671 0.170175 0.116643
0.148531 0.103404 0.109025 9.9991E-05 0.362616 0.108043 0.16828
0.222957 0.11112 0.10674 0.0494752 0.379419 9.9991E-05 0.130188
0.244263 0.0388558 0.172903 9.9991E-05 0.336794 0.0829869 0.124097
0.1144 9.9973E-05 0.655525 9.9973E-05 9.9973E-05 0.0715987 0.158176
0.139869 0.0431646 0.143443 9.9982E-05 0.602713 9.9982E-05 0.0706098
0.0652107 9.9973E-05 0.386957 9.9973E-05 9.9973E-05 0.163774 0.383759
0.187276 9.9982E-05 0.332995 9.9982E-05 0.423177 0.00601725 0.0503354
9.9973E-05 9.9973E-05 0.81663 0.133356 0.0360442 0.0136704 9.9973E-05
9.9955E-05 9.9955E-05 0.899042 0.100458 9.9955E-05 9.9955E-05 9.9955E-05
9.9982E-05 9.9982E-05 0.454935 0.0665603 0.467628 0.0104111 0.000265244
9.9955E-05 9.9955E-05 0.439554 9.9955E-05 0.559946 9.9955E-05 9.9955E-05
9.9964E-05 9.9964E-05 0.642733 0.0157712 0.341096 9.9964E-05 9.9964E-05
9.9973E-05 9.9973E-05 0.451087 0.1117 0.434496 9.9973E-05 0.00241783
0.0279572 9.9973E-05 0.442582 0.114656 0.414505 9.9973E-05 9.9973E-05
0.0378865 9.9982E-05 0.0877718 0.00261694 0.0497296 9.9982E-05 0.821795
0.126164 0.170089 9.9973E-05 0.0374965 9.9973E-05 9.9973E-05 0.66595
0.103479 0.0494539 9.9964E-05 9.9964E-05 9.9964E-05 9.9964E-05 0.846667
9.9964E-05 9.9964E-05 0.0374447 9.9964E-05 0.0453996 9.9964E-05 0.916756
0.0352197 0.0398891 0.0448496 0.392715 0.384754 0.0476568 0.0549155
0.0438094 9.9991E-05 0.0356027 0.32687 0.491842 0.019511 0.0822651
0.00269883 9.9973E-05 9.9973E-05 0.477437 0.508372 9.9973E-05 0.0111928
9.9982E-05 9.9982E-05 0.0247378 0.33719 0.497355 0.0289302 0.111587
0.00550778 0.0256229 9.9991E-05 0.210075 0.544574 0.0908543 0.123266
0.00524378 0.0954979 0.0508914 0.549329 0.171576 0.127362 9.9991E-05
0.0779297 0.0231958 0.068415 0.357098 0.439825 9.9991E-05 0.0334366
9.9982E-05 9.9982E-05 0.0952012 0.53455 0.295619 0.0346785 0.0397513
0.100194 0.0287505 0.0497191 9.9991E-05 0.527724 0.0396 0.253912
0.0963549 0.0612005 0.0441079 0.419617 0.30864 0.0699796 9.9991E-05
9.9964E-05 0.137748 9.9964E-05 0.492397 0.369454 9.9964E-05 9.9964E-05
0.00375363 9.9973E-05 0.155803 0.319512 0.520631 9.9973E-05 9.9973E-05
9.9982E-05 0.0409409 0.075987 0.509176 0.369777 9.9982E-05 0.00391924
0.0380452 9.9973E-05 0.0637236 0.340791 0.55714 9.9973E-05 9.9973E-05
9.9991E-05 0.0367545 0.000175722 0.312732 0.552423 0.028436 0.0693791
9.9973E-05 9.9973E-05 0.0336121 0.937707 0.00634063 0.0220399 9.9973E-05
0.0290446 0.00300636 0.0874365 0.565392 0.174263 0.140757 9.9991E-05
9.9982E-05 0.0629508 9.9982E-05 0.588003 0.264437 0.0249608 0.0594486
9.9964E-05 9.9964E-05 0.0580604 0.875871 9.9964E-05 0.0656684 9.9964E-05
9.9982E-05 0.0844114 0.0863264 0.380254 0.408401 9.9982E-05 0.0404072
9.9973E-05 9.9973E-05 0.0160282 0.648212 0.0725914 0.262868 9.9973E-05
9.9964E-05 9.9964E-05 0.092037 0.699123 9.9964E-05 0.20844 9.9964E-05
0.0106886 9.9982E-05 0.0253863 0.41373 0.49901 9.9982E-05 0.0509845
9.9982E-05 0.0870121 9.9982E-05 0.73262 0.141936 0.00862611 0.0296061
0.0548284 0.0804116 9.9982E-05 0.402849 0.362116 0.0995948 9.9982E-05
0.115576 9.9991E-05 0.110522 0.169198 0.461034 0.0666481 0.0769207
0.0420055 0.132775 9.9973E-05 0.360422 0.464498 9.9973E-05 9.9973E-05
0.0357089 0.226738 0.206947 0.0357687 0.373976 0.120761 9.9991E-05
9.9964E-05 0.13375 9.9964E-05 0.296062 0.569788 9.9964E-05 9.9964E-05
0.0469796 0.120559 9.9982E-05 0.365475 0.43112 9.9982E-05 0.0356667
9.99608E-05 9.99608E-05 9.99608E-05 0.717682 0.281818 9.99608E-05 9.99608E-05
0.0200064 0.00596455 9.9991E-05 0.281477 0.487103 0.0935436 0.111806
9.9982E-05 0.31208 9.9982E-05 0.0198188 0.0263888 0.0782646 0.563248
9.9982E-05 0.130801 9.9982E-05 0.0916516 0.0353855 0.00428305 0.737679
9.9964E-05 0.148154 9.9964E-05 9.9964E-05 9.9964E-05 0.0322729 0.819173
9.9964E-05 0.157614 9.9964E-05 9.9964E-05 9.9964E-05 0.0473487 0.794637
9.9973E-05 0.206697 9.9973E-05 9.9973E-05 0.0484406 0.0448401 0.699723
0.0155915 0.160057 9.9982E-05 0.649393 0.120463 9.9982E-05 0.0542949
9.9982E-05 0.108617 9.9982E-05 0.664621 0.119494 0.0245406 0.0825282
0.00374316 9.9973E-05 9.9973E-05 0.798727 0.124787 0.0724429 9.9973E-05
0.0906208 9.9982E-05 0.120954 0.22149 0.502846 9.9982E-05 0.06389
0.0413644 9.9982E-05 0.129745 0.249702 0.455574 9.9982E-05 0.123415
9.9973E-05 9.9973E-05 9.9973E-05 0.532942 0.301535 0.164959 0.000263804
0.0794116 9.9982E-05 0.0183947 0.382052 0.513843 9.9982E-05 0.00609837
9.9982E-05 9.9982E-05 0.00127676 0.517391 0.409168 0.0279128 0.0440522
0.0680727 0.109456 0.0181564 0.260464 0.493211 0.0301251 0.0205149
9.9982E-05 0.0363731 9.9982E-05 0.184921 0.67056 0.0849973 0.0229487
0.00990991 0.188235 9.9973E-05 0.541634 0.259921 9.9973E-05 9.9973E-05
9.9964E-05 0.0632768 9.9964E-05 0.609394 0.32693 9.9964E-05 9.9964E-05
9.9964E-05 0.149176 9.9964E-05 0.519366 0.331059 9.9964E-05 9.9964E-05
9.9973E-05 0.0337724 9.9973E-05 9.9973E-05 0.595042 0.339453 0.0314328
9.9973E-05 0.0322977 9.9973E-05 0.516301 0.405893 9.9973E-05 0.0452084
0.0868 0.033728 9.9982E-05 0.49779 0.360864 0.0206173 9.9982E-05
0.41392 9.9973E-05 9.9973E-05 0.0323665 0.452412 9.9973E-05 0.101001
0.545482 0.0316522 0.0201843 9.9991E-05 0.187765 0.0892376 0.125579
0.415627 9.9982E-05 0.0240014 9.9982E-05 0.405046 0.0883934 0.0667318
0.504777 9.9982E-05 0.0174239 9.9982E-05 0.267551 0.0954766 0.114572
0.327784 9.9982E-05 0.0601903 9.9982E-05 0.404228 0.074548 0.13305
0.0148101 0.020752 9.9982E-05 0.337263 0.461178 0.165797 9.9982E-05
0.699091 9.9982E-05 0.00961187 9.9982E-05 0.00947322 0.0387149 0.242909
0.44707 9.9982E-05 0.0588016 9.9982E-05 0.260192 0.0196978 0.214039
0.155001 9.9982E-05 0.0463888 9.9982E-05 0.405423 0.246509 0.146478
9.9964E-05 9.9964E-05 9.9964E-05 9.9964E-05 0.524359 0.371492 0.10375
9.9982E-05 0.121463 9.9982E-05 0.0582071 0.424781 0.306149 0.0892007
0.0634297 0.0957169 9.9982E-05 9.9982E-05 0.567152 0.183642 0.0898593
0.0908123 0.0118184 9.9991E-05 0.113009 0.54517 0.171192 0.0678984
0.466171 9.9973E-05 9.9973E-05 9.9973E-05 0.328598 0.0513284 0.153602
0.437143 0.070116 9.9973E-05 9.9973E-05 0.397659 9.9973E-05 0.0947824
0.469905 9.9973E-05 9.9973E-05 9.9973E-05 0.4152 0.00710915 0.107486
0.300304 0.0865679 0.0641596 0.0552171 0.402048 9.9991E-05 0.0916037
0.571094 9.9982E-05 0.104742 9.9982E-05 0.243004 0.0137844 0.0671764
0.423028 0.030507 0.0512764 0.0471637 0.348412 9.9991E-05 0.099513
0.609337 9.9982E-05 0.116173 9.9982E-05 0.145064 0.0231951 0.10603
0.388458 0.0955444 0.0608251 0.000563137 0.378229 0.0401918 0.0361887
9.9973E-05 9.9973E-05 9.9973E-05 0.0908184 0.502928 0.382428 0.0235251
0.333221 0.0418871 9.9982E-05 9.9982E-05 0.375817 0.0963819 0.152494
0.617499 9.9982E-05 9.9982E-05 0.0128852 0.178427 0.0150225 0.175967
0.325723 0.161466 0.0188589 9.9991E-05 0.360185 0.0746081 0.0590597
9.9982E-05 0.277368 9.9982E-05 0.00552958 0.225166 0.390352 0.101385
0.0727362 0.0359685 0.00456818 0.0985605 0.561563 0.226503 9.9991E-05
0.327332 0.19428 0.0651157 9.9991E-05 0.285594 0.043377 0.084202
9.9982E-05 0.0810242 0.0366191 9.9982E-05 0.620445 0.160537 0.101175
9.9982E-05 0.100787 9.9982E-05 0.019191 0.510993 0.254689 0.11414
0.201293 9.9991E-05 0.067249 0.0699233 0.37467 0.0506219 0.236142
0.32166 9.9982E-05 0.199058 0.0366338 0.273853 9.9982E-05 0.168596
0.113996 0.0705714 0.0953447 0.116989 0.501264 0.101735 9.9991E-05
0.336138 9.9991E-05 0.0420528 0.0907683 0.373694 0.0258985 0.131349
0.435969 9.9973E-05 0.083727 9.9973E-05 0.314658 9.9973E-05 0.165346
0.633493 9.9982E-05 0.00209169 9.9982E-05 0.125683 0.0780261 0.160506
0.0948351 0.0945765 0.0724953 9.9991E-05 0.525374 0.127596 0.085023
9.9982E-05 0.0864517 9.9982E-05 0.15486 0.437886 0.240271 0.080332
0.00514688 0.0249667 0.0653172 0.00112585 0.209359 0.651603 0.0424813
0.0830178 0.0934552 9.9991E-05 0.0228141 0.602244 0.10675 0.0916186
0.03878 0.236878 9.9991E-05 0.143985 0.389134 0.144221 0.0469014
0.165608 9.9991E-05 0.0263736 0.132702 0.39298 0.0627971 0.219439
0.157936 0.125099 0.0118948 0.133545 0.344183 0.18171 0.0456323
0.195641 9.9964E-05 9.9964E-05 9.9964E-05 9.9964E-05 0.589771 0.214188
0.0889505 9.9964E-05 9.9964E-05 9.9964E-05 9.9964E-05 0.67263 0.23802
0.0439676 0.0159508 0.103515 9.9991E-05 0.321313 0.354849 0.160304
0.196987 0.0104413 0.0342427 9.9982E-05 9.9982E-05 0.461011 0.297118
0.191499 9.9964E-05 9.9964E-05 9.9964E-05 9.9964E-05 0.43522 0.372882
0.0897867 0.0146407 0.0917 0.0658673 0.379508 0.273432 0.0850653
0.133255 9.9982E-05 9.9982E-05 0.0103211 0.407302 0.289712 0.15921
0.195525 0.00341843 0.044717 0.0344344 0.132739 0.369634 0.219532
0.146546 9.9973E-05 9.9973E-05 9.9973E-05 0.0797213 0.553609 0.219823
0.211228 0.0875872 0.0772937 0.0015255 0.404764 0.167067 0.0505334
0.135462 9.9991E-05 0.0369599 0.0197369 0.168715 0.440138 0.198888
0.0298157 9.9964E-05 9.9964E-05 9.9964E-05 9.9964E-05 0.639492 0.330292
0.147783 0.103177 0.0690685 9.9991E-05 0.415217 0.0702171 0.194437
0.222087 0.0111958 0.0241171 0.0330427 0.339245 0.221149 0.149164
0.147455 0.0469363 9.9982E-05 0.0601279 0.458772 9.9982E-05 0.286509
0.262736 9.9973E-05 9.9973E-05 9.9973E-05 0.54923 0.0427116 0.145022
0.181052 0.135302 0.0660645 9.9991E-05 0.461505 0.0642259 0.0917501
0.174004 9.9982E-05 9.9982E-05 0.0926532 0.54151 0.0601529 0.13148
0.250955 9.9991E-05 0.0882368 0.00222931 0.449579 0.0514761 0.157424
0.185432 9.9973E-05 9.9973E-05 9.9973E-05 0.394016 0.0850894 0.335163
0.106467 0.0150308 0.0259461 0.0926591 0.533457 0.0141989 0.21224
0.287469 0.0272684 9.9991E-05 0.0122184 0.465721 0.00291039 0.204312
0.229568 9.9982E-05 9.9982E-05 0.0959161 0.30627 0.144694 0.223352
0.145481 0.12105 9.9991E-05 0.321737 0.199237 0.0667201 0.145674
0.0105856 0.149892 0.0124852 9.9991E-05 0.690956 0.00905647 0.126925
0.228725 0.00496457 0.0461788 0.0358717 0.446358 0.127939 0.109963
0.10325 0.0503835 9.9991E-05 0.131697 0.472396 0.0892582 0.152915
0.291388 0.0480109 9.9982E-05 9.9982E-05 0.301072 0.135662 0.223667
0.156316 9.9991E-05 0.0435807 0.021829 0.462888 0.112526 0.20276
0.18579 9.9991E-05 0.0393782 0.0390995 0.170087 0.24801 0.317535
0.129384 0.0437993 0.0836585 9.9982E-05 0.523109 9.9982E-05 0.219849
0.341714 9.9991E-05 0.03093 0.00112193 0.210959 0.195597 0.219578
0.0162462 0.121524 0.0331765 0.0249645 9.9991E-05 0.0172849 0.786704
9.9973E-05 0.815277 9.9973E-05 0.00964622 0.102607 9.9973E-05 0.07217
9.995E-05 0.9994 9.995E-05 9.995E-05 9.995E-05 9.995E-05 9.995E-05
9.9955E-05 0.988733 9.9955E-05 9.9955E-05 9.9955E-05 9.9955E-05 0.0107676
0.0284689 0.953383 9.9964E-05 9.9964E-05 0.017748 9.9964E-05 9.9964E-05
9.9955E-05 0.911655 9.9955E-05 9.9955E-05 0.0878454 9.9955E-05 9.9955E-05
9.9955E-05 0.926804 9.9955E-05 9.9955E-05 0.0726962 9.9955E-05 9.9955E-05
9.9955E-05 0.945143 9.9955E-05 9.9955E-05 9.9955E-05 9.9955E-05 0.0543574
9.9964E-05 0.808835 9.9964E-05 9.9964E-05 0.0235211 9.9964E-05 0.167245
9.9973E-05 0.0549306 9.9973E-05 9.9973E-05 0.0329277 0.0168043 0.895037
9.9964E-05 0.0849336 9.9964E-05 9.9964E-05 0.093814 9.9964E-05 0.820852
0.027216 9.9991E-05 0.024807 0.0238223 0.0328923 0.00191041 0.889252
9.9982E-05 0.121911 0.023959 9.9982E-05 0.0505565 0.0122989 0.791074
0.0460699 0.0351544 9.9982E-05 0.0225254 9.9982E-05 0.0311726 0.864878
0.0168045 0.0721289 0.0424547 9.9973E-05 9.9973E-05 9.9973E-05 0.868312
0.172664 0.0178269 9.9991E-05 0.0525513 0.0169739 0.0138408 0.726043
0.0765358 9.9964E-05 0.0781212 9.9964E-05 9.9964E-05 9.9964E-05 0.844943
0.0997801 0.134188 9.9982E-05 0.037522 0.0374673 9.9982E-05 0.690842
0.0958016 0.0175801 9.9973E-05 9.9973E-05 0.0280431 9.9973E-05 0.858275
9.9964E-05 0.0359735 9.9964E-05 0.0373076 9.9964E-05 9.9964E-05 0.926319
0.0790874 0.03378 9.9982E-05 0.0595943 9.9982E-05 0.0165621 0.810776
9.9973E-05 0.0307837 9.9973E-05 9.9973E-05 0.0080137 0.0342208 0.926682
0.0157648 9.9973E-05 9.9973E-05 9.9973E-05 0.07287 0.0504343 0.860631
0.075176 0.0311521 9.9982E-05 0.0161424 0.0394594 9.9982E-05 0.83787
0.0348755 9.9964E-05 9.9964E-05 9.9964E-05 0.161016 9.9964E-05 0.803708
0.152087 9.9964E-05 9.9964E-05 9.9964E-05 0.0867319 9.9964E-05 0.760781
0.0929359 9.9964E-05 9.9964E-05 9.9964E-05 0.144071 9.9964E-05 0.762594
0.112427 9.9973E-05 9.9973E-05 0.0114936 0.10497 9.9973E-05 0.77081
9.9982E-05 0.107848 9.9982E-05 0.0517626 0.378306 0.370968 0.0909157
9.9973E-05 9.9973E-05 9.9973E-05 0.0756801 0.626319 0.263353 0.0343477
0.105811 0.145824 9.9991E-05 0.140856 0.485497 0.0110765 0.110836
9.99673E-05 9.99673E-05 9.99673E-05 0.059594 0.152155 0.787851 9.99673E-05
9.9973E-05 0.1663 9.9973E-05 9.9973E-05 0.562429 0.232976 0.0379953
9.9968E-05 9.9968E-05 9.9968E-05 9.9968E-05 0.151158 0.765321 0.0831218
9.9964E-05 9.9964E-05 9.9964E-05 9.9964E-05 0.641425 0.287406 0.0707699
9.9982E-05 0.176544 9.9982E-05 0.105616 0.379918 0.292523 0.0451994
9.9973E-05 0.103716 9.9973E-05 9.9973E-05 0.560862 0.299909 0.0352131
0.00556026 0.0917932 0.0281178 0.406436 0.428437 9.9991E-05 0.0395553
9.9982E-05 0.105961 9.9982E-05 0.0533234 0.48447 0.32056 0.0354854
9.9982E-05 0.00248142 0.0430558 9.9982E-05 0.643469 0.233909 0.0768856
9.9982E-05 0.127721 9.9982E-05 0.00233887 0.596275 0.217131 0.0563333
0.0618894 0.524711 0.129575 0.171742 0.0349787 0.0770044 9.9991E-05
9.9973E-05 0.112282 0.0893877 0.047195 9.9973E-05 0.750835 9.9973E-05
9.9964E-05 0.0304895 9.9964E-05 9.9964E-05 0.1565 0.81261 9.9964E-05
9.9973E-05 0.0822254 9.9973E-05 9.9973E-05 0.675276 0.177035 0.0651645
9.9982E-05 0.0366224 9.9982E-05 0.0662927 0.488496 0.359289 0.0490999
9.9982E-05 0.00241281 9.9982E-05 0.107766 0.508823 0.259846 0.120952
