0.800701 0.0764273 0.114346 0.00842582 9.9991E-05
0.927995 0.0180308 0.00645308 0.000242004 0.0472787
0.699098 0.0716723 0.177149 0.0519808 9.9991E-05
0.785898 0.0437731 0.170129 9.9982E-05 9.9982E-05
0.926889 9.9982E-05 0.0677505 9.9982E-05 0.00516086
0.649706 0.065525 0.123928 0.160741 9.9991E-05
0.599627 0.0178439 0.171211 0.114273 0.0970447
0.778217 9.9982E-05 0.194073 0.0275105 9.9982E-05
0.0242536 0.0326922 0.623701 0.00390443 0.315449
9.997E-05 0.9996 9.997E-05 9.997E-05 9.997E-05
9.997E-05 0.9996 9.997E-05 9.997E-05 9.997E-05
0.0677308 9.9982E-05 9.9982E-05 0.0282229 0.903846
0.158276 0.0125583 0.520485 0.0635253 0.245155
9.9982E-05 0.0383413 0.646927 9.9982E-05 0.314531
0.00265089 0.0139988 0.116505 9.9991E-05 0.866745
0.00444771 9.9982E-05 0.105583 9.9982E-05 0.889769
0.0131502 9.9982E-05 9.9982E-05 0.0491676 0.937482
0.852793 0.0359363 0.0414835 9.9991E-05 0.0696869
0.923623 0.061484 0.0146935 9.9982E-05 9.9982E-05
0.931651 0.0671394 0.00100982 9.9982E-05 9.9982E-05
0.942282 0.0449 9.9991E-05 0.00962774 0.00309056
0.892574 0.0544793 9.9991E-05 0.0244186 0.0284285
0.906948 0.0378888 9.9991E-05 0.0201558 0.0349078
0.925189 0.0282254 0.0331318 0.0133539 9.9991E-05
9.9982E-05 9.9982E-05 0.290299 0.0800287 0.629472
9.9982E-05 9.9982E-05 0.442704 0.184943 0.372153
0.00928338 0.0824376 0.196388 0.129442 0.58245
0.00467841 0.0729195 0.0858844 0.285877 0.550641
0.16893 9.9973E-05 9.9973E-05 0.83077 9.9973E-05
9.9973E-05 0.0407312 9.9973E-05 0.958969 9.9973E-05
9.9991E-05 0.00586126 0.0843459 0.236191 0.673502
0.282113 9.9982E-05 9.9982E-05 0.384187 0.333499
0.812243 0.000576366 0.0776338 0.0486313 0.0609157
0.882095 0.0633474 9.9982E-05 9.9982E-05 0.0543577
0.948751 0.0293609 0.0216879 9.9982E-05 9.9982E-05
0.875331 0.00971622 0.114753 9.9982E-05 9.9982E-05
0.798081 0.0846629 9.9982E-05 0.117056 9.9982E-05
0.924224 0.0455645 0.0066272 0.0102077 0.0133768
0.883373 0.044812 9.9982E-05 0.0716146 9.9982E-05
0.749603 0.0197472 0.113871 0.116679 9.9991E-05
0.874476 0.00854178 0.039096 0.077786 9.9991E-05
0.8366 9.9982E-05 0.0264373 0.136762 9.9982E-05
0.412187 0.00685446 0.580758 9.9982E-05 9.9982E-05
0.313205 0.0333435 0.653251 9.9982E-05 9.9982E-05
0.342161 0.0118604 0.595633 0.0502462 9.9991E-05
0.232249 9.9973E-05 0.767451 9.9973E-05 9.9973E-05
9.9982E-05 0.00521775 0.0462086 9.9982E-05 0.948374
9.997E-05 9.997E-05 0.9996 9.997E-05 9.997E-05
9.997E-05 9.997E-05 0.9996 9.997E-05 9.997E-05
0.754861 0.0494333 0.0636194 0.0823147 0.0497714
0.731141 0.0605465 0.141181 0.0670319 9.9991E-05
0.262944 0.0272786 0.696173 9.9991E-05 0.0135041
9.9973E-05 0.984639 0.0150612 9.9973E-05 9.9973E-05
0.264594 9.9982E-05 9.9982E-05 0.678288 0.0569176
9.9982E-05 9.9982E-05 0.246561 0.0175519 0.735687
9.9982E-05 9.9982E-05 0.315975 0.0969019 0.586923
0.906556 9.9973E-05 9.9973E-05 9.9973E-05 0.0931442
0.905379 9.9973E-05 9.9973E-05 9.9973E-05 0.0943211
0.858913 9.9973E-05 9.9973E-05 9.9973E-05 0.140788
0.840301 9.9973E-05 9.9973E-05 9.9973E-05 0.159399
0.899898 0.0282648 9.9982E-05 9.9982E-05 0.0716375
9.9991E-05 0.0354608 0.64312 0.067192 0.254127
9.9982E-05 0.0189059 9.9982E-05 0.115846 0.865049
9.9991E-05 0.0316714 0.110886 0.182849 0.674493
0.0246323 0.0579436 0.110362 0.0447895 0.762272
0.0154397 9.9991E-05 0.0160747 0.663234 0.305151
0.222796 0.0134804 9.9991E-05 0.757531 0.00609314
9.9973E-05 9.9973E-05 0.0758197 9.9973E-05 0.92388
0.0925897 9.9973E-05 9.9973E-05 9.9973E-05 0.90711
0.129287 0.0259369 0.0703131 0.317988 0.456475
0.188713 9.9982E-05 9.9982E-05 0.547434 0.263654
9.9973E-05 0.0239983 9.9973E-05 9.9973E-05 0.975702
0.0170267 0.0387319 9.9982E-05 9.9982E-05 0.944041
0.877324 0.0718217 0.0506547 9.9982E-05 9.9982E-05
0.836126 0.0884631 9.9982E-05 0.0752106 9.9982E-05
9.9982E-05 0.00377863 9.9982E-05 0.0123538 0.983668
0.0603263 0.0396786 0.0309011 0.00172366 0.86737
0.0296545 9.9973E-05 9.9973E-05 9.9973E-05 0.970046
0.491933 0.0466662 0.448664 0.0126371 9.9991E-05
0.620841 0.0723197 0.266456 0.0389777 0.00140557
0.52771 0.166756 0.232597 0.0728376 9.9991E-05
0.596809 0.0711865 0.238062 0.0938422 9.9991E-05
9.9973E-05 9.9973E-05 0.0543259 0.945374 9.9973E-05
9.9982E-05 0.0244082 9.9982E-05 0.899951 0.0754412
9.9973E-05 0.0279449 9.9973E-05 0.971755 9.9973E-05
0.762725 9.9982E-05 0.172314 9.9982E-05 0.0647616
9.9982E-05 0.0288822 0.959894 9.9982E-05 0.0110238
0.898124 0.0461268 9.9982E-05 9.9982E-05 0.055549
0.7063 0.0407897 0.184099 0.06413 0.00468084
0.84385 0.107185 0.0487643 9.9982E-05 9.9982E-05
0.786531 9.9982E-05 0.165045 0.0482238 9.9982E-05
0.831986 9.9991E-05 0.0818052 0.0699731 0.0161361
0.877215 0.0214809 0.0115536 0.0481284 0.0416226
0.961292 0.00812747 0.00825768 9.9991E-05 0.0222224
0.895964 0.053279 0.0456364 9.9991E-05 0.00502078
0.878565 0.028094 0.0766491 9.9991E-05 0.0165916
0.909384 9.9982E-05 0.0479869 0.0424294 9.9982E-05
0.894683 0.0648854 0.0269672 0.0133643 9.9991E-05
0.854635 0.0900856 0.0415128 9.9991E-05 0.0136663
0.919473 0.0511312 9.9991E-05 0.00529659 0.0239992
0.891639 0.00261063 9.9991E-05 0.0614479 0.0442023
0.88252 0.0311818 9.9982E-05 9.9982E-05 0.0860984
0.877961 0.0628139 9.9982E-05 9.9982E-05 0.0590248
9.9982E-05 0.0346056 9.9982E-05 0.27153 0.693665
0.0730732 9.9982E-05 9.9982E-05 0.306695 0.620032
0.0148885 9.9991E-05 0.00338564 0.240187 0.741439
9.9982E-05 9.9982E-05 0.0392523 0.375875 0.584673
0.0795294 0.043259 0.0425397 0.769535 0.0651368
