9.9982E-05 0.0768221 0.0227671 0.144446 0.612793 0.0456491 0.0973226 9.9982E-05
9.9973E-05 0.240769 0.027302 0.127494 0.475324 9.9973E-05 0.12881 9.9973E-05
9.999E-05 0.00262105 0.00231876 0.118235 0.577898 0.04937 0.23393 0.0155276
9.9982E-05 0.0706816 9.9982E-05 0.149754 0.705437 0.036974 0.0297716 0.00718169
0.0190136 0.170843 9.9973E-05 9.9973E-05 0.599323 9.9973E-05 0.208421 0.00209993
0.130433 0.520332 9.9973E-05 0.130844 0.172289 0.045802 9.9973E-05 9.9973E-05
0.130783 0.464125 0.0242638 0.155781 0.117895 0.0139644 0.00742078 0.0857664
9.999E-05 0.0443307 0.0633451 0.0342192 0.664597 0.00186634 0.122595 0.0689465
0.29021 0.016899 9.9973E-05 9.9973E-05 0.240117 0.0317015 9.9973E-05 0.420772
9.994E-05 9.994E-05 9.994E-05 9.994E-05 9.994E-05 0.9993 9.994E-05 9.994E-05
9.9946E-05 9.9946E-05 9.9946E-05 0.00281878 9.9946E-05 0.996582 9.9946E-05 9.9946E-05
0.0254567 9.9964E-05 0.121317 0.0454534 9.9964E-05 9.9964E-05 9.9964E-05 0.807373
0.171928 9.9991E-05 0.0290774 0.0337003 0.235523 0.0677335 0.087144 0.374794
0.254503 9.9964E-05 9.9964E-05 9.9964E-05 0.234773 0.0399305 9.9964E-05 0.470393
9.9946E-05 9.9946E-05 9.9946E-05 9.9946E-05 9.9946E-05 9.9946E-05 0.0460508 0.95335
9.9955E-05 9.9955E-05 9.9955E-05 0.0230677 9.9955E-05 9.9955E-05 0.0703664 0.906066
0.0864179 9.9964E-05 0.00729626 9.9964E-05 0.0500288 9.9964E-05 9.9964E-05 0.855857
9.9982E-05 0.309736 9.9982E-05 0.215367 0.374972 0.0208761 0.0190744 0.0597752
9.9964E-05 0.670674 9.9964E-05 0.135309 0.147383 0.0462343 9.9964E-05 9.9964E-05
9.9973E-05 0.780471 0.0134523 9.9973E-05 0.0521406 0.0574721 0.0961641 9.9973E-05
9.9946E-05 0.926066 9.9946E-05 9.9946E-05 9.9946E-05 9.9946E-05 0.0733345 9.9946E-05
0.00316246 0.563022 0.00675121 0.0287135 0.303624 0.0220115 0.0672894 0.00542528
9.9964E-05 0.792169 9.9964E-05 0.119035 0.0812147 0.00718101 9.9964E-05 9.9964E-05
9.9955E-05 0.873822 9.9955E-05 9.9955E-05 0.0968728 9.9955E-05 0.0288056 9.9955E-05
9.9955E-05 9.9955E-05 0.168925 9.9955E-05 9.9955E-05 0.0403133 9.9955E-05 0.790262
0.329921 0.0532858 0.138013 9.9991E-05 0.0521836 0.0101701 0.0221875 0.39414
0.588597 9.9973E-05 9.9973E-05 9.9973E-05 0.0623291 0.0538392 0.060275 0.234659
0.266675 9.9973E-05 0.226175 9.9973E-05 0.0579831 0.0687175 9.9973E-05 0.380149
9.9955E-05 0.0874155 0.800835 9.9955E-05 0.11125 9.9955E-05 9.9955E-05 9.9955E-05
9.9964E-05 0.0361744 0.894605 0.0360932 9.9964E-05 0.0327275 9.9964E-05 9.9964E-05
0.663513 9.9973E-05 0.0673314 0.0139575 9.9973E-05 0.0198807 9.9973E-05 0.235017
0.563696 0.171084 0.0971507 0.0672422 9.9973E-05 9.9973E-05 0.100526 9.9973E-05
0.122562 0.0691859 9.9973E-05 0.0998536 0.685596 9.9973E-05 0.0225024 9.9973E-05
9.9964E-05 9.9964E-05 9.9964E-05 0.0365434 0.911162 0.0365252 0.0153699 9.9964E-05
9.9946E-05 9.9946E-05 9.9946E-05 9.9946E-05 0.996572 0.00282857 9.9946E-05 9.9946E-05
9.994E-05 9.994E-05 9.994E-05 9.994E-05 0.9993 9.994E-05 9.994E-05 9.994E-05
9.9964E-05 9.9964E-05 0.0232225 0.0855347 0.835265 0.0555776 9.9964E-05 9.9964E-05
9.9973E-05 0.122708 9.9973E-05 0.0523654 0.614037 0.03445 0.176139 9.9973E-05
9.9973E-05 0.266041 0.0330901 0.129353 0.405772 9.9973E-05 0.165445 9.9973E-05
9.9982E-05 0.215151 0.0830765 0.0067616 0.567171 0.00584866 0.121792 9.9982E-05
9.9955E-05 0.212301 9.9955E-05 0.130185 0.657015 9.9955E-05 9.9955E-05 9.9955E-05
9.9982E-05 0.0393896 0.175774 0.0670963 0.621655 0.00163637 0.0942494 9.9982E-05
9.9964E-05 0.386644 9.9964E-05 9.9964E-05 0.341504 0.0136613 9.9964E-05 0.257791
0.0584235 0.30489 9.9982E-05 0.00126666 0.398162 0.00628798 9.9982E-05 0.23077
9.9973E-05 0.254765 0.0324352 9.9973E-05 0.298868 9.9973E-05 0.0611524 0.352479
0.0282744 0.146109 9.9964E-05 9.9964E-05 0.482757 9.9964E-05 9.9964E-05 0.34246
9.994E-05 9.994E-05 9.994E-05 9.994E-05 9.994E-05 9.994E-05 9.994E-05 0.9993
0.218938 9.9964E-05 9.9964E-05 9.9964E-05 0.359014 9.9964E-05 0.00662802 0.41502
0.0491832 9.9955E-05 9.9955E-05 9.9955E-05 0.40252 9.9955E-05 9.9955E-05 0.547797
9.9973E-05 0.134685 0.10366 0.110837 0.631321 0.0191971 9.9973E-05 9.9973E-05
0.0193421 9.9991E-05 0.0632914 0.230914 0.605764 0.0348733 0.0274493 0.0182658
9.9973E-05 0.143427 9.9973E-05 9.9973E-05 0.457496 0.00837611 0.0342047 0.356195
9.9946E-05 9.9946E-05 9.9946E-05 9.9946E-05 0.00633914 0.993061 9.9946E-05 9.9946E-05
0.0693157 9.9973E-05 0.6535 0.142317 0.0286485 9.9973E-05 0.105918 9.9973E-05
9.9946E-05 9.9946E-05 0.112025 9.9946E-05 9.9946E-05 9.9946E-05 9.9946E-05 0.887376
0.0927961 9.9982E-05 0.115866 0.0817255 9.9982E-05 0.00956589 0.0113625 0.688484
9.994E-05 9.994E-05 9.994E-05 9.994E-05 9.994E-05 9.994E-05 0.9993 9.994E-05
9.9946E-05 9.9946E-05 9.9946E-05 0.0210129 9.9946E-05 9.9946E-05 0.978387 9.9946E-05
9.9982E-05 0.0709515 0.0435948 0.137283 0.21838 9.9982E-05 0.512237 0.017354
9.9964E-05 0.0496423 9.9964E-05 9.9964E-05 9.9964E-05 0.0193011 0.907359 0.0232975
9.9955E-05 9.9955E-05 9.9955E-05 9.9955E-05 0.166248 0.0218862 0.811366 9.9955E-05
0.130638 9.9973E-05 9.9973E-05 9.9973E-05 0.205969 0.0525475 0.0979297 0.512616
0.792813 9.9955E-05 9.9955E-05 0.000576814 9.9955E-05 9.9955E-05 9.9955E-05 0.206111
0.844196 9.9964E-05 0.0504244 9.9964E-05 9.9964E-05 0.0051318 9.9964E-05 0.0998476
0.690117 9.9964E-05 9.9964E-05 9.9964E-05 0.00609694 0.027006 9.9964E-05 0.276381
0.274083 9.9964E-05 0.583699 9.9964E-05 9.9964E-05 9.9964E-05 0.0327383 0.10908
9.9973E-05 0.139202 0.792527 0.0283649 9.9973E-05 0.0214358 0.0181704 9.9973E-05
0.112198 9.9955E-05 9.9955E-05 0.0447718 9.9955E-05 9.9955E-05 9.9955E-05 0.84253
0.0850464 0.0457521 9.9982E-05 0.0423661 9.9982E-05 0.00438901 0.0171422 0.805104
0.0734518 0.128861 0.211002 9.9982E-05 9.9982E-05 0.0157414 0.106018 0.464726
9.9964E-05 0.0908275 0.397769 0.191098 9.9964E-05 9.9964E-05 9.9964E-05 0.319906
0.0673958 0.0315929 9.9964E-05 9.9964E-05 9.9964E-05 9.9964E-05 0.0266827 0.873929
9.9955E-05 9.9955E-05 9.9955E-05 9.9955E-05 9.9955E-05 0.042388 0.0269105 0.930202
9.9964E-05 0.128284 9.9964E-05 0.165058 0.58795 9.9964E-05 0.118309 9.9964E-05
9.9973E-05 0.249366 9.9973E-05 0.031951 0.587232 0.0635677 0.0675837 9.9973E-05
9.9955E-05 9.9955E-05 0.037949 9.9955E-05 9.9955E-05 9.9955E-05 0.011247 0.950304
0.202181 9.9982E-05 0.0493699 0.0425776 9.9982E-05 0.019925 0.0206579 0.665089
9.9955E-05 9.9955E-05 0.0207849 0.0701668 9.9955E-05 9.9955E-05 9.9955E-05 0.908548
0.0204939 0.00119844 9.9991E-05 0.00343202 0.684684 0.0373595 0.0953936 0.157338
0.0123153 0.00324127 0.06091 0.0940452 0.601135 0.0327127 0.102576 0.0930646
9.9982E-05 0.0105366 0.0418902 9.9982E-05 0.707478 0.1221 0.0570135 0.0607822
9.9982E-05 0.0149887 0.081509 9.9982E-05 0.765247 0.0349302 0.0728032 0.0303218
9.9955E-05 9.9955E-05 0.987415 9.9955E-05 9.9955E-05 9.9955E-05 0.0103955 0.00168971
9.9955E-05 9.9955E-05 0.924149 9.9955E-05 9.9955E-05 0.0098049 9.9955E-05 0.0655464
9.9946E-05 9.9946E-05 0.990028 9.9946E-05 9.9946E-05 0.00937211 9.9946E-05 9.9946E-05
0.0137911 9.9973E-05 0.020897 9.9973E-05 9.9973E-05 0.0362661 0.902556 0.0261897
9.9964E-05 9.9964E-05 9.9964E-05 9.9964E-05 0.306958 0.0675813 0.055127 0.569934
9.9973E-05 0.17408 9.9973E-05 0.061306 0.563542 0.00376888 0.197003 9.9973E-05
0.0824316 0.330632 9.9991E-05 0.0728645 0.40208 0.0253998 0.0595317 0.0269603
9.9973E-05 0.187838 9.9973E-05 0.0705138 0.571773 0.0493716 0.120204 9.9973E-05
0.0156521 0.0201997 0.0223667 0.22228 0.610155 9.9991E-05 0.0925218 0.0167254
0.0283594 0.147198 0.0186947 0.172408 0.614343 9.9982E-05 0.0187968 9.9982E-05
0.0419393 0.197182 9.9982E-05 0.199863 0.548678 0.00499302 0.00714456 9.9982E-05
9.994E-05 0.9993 9.994E-05 9.994E-05 9.994E-05 9.994E-05 9.994E-05 9.994E-05
9.9946E-05 0.986293 9.9946E-05 9.9946E-05 9.9946E-05 0.0131077 9.9946E-05 9.9946E-05
0.0262133 0.890466 9.9964E-05 9.9964E-05 9.9964E-05 0.0451952 0.0377253 9.9964E-05
9.9955E-05 0.738265 0.0170516 9.9955E-05 0.244183 9.9955E-05 9.9955E-05 9.9955E-05
0.00352092 0.84291 0.00279939 0.0553245 0.0150358 0.0322171 0.0480924 9.9991E-05
9.9964E-05 9.9964E-05 9.9964E-05 0.917456 0.0285738 0.0334973 0.0200725 9.9964E-05
9.9955E-05 9.9955E-05 9.9955E-05 0.928809 0.0687092 0.001982 9.9955E-05 9.9955E-05
9.994E-05 9.994E-05 9.994E-05 0.9993 9.994E-05 9.994E-05 9.994E-05 9.994E-05
9.9946E-05 9.9946E-05 9.9946E-05 0.964463 9.9946E-05 9.9946E-05 0.0349372 9.9946E-05
9.994E-05 9.994E-05 9.994E-05 0.9993 9.994E-05 9.994E-05 9.994E-05 9.994E-05
0.976226 9.9946E-05 9.9946E-05 9.9946E-05 9.9946E-05 9.9946E-05 0.0231739 9.9946E-05
0.908623 9.9964E-05 0.0397435 0.0279631 9.9964E-05 9.9964E-05 0.0232708 9.9964E-05
0.9993 9.994E-05 9.994E-05 9.994E-05 9.994E-05 9.994E-05 9.994E-05 9.994E-05
0.9993 9.994E-05 9.994E-05 9.994E-05 9.994E-05 9.994E-05 9.994E-05 9.994E-05
9.9982E-05 9.9982E-05 0.761978 0.00848888 0.0600624 0.0122562 0.0688494 0.0881654
