0.0214684 0.102833 9.9973E-05 9.9973E-05 0.652357 0.042875 0.0515646 9.9973E-05 0.128602
9.9964E-05 0.0977934 0.199874 9.9964E-05 0.58325 9.9964E-05 9.9964E-05 0.010179 0.108504
9.9982E-05 0.0982897 0.0376232 0.016984 0.512208 0.110799 0.0328504 9.9982E-05 0.191045
9.9982E-05 0.111736 0.0794196 0.00695807 0.572964 0.130022 0.0252209 9.9982E-05 0.0734805
0.00600192 9.9955E-05 0.14595 9.9955E-05 0.716802 9.9955E-05 9.9955E-05 9.9955E-05 0.130746
0.0888896 0.119488 0.420463 9.9973E-05 0.264267 0.0516606 0.0549317 9.9973E-05 9.9973E-05
0.229222 0.210854 0.366439 9.9973E-05 0.114213 0.0633642 9.9973E-05 9.9973E-05 0.0156084
9.99639E-05 9.99639E-05 0.0302985 0.0582092 0.690991 0.121241 9.99639E-05 9.99639E-05 0.0988609
0.250052 9.9964E-05 0.00555297 9.9964E-05 9.9964E-05 0.592401 0.0442382 0.107356 9.9964E-05
9.993E-05 9.993E-05 9.993E-05 9.993E-05 9.993E-05 9.993E-05 0.999201 9.993E-05 9.993E-05
9.993E-05 9.993E-05 9.993E-05 9.993E-05 9.993E-05 9.993E-05 0.999201 9.993E-05 9.993E-05
9.9964E-05 0.00875742 9.9964E-05 0.0491408 0.0404551 9.9964E-05 9.9964E-05 0.879789 0.0214579
9.9973E-05 9.9973E-05 9.9973E-05 0.058778 0.0413608 0.545625 0.0252661 0.205469 0.123201
0.109335 0.0252355 9.9964E-05 9.9964E-05 9.9964E-05 0.616413 0.0316185 0.216997 9.9964E-05
9.99564E-05 9.99564E-05 0.0388038 9.99564E-05 9.99564E-05 0.0490031 0.0173576 0.894336 9.99564E-05
0.0429838 9.9955E-05 0.0369456 9.9955E-05 9.9955E-05 0.0685917 9.9955E-05 0.850979 9.9955E-05
0.0398842 9.9964E-05 0.00749853 0.0268042 0.0862363 9.9964E-05 9.9964E-05 0.839177 9.9964E-05
9.9982E-05 0.342243 0.331911 9.9982E-05 0.207281 0.0291534 0.0242133 0.034511 0.0304866
9.9955E-05 0.0637533 0.814801 9.9955E-05 0.084084 9.9955E-05 0.0368617 9.9955E-05 9.9955E-05
9.9955E-05 9.9955E-05 0.88924 9.9955E-05 0.0786572 9.9955E-05 0.0141205 9.9955E-05 0.017482
9.9946E-05 9.9946E-05 0.974873 0.0105518 9.9946E-05 9.9946E-05 9.9946E-05 9.9946E-05 0.0139757
0.0329125 0.0567633 0.640225 9.9973E-05 0.20172 9.9973E-05 0.0124811 9.9973E-05 0.0555986
9.995E-05 0.0283511 0.889647 0.0773869 9.995E-05 9.995E-05 9.995E-05 0.00411555 9.995E-05
9.9937E-05 9.9937E-05 0.995383 0.00391792 9.9937E-05 9.9937E-05 9.9937E-05 9.9937E-05 9.9937E-05
0.0992779 9.9964E-05 9.9964E-05 0.0311413 9.9964E-05 0.343841 0.0103253 0.515014 9.9964E-05
0.333446 9.9973E-05 9.9973E-05 0.13657 9.9973E-05 0.27205 0.000997838 0.178079 0.0785575
0.492248 9.9991E-05 0.0192877 0.0103789 0.0834038 0.139458 0.0260888 0.210398 0.0186371
0.322039 0.0411795 9.9982E-05 0.155695 0.0528858 0.056874 0.0513726 0.319754 9.9982E-05
9.9946E-05 9.9946E-05 0.173564 0.762218 0.0636177 9.9946E-05 9.9946E-05 9.9946E-05 9.9946E-05
9.9937E-05 0.0267828 9.9937E-05 0.972518 9.9937E-05 9.9937E-05 9.9937E-05 9.9937E-05 9.9937E-05
0.694059 0.0126666 9.9973E-05 0.0527419 9.9973E-05 0.0721267 0.00919364 0.158913 9.9973E-05
0.581007 0.000607984 0.19088 0.126744 0.0516139 9.9973E-05 9.9973E-05 9.9973E-05 0.0488474
0.0985636 0.0665851 9.9964E-05 9.9964E-05 0.788401 0.00945563 9.9964E-05 9.9964E-05 0.0365951
9.9946E-05 9.9946E-05 9.9946E-05 9.9946E-05 0.964578 9.9946E-05 0.0251505 9.9946E-05 0.00967234
9.993E-05 9.993E-05 9.993E-05 9.993E-05 0.999201 9.993E-05 9.993E-05 9.993E-05 9.993E-05
9.9937E-05 9.9937E-05 9.9937E-05 9.9937E-05 0.981387 0.0179134 9.9937E-05 9.9937E-05 9.9937E-05
9.9955E-05 0.00246259 9.9955E-05 0.0389737 0.892661 9.9955E-05 0.0654032 9.9955E-05 9.9955E-05
9.996E-05 0.0313508 0.0755169 9.996E-05 0.718796 9.996E-05 0.0286008 9.996E-05 0.145336
9.9973E-05 0.10807 0.259072 0.0234713 0.426895 9.9973E-05 0.00591032 9.9973E-05 0.176282
0.000486461 9.9982E-05 0.228705 0.0729511 0.616052 0.0483968 0.00683171 9.9982E-05 0.0263771
9.9964E-05 0.0963001 0.10856 9.9964E-05 0.755302 9.9964E-05 9.9964E-05 0.0319494 0.00748913
9.9973E-05 0.0167242 0.0418244 0.154045 0.670259 0.0146196 9.9973E-05 9.9973E-05 0.102228
9.99459E-05 9.99459E-05 0.356372 9.99459E-05 0.0933389 0.549689 9.99459E-05 9.99459E-05 9.99459E-05
9.9955E-05 0.00782396 0.347884 9.9955E-05 9.9955E-05 0.634966 0.00882643 9.9955E-05 9.9955E-05
9.9973E-05 9.9973E-05 0.175947 0.110268 0.0755479 0.567281 0.0153708 9.9973E-05 0.0552856
9.9955E-05 0.0802707 0.0375362 9.9955E-05 0.200659 0.681035 9.9955E-05 9.9955E-05 9.9955E-05
9.9946E-05 9.9946E-05 9.9946E-05 9.9946E-05 9.9946E-05 0.0513653 0.00131516 0.94672 9.9946E-05
0.0363798 9.9937E-05 9.9937E-05 9.9937E-05 9.9937E-05 0.962921 9.9937E-05 9.9937E-05 9.9937E-05
9.993E-05 9.993E-05 9.993E-05 9.993E-05 9.993E-05 0.999201 9.993E-05 9.993E-05 9.993E-05
9.9955E-05 9.9955E-05 0.243545 9.9955E-05 0.630084 9.9955E-05 0.033418 0.0924538 9.9955E-05
9.9982E-05 0.147486 0.00907004 0.0176801 0.649826 0.0710696 0.0579413 0.0467269 9.9982E-05
9.9982E-05 0.0674008 0.121787 9.9982E-05 0.0953356 0.639203 0.0335115 0.00785607 0.0347059
9.9946E-05 9.9946E-05 9.9946E-05 0.0123421 9.9946E-05 0.0163275 0.970731 9.9946E-05 9.9946E-05
0.0871713 0.0729778 9.9964E-05 0.59261 0.086057 9.9964E-05 9.9964E-05 9.9964E-05 0.160784
9.9946E-05 9.9946E-05 9.9946E-05 0.100939 9.9946E-05 0.140774 9.9946E-05 0.757687 9.9946E-05
0.0994192 0.0198309 9.9964E-05 0.102539 9.9964E-05 0.338182 9.9964E-05 0.439628 9.9964E-05
9.993E-05 9.993E-05 9.993E-05 9.993E-05 9.993E-05 9.993E-05 9.993E-05 9.993E-05 0.999201
9.9937E-05 0.0205361 9.9937E-05 9.9937E-05 9.9937E-05 9.9937E-05 9.9937E-05 9.9937E-05 0.978764
9.9964E-05 9.9964E-05 0.199996 0.0454037 0.259509 9.9964E-05 9.9964E-05 0.0675834 0.427108
9.9946E-05 9.9946E-05 0.0868031 9.9946E-05 9.9946E-05 9.9946E-05 9.9946E-05 0.0414255 0.871172
0.00285284 0.0309309 9.9964E-05 9.9964E-05 0.110466 9.9964E-05 0.00139132 9.9964E-05 0.853959
0.147583 9.9964E-05 9.9964E-05 9.9964E-05 9.9964E-05 0.708283 0.0108189 0.0404461 0.0924688
0.699969 0.0119949 9.9955E-05 9.9955E-05 9.9955E-05 0.0107074 9.9955E-05 0.276829 9.9955E-05
0.658282 9.9964E-05 9.9964E-05 0.0303362 9.9964E-05 0.147227 0.00964333 0.154112 9.9964E-05
0.461837 0.0163857 9.9982E-05 9.9982E-05 0.0136308 0.0791851 0.0229542 0.373575 0.0322317
0.409578 9.9964E-05 9.9964E-05 0.366647 0.0936751 9.9964E-05 9.9964E-05 0.0983768 0.0313238
0.0880501 0.0724089 0.0369343 0.65727 0.0809733 9.9991E-05 0.00107968 0.0031102 0.0600735
0.0578887 9.9955E-05 9.9955E-05 9.9955E-05 9.9955E-05 0.00290918 9.9955E-05 0.874295 0.0644077
0.0373619 0.0206922 0.024324 9.9964E-05 0.061732 9.9964E-05 9.9964E-05 0.85549 9.9964E-05
9.9973E-05 9.9973E-05 0.0531663 0.368084 9.9973E-05 0.106283 0.009666 0.405369 0.0571315
9.9964E-05 0.0945416 0.052595 0.630349 0.0159227 9.9964E-05 9.9964E-05 0.206191 9.9964E-05
0.0281958 9.9955E-05 0.00777155 9.9955E-05 9.9955E-05 9.9955E-05 0.0190626 0.94447 9.9955E-05
9.9946E-05 9.9946E-05 9.9946E-05 9.9946E-05 0.0723377 9.9946E-05 0.00664468 0.920418 9.9946E-05
9.9973E-05 0.14769 0.165096 9.9973E-05 0.521341 0.0444794 0.0373947 9.9973E-05 0.0836983
9.997E-05 0.0272389 0.300387 0.085184 0.485972 9.997E-05 0.0558964 9.997E-05 0.0450211
9.9955E-05 0.0165762 9.9955E-05 0.0073599 9.9955E-05 9.9955E-05 9.9955E-05 0.969659 0.00590498
0.166713 0.0569999 9.9982E-05 0.0150511 9.9982E-05 0.0308701 0.0201016 0.69701 0.0130547
9.9937E-05 0.0488737 9.9937E-05 9.9937E-05 9.9937E-05 9.9937E-05 9.9937E-05 0.950427 9.9937E-05
9.9982E-05 0.00808646 0.176181 0.0386509 0.350549 0.383995 0.0294752 9.9982E-05 0.0128633
9.9982E-05 0.093558 0.0344469 0.0591617 0.388091 0.270678 0.0550594 9.9982E-05 0.0988048
9.9964E-05 9.9964E-05 0.0611715 0.0793662 0.582874 0.143578 0.132611 9.9964E-05 9.9964E-05
9.9973E-05 9.9973E-05 0.158559 0.0824753 0.463019 0.210658 0.0696756 9.9973E-05 0.0153135
9.9937E-05 9.9937E-05 9.9937E-05 0.973622 9.9937E-05 0.0256786 9.9937E-05 9.9937E-05 9.9937E-05
9.9955E-05 9.9955E-05 9.9955E-05 0.904827 9.9955E-05 9.9955E-05 0.0182517 0.0698483 0.00657277
9.9946E-05 0.0282628 9.9946E-05 0.945116 9.9946E-05 9.9946E-05 0.0260216 9.9946E-05 9.9946E-05
9.99459E-05 9.99459E-05 9.99459E-05 9.99459E-05 9.99459E-05 0.0877897 0.0192248 9.99459E-05 0.892386
9.9955E-05 9.9955E-05 9.9955E-05 9.9955E-05 9.9955E-05 0.862507 0.0467313 0.0784642 0.0117981
9.9973E-05 0.00106769 0.124655 9.9973E-05 0.730529 9.9973E-05 0.0185279 0.0435334 0.0813863
0.0589727 0.0776324 0.314816 9.9973E-05 0.399328 0.130846 0.018105 9.9973E-05 9.9973E-05
9.9973E-05 0.04866 0.26403 9.9973E-05 0.475125 0.00765465 0.0509075 9.9973E-05 0.153323
9.9964E-05 0.188401 9.9964E-05 0.0354141 0.572879 0.108572 9.9964E-05 9.9964E-05 0.0943337
0.016166 0.196968 0.373228 0.0588004 0.284597 0.0107834 0.00204203 9.9991E-05 0.0573153
0.0238023 0.0815666 0.398024 0.0769608 0.374987 9.9991E-05 0.0225283 0.0121869 0.00984423
0.0189608 0.0288672 0.872781 9.9964E-05 9.9964E-05 9.9964E-05 0.00971462 9.9964E-05 0.0692767
9.9964E-05 0.0350562 0.918219 9.9964E-05 0.0265163 0.0179555 0.00185265 9.9964E-05 9.9964E-05
0.0248218 0.0307786 0.861407 9.9973E-05 9.9973E-05 0.0200299 0.0192945 9.9973E-05 0.0433679
0.0214177 9.9946E-05 0.677929 9.9946E-05 0.300054 9.9946E-05 9.9946E-05 9.9946E-05 9.9946E-05
0.01053 0.0482821 0.915825 9.9964E-05 9.9964E-05 9.9964E-05 0.0167894 0.00817399 9.9964E-05
9.9946E-05 0.958233 9.9946E-05 9.9946E-05 0.00450367 9.9946E-05 0.0366641 9.9946E-05 9.9946E-05
9.9946E-05 0.890067 9.9946E-05 9.9946E-05 0.106479 9.9946E-05 0.0028544 9.9946E-05 9.9946E-05
9.9937E-05 0.998708 9.9937E-05 0.000592343 9.9937E-05 9.9937E-05 9.9937E-05 9.9937E-05 9.9937E-05
0.031723 0.939068 9.9946E-05 9.9946E-05 9.9946E-05 9.9946E-05 9.9946E-05 9.9946E-05 0.0286095
9.993E-05 0.999201 9.993E-05 9.993E-05 9.993E-05 9.993E-05 9.993E-05 9.993E-05 9.993E-05
0.965251 9.9937E-05 9.9937E-05 9.9937E-05 9.9937E-05 9.9937E-05 0.0340492 9.9937E-05 9.9937E-05
0.954231 0.0270681 0.01706 9.9955E-05 9.9955E-05 9.9955E-05 0.00114124 9.9955E-05 9.9955E-05
0.999201 9.993E-05 9.993E-05 9.993E-05 9.993E-05 9.993E-05 9.993E-05 9.993E-05 9.993E-05
0.961072 0.00626908 9.9946E-05 9.9946E-05 0.0320588 9.9946E-05 9.9946E-05 9.9946E-05 9.9946E-05
0.0475137 9.9982E-05 9.9982E-05 0.774427 0.128668 0.00342696 0.0243085 0.0142131 0.00724303
