0.0382634 0.0603736 0.901263 9.9991E-05
0.0473439 9.9982E-05 0.952456 9.9982E-05
0.0759486 0.0472009 0.846622 0.0302287
9.999E-05 0.0152661 0.898285 0.0863492
9.998E-05 9.998E-05 0.9997 9.998E-05
0.109377 0.0749653 0.771927 0.0437306
0.0130376 0.00722718 0.761911 0.217825
0.0626856 9.9991E-05 0.857384 0.0798305
9.999E-05 0.0215911 0.231933 0.746376
9.998E-05 0.9997 9.998E-05 9.998E-05
9.998E-05 0.9997 9.998E-05 9.998E-05
0.18985 9.9982E-05 9.9982E-05 0.80995
9.999E-05 0.0297812 0.358363 0.611756
9.999E-05 0.0844502 0.165322 0.750128
0.0156775 0.0201187 0.0120321 0.952172
9.9982E-05 9.9982E-05 0.0248879 0.974912
0.146025 9.9982E-05 9.9982E-05 0.853775
9.9991E-05 0.0589264 0.891378 0.0495951
9.9982E-05 0.0716026 0.928197 9.9982E-05
0.0476085 0.055153 0.897138 9.9991E-05
0.0811645 0.0420507 0.876685 9.9991E-05
0.0915997 0.0363916 0.871909 9.9991E-05
0.0779972 0.0162906 0.905612 9.9991E-05
0.0115814 0.0092948 0.979024 9.9991E-05
0.106135 0.0261321 9.9991E-05 0.867632
0.268671 0.00514854 0.0836338 0.642546
0.0608598 0.03024 0.165036 0.743865
0.296611 0.0553526 0.0136091 0.634427
0.848474 9.9982E-05 0.151326 9.9982E-05
0.992391 0.00740932 9.9982E-05 9.9982E-05
0.188694 0.0351177 9.9991E-05 0.776089
0.505096 9.9991E-05 0.208454 0.28635
0.0513741 9.9991E-05 0.877326 0.0712002
0.0845769 0.0487743 0.866549 9.9991E-05
0.0733532 0.0388449 0.887702 9.9991E-05
0.0510207 0.0117983 0.937081 9.9991E-05
0.162281 0.101014 0.736604 9.9991E-05
0.0405999 0.0612278 0.893626 0.00454612
0.0445886 0.00416552 0.951146 9.9991E-05
0.11049 0.0422461 0.80622 0.0410436
0.0263772 9.9982E-05 0.973423 9.9982E-05
0.144474 9.9982E-05 0.855326 9.9982E-05
9.9991E-05 0.019612 0.665425 0.314863
9.9991E-05 0.0182498 0.679581 0.30207
9.9991E-05 0.0227664 0.620305 0.356828
9.9982E-05 9.9982E-05 0.586855 0.412945
0.0302736 9.9982E-05 9.9982E-05 0.969526
9.9991E-05 0.000449542 0.34329 0.65616
9.9982E-05 9.9982E-05 0.346196 0.653604
0.124976 0.0502768 0.824647 9.9991E-05
9.9991E-05 0.0897979 0.785867 0.124235
9.9991E-05 0.0180682 0.590132 0.3917
0.00324482 0.996555 9.9982E-05 9.9982E-05
0.716419 0.00759836 0.258547 0.0174354
0.115724 9.9982E-05 9.9982E-05 0.884076
0.144307 0.00552708 0.0529356 0.797231
0.053058 9.9991E-05 0.909121 0.037721
0.0312091 9.9991E-05 0.933647 0.0350437
0.103491 9.9991E-05 0.8431 0.0533089
9.9991E-05 0.00628402 0.881784 0.111832
0.0323237 0.0548191 0.880914 0.0319433
9.9991E-05 0.0448766 0.230276 0.724748
0.110664 0.0305793 9.9991E-05 0.858656
0.179513 0.0242348 9.9991E-05 0.796152
0.11243 0.0610335 9.9991E-05 0.826437
0.680191 9.9991E-05 0.0118494 0.30786
0.761616 0.0300994 0.199432 0.00885248
9.998E-05 9.998E-05 9.998E-05 0.9997
0.0514873 9.9991E-05 0.0581825 0.89023
0.252964 0.0203905 0.15315 0.573495
0.628288 9.9991E-05 0.185723 0.185889
9.998E-05 9.998E-05 9.998E-05 0.9997
9.9991E-05 0.0450161 0.00520838 0.949676
9.9987E-05 0.0479859 0.951814 9.9987E-05
0.0635119 0.087235 0.849153 9.9991E-05
0.0697888 9.9982E-05 9.9982E-05 0.930011
0.188197 0.0122775 9.9991E-05 0.799426
0.0619475 9.9982E-05 9.9982E-05 0.937853
9.9991E-05 0.0571351 0.733378 0.209387
9.9991E-05 0.0853891 0.752971 0.16154
0.0768673 0.145171 0.690151 0.0878115
0.112226 0.0958263 0.74349 0.0484581
0.994875 9.9982E-05 9.9982E-05 0.00492455
0.931551 0.00969821 9.9991E-05 0.0586506
0.948721 0.0510795 9.9982E-05 9.9982E-05
0.0225355 0.0169493 0.823272 0.137244
9.9991E-05 0.0640611 0.249911 0.685928
0.0361922 0.0271934 0.93421 0.00240413
9.9991E-05 0.00933402 0.863685 0.126881
9.9982E-05 0.0594735 0.940327 9.9982E-05
0.0493245 0.0129287 0.895028 0.042719
0.0649987 0.0110203 0.923881 9.9991E-05
0.0699347 0.047312 0.879515 0.00323852
9.9991E-05 0.0199254 0.97286 0.0071149
9.9982E-05 0.0385664 0.961234 9.9982E-05
9.9991E-05 0.0322002 0.924385 0.0433144
0.0528523 0.00210641 0.944941 9.9991E-05
9.9982E-05 0.0475057 0.952294 9.9982E-05
9.9991E-05 0.0965544 0.902431 0.00091449
0.0866647 0.0281522 0.885083 9.9991E-05
0.128977 0.0295474 0.841375 9.9991E-05
9.9991E-05 0.0445905 0.886191 0.0691188
0.0217637 0.0621961 0.902111 0.0139293
0.260124 0.0487267 9.9991E-05 0.691049
0.457579 9.9982E-05 9.9982E-05 0.542221
0.279871 9.9982E-05 9.9982E-05 0.719929
0.364598 9.9982E-05 9.9982E-05 0.635202
0.781073 0.0475507 0.115692 0.055684
