9.9991E-05 0.0181466 0.0715964 0.00378312 0.842649 0.0637247
0.032146 9.9973E-05 9.9973E-05 0.0299313 0.937623 9.9973E-05
9.999E-05 0.0181475 0.108558 0.0170486 0.842869 0.0132769
9.9982E-05 0.0569438 0.0864389 9.9982E-05 0.8089 0.0475174
0.0730451 9.9973E-05 0.0176 9.9973E-05 0.909055 9.9973E-05
0.0187687 0.135998 0.0267238 9.9991E-05 0.765934 0.0524758
0.0839298 0.10951 0.152306 9.9991E-05 0.635243 0.018911
9.9982E-05 9.9982E-05 0.189142 0.014549 0.776574 0.0195346
0.070498 0.101288 0.753844 0.0718536 9.9991E-05 0.0024171
9.996E-05 9.996E-05 9.996E-05 9.996E-05 9.996E-05 0.9995
9.996E-05 9.996E-05 9.996E-05 9.996E-05 9.996E-05 0.9995
9.9964E-05 9.9964E-05 9.9964E-05 0.929592 0.0700077 9.9964E-05
0.0805699 0.0786773 0.540921 0.118418 0.137501 0.0439127
9.9982E-05 0.0345306 0.721498 0.215921 9.9982E-05 0.027851
9.9973E-05 9.9973E-05 0.060114 0.934416 9.9973E-05 0.0051704
9.9964E-05 9.9964E-05 0.078911 0.920689 9.9964E-05 9.9964E-05
9.9964E-05 9.9964E-05 9.9964E-05 0.95052 0.04908 9.9964E-05
0.0228137 9.9991E-05 0.0805506 0.0226924 0.830834 0.0430091
0.00552826 9.9973E-05 9.9973E-05 9.9973E-05 0.93248 0.0616918
9.9982E-05 0.0191095 9.9982E-05 0.0242038 0.89313 0.0633572
9.9973E-05 9.9973E-05 9.9973E-05 0.0516143 0.926923 0.0211631
0.0474491 0.0505511 9.9982E-05 9.9982E-05 0.831475 0.0703247
0.0136757 9.9982E-05 0.0257021 9.9982E-05 0.928839 0.0315832
9.9964E-05 9.9964E-05 0.0294676 9.9964E-05 0.970133 9.9964E-05
0.238194 0.0556494 0.3685 0.318649 9.9991E-05 0.0189073
0.11046 0.360531 0.295698 0.186435 0.0378462 0.00903109
0.231236 0.362555 0.32016 0.0523178 9.9991E-05 0.0336312
0.0874728 0.419645 0.15231 0.253775 0.0230237 0.0637741
9.9973E-05 0.595745 9.9973E-05 9.9973E-05 0.400441 0.0035145
9.9973E-05 0.652635 9.9973E-05 9.9973E-05 0.314329 0.0327366
0.236687 0.537969 0.129888 0.0952567 9.9982E-05 9.9982E-05
0.10658 0.531137 9.9982E-05 0.0751394 0.286944 9.9982E-05
9.9982E-05 0.110152 0.0613272 0.0375028 0.790818 9.9982E-05
9.9982E-05 0.0426881 9.9982E-05 0.0252885 0.857056 0.0747674
9.9982E-05 0.0135333 9.9982E-05 0.0227385 0.950957 0.0125712
9.9982E-05 0.0220335 0.113992 9.9982E-05 0.839384 0.0243913
9.9973E-05 0.106764 9.9973E-05 9.9973E-05 0.815722 0.0772143
0.0417362 0.0275426 9.9991E-05 0.00697156 0.856038 0.0676118
9.9991E-05 0.0174955 0.0292515 0.00659326 0.943492 0.00306811
0.0148791 0.0491156 0.0667936 0.00388135 0.859867 0.00546298
0.0402355 9.9982E-05 0.0133885 9.9982E-05 0.945651 0.000524772
9.9973E-05 0.0712126 0.0502835 9.9973E-05 0.878204 9.9973E-05
9.9973E-05 9.9973E-05 0.601155 9.9973E-05 0.393188 0.00535666
9.9973E-05 9.9973E-05 0.595155 9.9973E-05 0.394206 0.0103393
9.9964E-05 9.9964E-05 0.638864 9.9964E-05 0.360736 9.9964E-05
9.9964E-05 9.9964E-05 0.706732 9.9964E-05 0.292869 9.9964E-05
0.126117 9.9964E-05 9.9964E-05 0.873483 9.9964E-05 9.9964E-05
9.9964E-05 9.9964E-05 0.997418 9.9964E-05 0.00218181 9.9964E-05
9.996E-05 9.996E-05 0.9995 9.996E-05 9.996E-05 9.996E-05
0.0263097 0.0529329 9.9991E-05 0.0199066 0.85663 0.0441209
9.9982E-05 0.184512 0.0875731 9.9982E-05 0.694813 0.0329024
0.0342231 9.9982E-05 0.622385 9.9982E-05 0.336772 0.00641902
0.00852195 9.9973E-05 0.0096258 9.9973E-05 9.9973E-05 0.981552
9.9964E-05 0.559282 9.9964E-05 9.9964E-05 0.440319 9.9964E-05
0.466244 0.137622 0.102959 0.292975 9.9982E-05 9.9982E-05
0.094478 0.289741 0.248083 0.357356 9.9991E-05 0.0102415
9.9964E-05 9.9964E-05 9.9964E-05 0.130036 0.869564 9.9964E-05
0.021618 9.9973E-05 9.9973E-05 0.0899131 0.888169 9.9973E-05
0.00723873 0.000964747 9.9982E-05 0.115891 0.875705 9.9982E-05
0.0350482 9.9991E-05 0.00661584 0.101292 0.809803 0.0471415
0.0181052 9.9991E-05 0.0230257 0.0496992 0.884387 0.0246827
0.0263504 0.147123 0.735748 0.0654506 9.9991E-05 0.0252272
0.226838 0.35105 0.130496 0.291417 9.9982E-05 9.9982E-05
0.0625717 0.489 0.251811 0.196417 9.9982E-05 9.9982E-05
0.264173 0.304507 0.230911 0.189055 9.9991E-05 0.0112538
9.9973E-05 0.750828 9.9973E-05 0.134936 0.113936 9.9973E-05
9.9982E-05 0.565958 9.9982E-05 0.0124603 0.386831 0.0345515
0.9995 9.996E-05 9.996E-05 9.996E-05 9.996E-05 9.996E-05
0.938686 9.9973E-05 0.018153 9.9973E-05 0.0428615 9.9973E-05
0.731536 9.9982E-05 0.0115364 9.9982E-05 0.235697 0.0210309
0.441997 0.202626 9.9973E-05 9.9973E-05 0.355077 9.9973E-05
0.955814 9.9964E-05 9.9964E-05 0.0437857 9.9964E-05 9.9964E-05
0.9995 9.996E-05 9.996E-05 9.996E-05 9.996E-05 9.996E-05
9.9973E-05 9.9973E-05 0.051388 9.9973E-05 0.939923 0.00838916
9.9982E-05 0.0371218 9.9982E-05 0.000984163 0.887728 0.0739661
9.996E-05 9.996E-05 9.996E-05 0.9995 9.996E-05 9.996E-05
9.9982E-05 0.194195 0.00455359 0.758432 9.9982E-05 0.0426187
9.996E-05 9.996E-05 9.996E-05 0.9995 9.996E-05 9.996E-05
9.9973E-05 9.9973E-05 0.411297 9.9973E-05 0.587395 0.00100752
9.9982E-05 0.0466361 0.308969 9.9982E-05 0.602443 0.0417525
9.9973E-05 9.9973E-05 0.309375 9.9973E-05 0.584283 0.106042
0.0309405 9.9982E-05 0.223494 9.9982E-05 0.679274 0.0660921
9.9964E-05 0.811353 9.9964E-05 9.9964E-05 0.188248 9.9964E-05
9.9973E-05 0.862976 9.9973E-05 9.9973E-05 0.105845 0.0308787
9.9973E-05 0.742119 9.9973E-05 9.9973E-05 0.223676 0.0339055
0.00890788 9.9991E-05 0.173342 0.0680467 0.724206 0.0253973
9.9973E-05 9.9973E-05 0.886842 0.0629741 9.9973E-05 0.0498836
9.9982E-05 9.9982E-05 0.0410188 0.0326246 0.915343 0.0108137
0.0541523 9.9982E-05 0.153876 9.9982E-05 0.72823 0.0635414
9.9973E-05 9.9973E-05 0.10506 9.9973E-05 0.854562 0.0400786
0.0238575 0.0353383 0.14534 9.9991E-05 0.772726 0.0226382
9.9982E-05 0.0395063 0.113926 9.9982E-05 0.841108 0.00525994
0.0357096 0.0475649 9.9982E-05 9.9982E-05 0.882718 0.0338074
0.058907 9.9973E-05 9.9973E-05 9.9973E-05 0.923212 0.0175815
0.00830539 9.9991E-05 0.0344025 0.0202327 0.900631 0.036328
0.0111852 0.00368481 0.111646 9.9991E-05 0.832591 0.0407935
9.9973E-05 0.0247251 0.0819439 9.9973E-05 0.893031 9.9973E-05
9.9982E-05 0.00324652 0.105453 9.9982E-05 0.847865 0.0432355
9.9973E-05 9.9973E-05 9.9973E-05 0.0738456 0.857146 0.0687086
0.0022887 9.9982E-05 9.9982E-05 0.0587686 0.885886 0.0528566
9.9973E-05 0.0466584 9.9973E-05 0.0728998 0.880142 9.9973E-05
9.9973E-05 9.9973E-05 9.9973E-05 0.0787189 0.891183 0.0297985
9.9973E-05 9.9973E-05 9.9973E-05 0.139033 0.823554 0.0371129
0.0472228 0.603747 0.11549 0.222828 9.9991E-05 0.0106119
0.0620559 0.742375 0.0690552 0.126314 9.9982E-05 9.9982E-05
0.150779 0.667092 0.113684 0.0682451 9.9982E-05 9.9982E-05
0.153626 0.754475 0.0806432 0.011056 9.9982E-05 9.9982E-05
9.9982E-05 0.558633 9.9982E-05 0.0458234 0.336952 0.0583923
