0.0442912 9.9955E-05 0.78482 0.0639861 0.00230842 9.9955E-05 9.9955E-05 0.104094 9.9955E-05 9.9955E-05
9.9946E-05 9.9946E-05 0.897087 0.0294957 9.9946E-05 9.9946E-05 0.0433231 0.0294941 9.9946E-05 9.9946E-05
9.9964E-05 0.033888 0.731786 0.0202766 0.0725516 0.0814136 9.9964E-05 0.0596842 9.9964E-05 9.9964E-05
9.9973E-05 0.00437033 0.747876 0.0142515 0.101432 0.0769382 9.9973E-05 0.0377569 0.0170755 9.9973E-05
9.9955E-05 0.048041 0.819133 0.0525021 0.0274081 9.9955E-05 0.0524156 9.9955E-05 9.9955E-05 9.9955E-05
9.9973E-05 0.0307992 0.57222 0.1003 0.0643791 9.9973E-05 0.0162061 9.9973E-05 0.130943 0.0848518
9.9955E-05 9.9955E-05 0.754752 0.0229905 9.9955E-05 9.9955E-05 9.9955E-05 0.0590525 0.156281 0.0064235
9.9982E-05 9.9982E-05 0.636468 0.0811373 0.00968813 0.0694824 0.0654695 0.0532835 0.0272062 0.0570651
0.0453311 9.99729E-05 0.780014 0.0562817 9.99729E-05 0.00256396 0.026666 0.0464874 9.99729E-05 0.0423562
9.9982E-05 0.0960479 0.660433 0.0181527 0.0723728 9.9982E-05 0.0456788 0.0129625 0.0599101 0.0342423
9.9964E-05 0.00285154 0.747149 0.0575573 9.9964E-05 9.9964E-05 0.0126637 9.9964E-05 0.131673 0.047706
0.0668373 9.9946E-05 9.9946E-05 9.9946E-05 0.0604773 0.0677082 9.9946E-05 9.9946E-05 0.804378 9.9946E-05
0.0117347 0.349751 0.00791293 9.9973E-05 0.00763323 0.151014 9.9973E-05 0.0425991 0.429055 9.9973E-05
9.9964E-05 0.0680902 9.9964E-05 0.0373824 0.0285912 0.00796295 0.0576456 9.9964E-05 0.799928 9.9964E-05
9.9955E-05 0.102497 0.0164922 9.9955E-05 0.129348 9.9955E-05 9.9955E-05 0.00195689 0.749206 9.9955E-05
9.9955E-05 0.241379 0.0624925 9.9955E-05 0.108376 9.9955E-05 0.0505221 9.9955E-05 0.53673 9.9955E-05
9.9964E-05 0.524444 0.0523183 9.9964E-05 0.0625146 9.9964E-05 9.9964E-05 0.0133668 0.307917 0.0390391
0.0792829 0.275243 9.9973E-05 9.9973E-05 0.0785302 0.0521919 9.9973E-05 0.0334067 0.479258 0.00178712
0.0211164 0.19205 0.0881891 9.9973E-05 0.0481846 0.00121265 0.00156958 9.9973E-05 0.647378 9.9973E-05
9.9946E-05 9.9946E-05 9.9946E-05 0.16973 9.9946E-05 9.9946E-05 9.9946E-05 0.0203844 0.739215 0.0700712
0.031128 0.232781 9.9964E-05 9.9964E-05 0.0825788 9.9964E-05 0.153668 9.9964E-05 0.409513 0.0899321
9.9982E-05 0.324119 9.9982E-05 0.0981135 0.0504622 0.0889334 0.0126154 0.027751 0.260545 0.137261
0.0105597 0.4962 0.016893 9.9964E-05 9.9964E-05 9.9964E-05 0.0756123 0.0168623 0.383473 9.9964E-05
9.9946E-05 0.0502317 9.9946E-05 9.9946E-05 0.0552559 9.9946E-05 9.9946E-05 9.9946E-05 0.81751 0.0764026
0.0861606 0.426189 9.9973E-05 0.0496446 0.118731 9.9973E-05 9.9973E-05 0.049074 0.22744 0.0424608
9.9955E-05 0.327148 0.0524648 9.9955E-05 0.107 0.0499482 9.9955E-05 9.9955E-05 0.46294 9.9955E-05
9.9946E-05 9.9946E-05 0.0192056 9.9946E-05 0.049945 9.9946E-05 9.9946E-05 0.0159583 0.914291 9.9946E-05
9.9928E-05 9.9928E-05 9.9928E-05 9.9928E-05 0.126488 9.9928E-05 9.9928E-05 9.9928E-05 0.872712 9.9928E-05
9.9946E-05 9.9946E-05 9.9946E-05 9.9946E-05 0.0429421 9.9946E-05 0.0383399 9.9946E-05 0.861118 0.0570008
9.99201E-05 9.99201E-05 9.99201E-05 9.99201E-05 9.99201E-05 9.99201E-05 9.99201E-05 0.999101 9.99201E-05 9.99201E-05
9.99201E-05 9.99201E-05 9.99201E-05 9.99201E-05 9.99201E-05 9.99201E-05 9.99201E-05 0.999101 9.99201E-05 9.99201E-05
0.0457299 0.0992679 0.477376 9.9964E-05 9.9964E-05 9.9964E-05 9.9964E-05 0.343184 0.0297805 0.00426184
0.0243367 0.127265 0.505637 0.0532817 0.0144488 9.9964E-05 9.9964E-05 0.274632 9.9964E-05 9.9964E-05
0.214429 0.471968 0.00887206 0.0546248 0.033075 9.9982E-05 0.0270499 9.9982E-05 0.149022 0.0407595
0.212906 0.472985 0.0793191 9.9964E-05 0.0216926 9.9964E-05 0.0389431 9.9964E-05 0.173754 9.9964E-05
0.26066 0.594531 0.0221141 9.9955E-05 9.9955E-05 0.0841987 0.0379969 9.9955E-05 9.9955E-05 9.9955E-05
0.0079399 0.0113995 0.134227 0.099631 9.9964E-05 0.240727 9.9964E-05 9.9964E-05 0.505675 9.9964E-05
0.484803 0.282137 0.00927484 0.00626673 0.0352759 0.181843 9.9964E-05 9.9964E-05 9.9964E-05 9.9964E-05
0.13768 0.473629 0.0285615 0.0708136 0.012271 0.102856 0.0491238 0.0225798 0.102385 9.9991E-05
0.170803 0.613161 0.0453291 9.9973E-05 0.0262423 9.9973E-05 0.0776385 0.00368737 9.9973E-05 0.0628392
0.0688856 0.538836 0.0729722 0.0534262 9.9973E-05 9.9973E-05 9.9973E-05 0.0186198 0.0789189 0.168042
0.108902 0.59952 0.0590372 0.0113563 9.9973E-05 9.9973E-05 9.9973E-05 0.0273769 0.0778618 0.115646
0.58908 0.106245 0.0423112 9.9964E-05 9.9964E-05 0.0239315 9.9964E-05 0.00165009 0.236382 9.9964E-05
0.0245361 0.559894 9.9964E-05 9.9964E-05 0.0288686 9.9964E-05 9.9964E-05 0.0333934 0.149707 0.203201
0.165976 0.552098 0.0524894 9.9973E-05 0.120338 9.9973E-05 9.9973E-05 0.0199351 0.000855888 0.0880082
0.155022 0.520435 0.12152 0.00488801 0.00990352 0.000861471 0.0861926 0.052247 0.0488309 9.9991E-05
0.593241 0.37739 9.9937E-05 9.9937E-05 9.9937E-05 0.0286695 9.9937E-05 9.9937E-05 9.9937E-05 9.9937E-05
0.242852 0.584421 0.0526044 0.0871524 0.0140022 9.9973E-05 9.9973E-05 0.0108122 0.00785544 9.9973E-05
0.127403 0.556944 0.109413 9.9982E-05 0.033895 9.9982E-05 0.0283055 0.0149876 0.123278 0.00557345
0.69067 9.9937E-05 0.0514334 9.9937E-05 9.9937E-05 9.9937E-05 9.9937E-05 9.9937E-05 9.9937E-05 0.257197
0.0999504 0.128218 9.9973E-05 0.149653 9.9973E-05 0.298725 0.0654472 9.9973E-05 0.206388 0.0513184
0.216482 0.0368878 0.0472081 9.9973E-05 9.9973E-05 0.334501 0.0403467 9.9973E-05 0.117263 0.207011
0.0892915 0.503182 0.106594 0.0903283 9.9964E-05 0.176207 9.9964E-05 0.0339973 9.9964E-05 9.9964E-05
9.9982E-05 0.499533 0.00429255 9.9982E-05 0.0458927 0.116142 0.0744486 0.0317342 0.127513 0.100244
0.0655185 0.575179 0.115163 0.00825645 0.00314035 0.223277 9.9982E-05 0.00299548 9.9982E-05 0.00626988
0.199094 0.145653 0.05447 0.135229 9.9982E-05 0.242722 9.9982E-05 0.0317406 0.120094 0.0707972
9.9973E-05 0.498556 0.0298161 0.11168 9.9973E-05 0.202448 0.0377969 0.0201996 0.0992037 9.9973E-05
0.101945 0.434816 0.0208881 0.0311924 0.0944549 0.111385 0.00934138 0.0353636 0.0786756 0.081938
0.0941324 0.301901 0.0750954 0.0497726 9.9991E-05 0.0183207 0.0596437 0.0533469 0.273991 0.0736967
0.049704 0.00292285 0.1639 0.0564347 9.9982E-05 0.246893 9.9982E-05 0.0427036 0.335521 0.101721
0.0823721 0.516033 9.9991E-05 0.0927139 0.0105095 0.0259141 0.0195147 0.079063 0.141566 0.0322131
0.022739 0.330879 0.0434899 0.0562071 0.00936796 0.194775 0.0704298 0.00297492 0.269038 9.9991E-05
0.159575 9.9973E-05 9.9973E-05 0.164335 9.9973E-05 0.0441707 0.0113281 0.0355086 0.500462 0.0843212
0.0502761 0.363709 9.9982E-05 0.044578 0.0191406 0.216932 0.0539771 0.00480891 0.246378 9.9982E-05
0.110462 0.534161 9.9982E-05 9.9982E-05 0.0584963 0.0855262 0.0811516 0.0451686 0.0357286 0.0491054
9.9964E-05 0.392879 9.9964E-05 9.9964E-05 0.0510041 0.227793 0.00201335 0.0857877 0.240123 9.9964E-05
0.114906 0.161083 0.00345872 0.0512392 0.0608661 0.157365 0.0238241 0.037338 0.365822 0.0240973
0.0217177 0.415233 9.9982E-05 9.9982E-05 0.0495619 0.0564672 0.00191133 0.0159568 0.32106 0.117892
9.9982E-05 0.569808 0.0336895 0.069108 9.9982E-05 0.0538477 0.0812654 0.0552349 0.0936478 0.0431989
0.0653468 0.0745011 9.9982E-05 0.0367428 9.9982E-05 0.129802 0.16668 0.038936 0.486517 0.00127437
0.358793 0.530036 9.9955E-05 9.9955E-05 9.9955E-05 0.0513824 0.0306984 9.9955E-05 0.0285903 9.9955E-05
0.601327 0.146045 9.9937E-05 9.9937E-05 9.9937E-05 9.9937E-05 9.9937E-05 9.9937E-05 0.251928 9.9937E-05
0.151297 0.505828 0.0690805 0.00392807 0.0276253 0.192486 0.03854 9.9982E-05 9.9982E-05 0.0110153
0.846252 0.00191707 0.0192412 0.01475 0.0126725 9.9973E-05 9.9973E-05 9.9973E-05 0.0408282 0.0640396
0.789731 9.9973E-05 0.00745341 0.036823 9.9973E-05 0.0509783 0.015242 9.9973E-05 0.0672749 0.0321976
0.662739 0.267751 9.9937E-05 9.9937E-05 9.9937E-05 0.0688099 9.9937E-05 9.9937E-05 9.9937E-05 9.9937E-05
0.407197 0.427582 9.9964E-05 0.0236889 9.9964E-05 0.0331706 9.9964E-05 0.0467797 0.0611822 9.9964E-05
0.092593 0.549068 0.108364 0.0709844 9.9973E-05 0.0590477 0.08315 0.0364935 9.9973E-05 9.9973E-05
0.330718 0.436001 9.9964E-05 9.9964E-05 0.0154395 9.9964E-05 0.021757 0.038023 0.157662 9.9964E-05
0.474662 0.123008 0.0150635 0.106244 0.0555654 9.9973E-05 9.9973E-05 0.00723187 0.217925 9.9973E-05
0.410337 0.203392 0.00541359 0.194126 0.045423 9.9964E-05 9.9964E-05 9.9964E-05 0.140909 9.9964E-05
0.180261 0.494024 9.9973E-05 0.102756 0.0385706 9.9973E-05 0.123531 0.044877 0.0156806 9.9973E-05
0.47124 0.251325 9.9964E-05 0.0216945 0.0509339 9.9964E-05 0.0134083 9.9964E-05 0.190998 9.9964E-05
0.407023 0.400719 0.00877817 9.9955E-05 9.9955E-05 9.9955E-05 9.9955E-05 0.010974 0.172006 9.9955E-05
0.561726 0.372091 9.9955E-05 9.9955E-05 9.9955E-05 9.9955E-05 0.0118022 9.9955E-05 0.0148969 0.0389844
0.686846 9.9982E-05 0.00975415 0.0107613 0.0247861 0.0363532 0.093367 9.9982E-05 0.00681397 0.131118
0.196007 0.463295 9.9973E-05 9.9973E-05 0.0677697 0.0813968 0.0335465 9.9973E-05 0.149023 0.00866199
9.9955E-05 0.121305 0.806728 9.9955E-05 9.9955E-05 0.034412 9.9955E-05 0.0221859 0.0148691 9.9955E-05
9.9937E-05 0.0832599 0.827502 9.9937E-05 9.9937E-05 9.9937E-05 9.9937E-05 0.0885389 9.9937E-05 9.9937E-05
9.9946E-05 0.110582 0.758424 9.9946E-05 0.0148608 9.9946E-05 9.9946E-05 0.115534 9.9946E-05 9.9946E-05
0.0274381 0.0380288 0.818554 9.9946E-05 9.9946E-05 9.9946E-05 9.9946E-05 0.11538 9.9946E-05 9.9946E-05
9.9973E-05 0.0676675 0.786485 9.9973E-05 0.0319698 9.9973E-05 0.0126113 0.0716663 0.0267821 0.00251841
0.0289324 0.0777051 0.839732 9.9964E-05 9.9964E-05 9.9964E-05 0.0181993 0.0291981 9.9964E-05 0.00583326
9.9964E-05 0.0577897 0.846088 9.9964E-05 0.0106143 0.0161811 9.9964E-05 0.058218 0.0107092 9.9964E-05
0.209932 0.51145 0.00844583 0.0366409 0.0688331 0.0116913 9.9991E-05 0.0384324 0.0786691 0.0358046
0.0925533 0.493918 0.0818538 9.9982E-05 0.000149805 0.156838 0.053387 0.00603965 0.115061 9.9982E-05
0.719028 0.0271329 0.0490751 9.9946E-05 9.9946E-05 9.9946E-05 9.9946E-05 9.9946E-05 0.204165 9.9946E-05
0.160786 0.410405 9.9973E-05 0.00558166 0.122417 9.9973E-05 0.0683576 9.9973E-05 0.132622 0.0995318
0.376836 0.386519 9.9964E-05 0.0150824 9.9964E-05 0.00712544 9.9964E-05 0.0390097 0.175027 9.9964E-05
0.267756 0.626105 0.010433 0.0445032 9.9964E-05 9.9964E-05 0.03313 9.9964E-05 9.9964E-05 0.0176732
0.196046 0.530886 9.9964E-05 9.9964E-05 0.0032757 9.9964E-05 0.191004 0.030403 0.0479847 9.9964E-05
0.437224 0.439911 9.9946E-05 9.9946E-05 0.0762448 9.9946E-05 9.9946E-05 0.04602 9.9946E-05 9.9946E-05
0.637001 9.9946E-05 0.0132812 0.0873966 9.9946E-05 9.9946E-05 9.9946E-05 9.9946E-05 0.261722 9.9946E-05
0.140513 0.463416 0.163998 9.9973E-05 0.0741598 0.0749598 0.0147417 9.9973E-05 0.0679116 9.9973E-05
0.0641775 0.758582 0.0832288 0.0121031 9.9964E-05 9.9964E-05 0.0169857 9.9964E-05 9.9964E-05 0.0645233
0.0580437 0.536631 0.0731463 0.0445076 0.0479628 0.0888728 9.9991E-05 0.0258881 0.0867516 0.0380959
0.466704 0.21005 0.0147552 9.9982E-05 0.0480806 0.184845 0.00514885 0.00886309 9.9982E-05 0.0613531
0.432565 0.426156 0.0134416 9.9955E-05 9.9955E-05 9.9955E-05 0.0445434 0.0827949 9.9955E-05 9.9955E-05
0.26059 0.395103 9.9955E-05 9.9955E-05 9.9955E-05 9.9955E-05 0.0753496 9.9955E-05 0.248897 0.0195604
0.56018 0.270181 9.9964E-05 0.0350457 0.0846589 0.0087588 0.0407752 9.9964E-05 9.9964E-05 9.9964E-05
0.375814 0.394733 0.0132706 0.158756 9.9964E-05 9.9964E-05 9.9964E-05 0.0138323 0.043195 9.9964E-05
0.0894829 0.569252 0.11141 0.0442284 0.0319431 0.0393973 9.9973E-05 9.9973E-05 0.113986 9.9973E-05
0.102522 0.059736 0.0211187 0.103704 9.9991E-05 0.31653 0.132142 0.0432629 0.185681 0.0352034
0.0475041 0.343167 0.134519 0.100163 0.00646209 0.0763628 0.0110058 0.043034 0.225051 0.0127302
0.00103812 0.454371 0.0461936 0.0122289 0.0867762 0.109899 0.0282797 0.0538514 0.192659 0.0147033
0.0909875 0.501879 9.9982E-05 0.0182309 0.0620517 0.197436 0.0219745 0.0374456 0.0697944 9.9982E-05
9.9973E-05 0.441803 0.00887933 0.0989465 9.9973E-05 0.142849 9.9973E-05 0.0269588 0.257986 0.0222775
0.0463146 0.483727 9.9982E-05 0.114093 0.00246698 0.179756 0.0159292 9.9982E-05 0.13085 0.0266638
9.9964E-05 0.368977 0.00304802 0.130568 9.9964E-05 0.303476 0.00124592 9.9964E-05 0.192285 9.9964E-05
0.0101029 0.418418 0.0682969 0.023569 0.0529742 0.301415 0.0312142 0.0668954 9.9991E-05 0.0270146
9.9964E-05 0.506212 0.117152 9.9964E-05 9.9964E-05 0.256079 9.9964E-05 0.00234072 0.0952434 0.0225734
0.00582066 0.484529 9.9982E-05 0.0647484 9.9982E-05 0.120265 0.0617582 0.0498881 0.19227 0.0205207
9.9955E-05 0.399676 9.9955E-05 0.12074 9.9955E-05 0.284489 9.9955E-05 0.0230876 0.171508 9.9955E-05
0.0647048 0.576982 0.031674 0.08257 0.00679773 0.175883 9.9973E-05 9.9973E-05 9.9973E-05 0.0610884
0.153317 0.532315 0.0581054 0.047732 0.0630879 0.0747763 9.9982E-05 0.0179816 9.9982E-05 0.052484
9.9964E-05 0.518554 9.9964E-05 0.0588234 0.0247762 0.171286 9.9964E-05 0.0199125 0.206247 9.9964E-05
9.9973E-05 0.550477 0.0265702 0.00685649 0.0243517 0.314298 9.9973E-05 0.0325765 9.9973E-05 0.0445702
9.9982E-05 0.499563 0.0266955 0.0279586 0.00529867 0.370456 0.00234337 0.0373665 0.0301186 9.9982E-05
9.9991E-05 0.241361 0.12341 0.0451212 0.0185693 0.258894 0.0818241 0.0116069 0.111245 0.107869
9.9955E-05 0.581173 9.9955E-05 0.0309985 9.9955E-05 0.305817 9.9955E-05 0.0381072 0.0434043 9.9955E-05
9.9982E-05 0.561473 0.000274469 0.0341744 0.0317475 0.277383 0.031113 0.0193591 9.9982E-05 0.044276
0.0948579 0.166895 0.0275217 0.214196 0.057225 0.0900244 0.0617824 9.9982E-05 0.287298 9.9982E-05
0.128927 0.0947467 0.0930259 0.0046215 0.00343279 0.453749 0.109113 9.9991E-05 0.0327792 0.0795051
0.0302042 0.490921 0.00374699 0.188486 0.0273333 0.105151 9.9991E-05 0.0344822 0.0927719 0.0268034
0.162041 0.0407167 9.9973E-05 0.103291 9.9973E-05 0.466227 0.137399 0.0257709 9.9973E-05 0.064255
0.0267071 0.212138 0.00383415 0.157597 9.9964E-05 0.141887 9.9964E-05 9.9964E-05 0.457437 9.9964E-05
0.0599867 0.342671 0.0365751 0.079573 9.9982E-05 0.177592 0.0316492 9.9982E-05 0.237661 0.0340923
0.101083 0.249409 9.9973E-05 0.114587 9.9973E-05 0.210658 0.00157801 0.0548653 0.267519 9.9973E-05
0.0417467 0.177305 0.0193122 0.144758 9.9964E-05 0.333368 9.9964E-05 9.9964E-05 0.283111 9.9964E-05
0.0841554 0.541378 0.0440341 9.9973E-05 9.9973E-05 0.193749 0.0497427 0.0345283 0.0521125 9.9973E-05
0.0835309 0.490645 0.0911671 0.0992887 0.0731356 9.9991E-05 0.0683909 0.0153195 0.0401542 0.0382679
0.0330625 0.442687 0.0522894 0.105988 9.9982E-05 0.175022 0.0641141 0.0378296 0.0888074 9.9982E-05
0.0212554 0.000928237 9.9973E-05 0.0376761 0.025675 0.809284 9.9973E-05 9.9973E-05 0.00255676 0.102325
0.180462 0.397017 0.217437 0.0150344 0.0243122 0.13196 0.0334785 9.9973E-05 9.9973E-05 9.9973E-05
0.126695 0.485426 9.9973E-05 0.00029462 0.0930597 9.9973E-05 9.9973E-05 0.00180199 0.134715 0.157708
0.139205 9.9982E-05 0.0932739 0.117758 9.9982E-05 0.0750193 0.166371 0.00592683 0.0549169 0.347329
0.10368 0.52816 0.136607 0.0167078 0.0523679 0.0443842 9.9973E-05 9.9973E-05 9.9973E-05 0.117793
0.186748 0.342178 0.0762405 9.9973E-05 9.9973E-05 0.136004 0.0660515 0.0158459 9.9973E-05 0.176632
0.0273924 0.455772 0.0492388 0.0419883 0.079933 0.1528 0.0503406 0.0381405 0.0329838 0.0714105
0.164647 0.196227 9.9982E-05 0.0940948 0.0181116 0.0259241 9.9982E-05 0.0733653 0.00759298 0.419837
0.016515 0.137289 0.0467741 0.0876192 9.9973E-05 9.9973E-05 0.165101 9.9973E-05 0.251683 0.294719
9.9955E-05 0.413481 9.9955E-05 0.135065 9.9955E-05 9.9955E-05 0.148672 9.9955E-05 0.112664 0.189618
0.108123 0.497311 0.174972 0.104716 0.0108571 0.0373333 9.9973E-05 9.9973E-05 9.9973E-05 0.0663873
0.0656409 0.399123 0.0750523 0.0464604 0.0249129 0.0524135 0.0650751 9.9991E-05 0.161628 0.109594
0.142651 9.9973E-05 0.043605 9.9973E-05 0.112994 0.186948 0.097539 9.9973E-05 0.161273 0.254691
0.101849 0.460916 0.100053 0.0299334 0.0692268 0.0839975 0.0386442 0.0214775 0.0938024 9.9991E-05
0.206377 0.299658 9.9964E-05 0.0306666 9.9964E-05 0.0666636 9.9964E-05 9.9964E-05 0.129172 0.267063
0.0842158 0.397444 9.9973E-05 0.0534821 9.9973E-05 0.0933401 0.0820037 9.9973E-05 0.0980176 0.191197
9.9982E-05 0.449141 0.0981414 0.0471373 0.095119 0.0844704 0.107165 0.051577 9.9982E-05 0.0670494
9.9964E-05 0.147481 0.274275 9.9964E-05 0.209903 9.9964E-05 9.9964E-05 0.0459124 0.0478841 0.274145
9.9937E-05 9.9937E-05 0.507976 9.9937E-05 0.12205 9.9937E-05 9.9937E-05 9.9937E-05 9.9937E-05 0.369274
9.9946E-05 9.9946E-05 0.390747 9.9946E-05 0.167968 9.9946E-05 9.9946E-05 0.00147173 9.9946E-05 0.439213
9.9964E-05 0.0213915 0.353864 9.9964E-05 0.281729 0.120964 9.9964E-05 0.0373724 9.9964E-05 0.18428
0.0904554 0.656132 9.9946E-05 9.9946E-05 9.9946E-05 0.0487046 9.9946E-05 9.9946E-05 9.9946E-05 0.204109
0.111923 0.537485 0.0610548 0.021051 0.0579053 0.0505744 0.0862199 0.0301183 0.0367352 0.00693291
9.9946E-05 0.21146 9.9946E-05 9.9946E-05 0.665566 0.12057 9.9946E-05 0.00180406 9.9946E-05 9.9946E-05
9.9955E-05 0.16682 9.9955E-05 0.11566 0.52235 0.073911 9.9955E-05 9.9955E-05 0.120759 9.9955E-05
0.0444062 0.268723 0.0539461 0.0324055 0.427339 9.9973E-05 0.0525534 9.9973E-05 0.120327 9.9973E-05
0.0711076 0.283265 9.9973E-05 9.9973E-05 9.9973E-05 0.0560391 0.191147 0.00159869 0.00654796 0.389995
0.105494 0.484204 0.0352011 9.9982E-05 0.0173204 0.129538 0.00850531 0.0329643 9.9982E-05 0.186574
0.0364179 0.218949 9.9955E-05 9.9955E-05 9.9955E-05 9.9955E-05 0.154223 9.9955E-05 0.105146 0.484765
0.1461 0.551521 9.9964E-05 0.00389673 0.0468557 9.9964E-05 9.9964E-05 9.9964E-05 0.00805062 0.243176
0.0267359 0.478161 0.0908478 9.9982E-05 9.9982E-05 0.0397185 0.067157 0.00286711 0.0827666 0.211546
9.9964E-05 0.595451 9.9964E-05 0.0765692 9.9964E-05 0.00798067 0.0798573 9.9964E-05 0.0425981 0.197144
0.13724 0.115988 9.9964E-05 9.9964E-05 9.9964E-05 0.141086 0.0546741 9.9964E-05 0.0989868 0.451625
0.0508836 0.546961 0.0399154 9.9973E-05 0.0956137 0.169561 0.0525378 0.0442276 9.9973E-05 9.9973E-05
0.0758613 0.613267 0.0439504 0.00731941 0.0119533 0.0293986 9.9982E-05 9.9982E-05 0.0553284 0.162721
0.0613905 9.9937E-05 9.9937E-05 9.9937E-05 0.93718 9.9937E-05 0.000730228 9.9937E-05 9.9937E-05 9.9937E-05
9.9937E-05 0.103923 9.9937E-05 9.9937E-05 0.843185 9.9937E-05 0.0521926 9.9937E-05 9.9937E-05 9.9937E-05
9.9946E-05 0.279033 9.9946E-05 0.047902 0.552243 9.9946E-05 9.9946E-05 9.9946E-05 0.120222 9.9946E-05
9.9946E-05 0.271782 9.9946E-05 0.0384307 0.677212 9.9946E-05 0.0119758 9.9946E-05 9.9946E-05 9.9946E-05
0.0454238 0.177444 0.0297693 9.9964E-05 0.717053 9.9964E-05 9.9964E-05 9.9964E-05 0.00554617 0.0243632
9.99201E-05 9.99201E-05 9.99201E-05 9.99201E-05 0.999101 9.99201E-05 9.99201E-05 9.99201E-05 9.99201E-05 9.99201E-05
9.9937E-05 9.9937E-05 9.9937E-05 0.0136089 0.981133 9.9937E-05 0.00455868 9.9937E-05 9.9937E-05 9.9937E-05
9.9937E-05 0.182458 9.9937E-05 9.9937E-05 0.8085 0.00834239 9.9937E-05 9.9937E-05 9.9937E-05 9.9937E-05
9.9937E-05 0.030264 9.9937E-05 0.0397334 0.929303 9.9937E-05 9.9937E-05 9.9937E-05 9.9937E-05 9.9937E-05
9.99201E-05 9.99201E-05 9.99201E-05 9.99201E-05 0.999101 9.99201E-05 9.99201E-05 9.99201E-05 9.99201E-05 9.99201E-05
9.9928E-05 9.9928E-05 9.9928E-05 9.9928E-05 0.991611 9.9928E-05 9.9928E-05 0.00758926 9.9928E-05 9.9928E-05
9.9946E-05 0.124079 9.9946E-05 9.9946E-05 0.739647 9.9946E-05 9.9946E-05 0.0692547 0.0664191 9.9946E-05
0.00133103 0.128016 0.0318264 0.0297673 0.804862 9.9964E-05 9.9964E-05 9.9964E-05 9.9964E-05 0.00379663
0.0371214 9.9937E-05 9.9937E-05 9.9937E-05 0.959837 9.9937E-05 9.9937E-05 0.00234224 9.9937E-05 9.9937E-05
0.0291646 0.308394 0.0310966 0.144262 0.441118 0.0455646 9.9964E-05 9.9964E-05 9.9964E-05 9.9964E-05
0.0232204 0.170466 9.9964E-05 9.9964E-05 0.611527 0.123996 0.00531323 0.0650778 9.9964E-05 9.9964E-05
9.9982E-05 0.0933059 0.00816661 0.0275393 0.705845 0.057037 0.0212726 0.0728676 9.9982E-05 0.0137655
9.9946E-05 0.0656254 9.9946E-05 9.9946E-05 0.834871 9.9946E-05 9.9946E-05 0.0399771 0.0589268 9.9946E-05
0.0164515 0.00414385 9.9946E-05 9.9946E-05 0.963576 0.0152286 9.9946E-05 9.9946E-05 9.9946E-05 9.9946E-05
9.9946E-05 0.108499 0.0585215 9.9946E-05 0.814276 9.9946E-05 9.9946E-05 9.9946E-05 0.0181042 9.9946E-05
9.9928E-05 9.9928E-05 9.9928E-05 9.9928E-05 0.971284 9.9928E-05 9.9928E-05 0.0279165 9.9928E-05 9.9928E-05
9.9946E-05 0.310613 9.9946E-05 0.0701239 0.56361 9.9946E-05 9.9946E-05 9.9946E-05 0.0550535 9.9946E-05
0.00915836 0.00999189 0.00466061 9.9973E-05 0.863802 9.9973E-05 0.0130524 0.000262237 0.0987724 9.9973E-05
0.037584 9.9964E-05 0.295035 9.9964E-05 0.0326511 9.9964E-05 0.0316698 9.9964E-05 0.0803648 0.522296
9.9964E-05 0.435896 0.123908 0.165575 9.9964E-05 9.9964E-05 9.9964E-05 0.0227463 0.0708229 0.180653
9.9955E-05 0.489642 0.208782 0.0725229 9.9955E-05 9.9955E-05 0.00496179 9.9955E-05 9.9955E-05 0.223591
9.9982E-05 0.132374 0.0807899 0.0603411 0.113468 0.0236919 0.0431675 0.0851901 9.9982E-05 0.460778
9.9964E-05 0.436026 0.0721661 9.9964E-05 0.107192 0.159499 9.9964E-05 0.0238759 9.9964E-05 0.200841
9.9982E-05 0.176282 0.142634 9.9982E-05 0.112361 0.0879038 0.104337 0.0604771 0.0215931 0.294212
0.03078 0.369359 0.185264 9.9982E-05 0.0662293 9.9982E-05 0.142673 0.0410718 0.0777446 0.0866786
0.0641994 0.323463 0.0858476 9.9982E-05 0.129983 0.000150181 0.00188981 9.9982E-05 0.0512385 0.343028
9.9964E-05 0.513772 0.082171 9.9964E-05 0.0615723 0.0229304 9.9964E-05 0.0838524 9.9964E-05 0.235302
9.9955E-05 0.363439 0.0401022 9.9955E-05 0.170728 9.9955E-05 9.9955E-05 0.0422742 9.9955E-05 0.382957
9.9964E-05 0.480603 0.212493 9.9964E-05 9.9964E-05 0.0475468 9.9964E-05 0.0206579 0.0590134 0.179286
9.9955E-05 0.036258 0.801988 0.0721307 9.9955E-05 9.9955E-05 0.0492749 9.9955E-05 9.9955E-05 0.0398481
9.9955E-05 9.9955E-05 0.880969 9.9955E-05 0.0384115 0.000678049 0.0378106 0.0416312 9.9955E-05 9.9955E-05
9.9946E-05 0.0213048 0.905363 0.0455542 9.9946E-05 9.9946E-05 9.9946E-05 0.0271787 9.9946E-05 9.9946E-05
9.9955E-05 0.0551959 0.866396 0.057316 9.9955E-05 9.9955E-05 9.9955E-05 0.00923697 9.9955E-05 0.0113556
9.9973E-05 0.0324181 0.775826 0.000743038 0.011344 0.0464527 9.9973E-05 0.1302 0.00271626 9.9973E-05
9.9955E-05 9.9955E-05 0.787457 9.9955E-05 0.100403 0.0190409 0.0107151 0.0818841 9.9955E-05 9.9955E-05
9.9946E-05 0.0317039 0.876034 9.9946E-05 0.0535386 9.9946E-05 9.9946E-05 0.0381234 9.9946E-05 9.9946E-05
9.9964E-05 9.9964E-05 0.852212 9.9964E-05 0.00386675 0.0709827 0.00855909 0.0314267 9.9964E-05 0.0325529
0.00665194 0.0526135 0.875924 9.9964E-05 0.034392 9.9964E-05 9.9964E-05 0.02181 0.00820835 9.9964E-05
9.9955E-05 0.0536122 0.836423 9.9955E-05 0.0439911 9.9955E-05 9.9955E-05 0.0208011 0.0446729 9.9955E-05
0.0569103 9.9973E-05 0.610643 0.0869797 9.9973E-05 0.0258817 0.0230519 0.0112615 0.184972 9.9973E-05
9.9946E-05 9.9946E-05 0.536487 0.194489 9.9946E-05 9.9946E-05 9.9946E-05 0.0128082 0.255617 9.9946E-05
9.9964E-05 9.9964E-05 0.456475 0.174776 9.9964E-05 9.9964E-05 0.112207 0.0402706 0.186239 0.0296325
0.0814162 9.9964E-05 0.483721 0.145745 9.9964E-05 0.00229366 0.0302048 9.9964E-05 0.256219 9.9964E-05
0.194654 0.43189 9.9973E-05 0.0140306 9.9973E-05 0.00963022 0.0423097 0.0369821 0.270204 9.9973E-05
0.209327 0.452322 0.0328004 0.00290908 0.0307439 0.0616316 0.0906646 9.9982E-05 0.119402 9.9982E-05
0.0714232 0.516035 9.9982E-05 0.147264 0.0163935 0.0350665 0.0736725 0.0127583 0.127186 9.9982E-05
0.21184 0.326401 9.9973E-05 0.0577966 9.9973E-05 0.203193 9.9973E-05 0.0559434 0.115014 0.0295124
0.0610917 0.0557962 9.9955E-05 0.272087 9.9955E-05 0.25925 9.9955E-05 9.9955E-05 0.351275 9.9955E-05
0.213528 0.571782 0.0118845 0.00751935 0.0451586 0.0570052 0.0617337 0.0109939 9.9991E-05 0.0202946
0.238098 0.471623 9.9964E-05 0.0127533 0.0275746 0.207484 9.9964E-05 9.9964E-05 0.0420674 9.9964E-05
0.272532 0.502799 9.9982E-05 0.0399391 9.9982E-05 0.0241399 0.0358814 0.0066482 0.07964 0.0382203
0.577424 0.373046 9.9955E-05 9.9955E-05 0.0349161 0.0138001 9.9955E-05 9.9955E-05 9.9955E-05 0.000313342
0.196009 0.512076 9.9964E-05 0.120776 0.10975 0.0403706 0.020618 9.9964E-05 9.9964E-05 9.9964E-05
0.279392 0.419651 9.9973E-05 0.0758751 9.9973E-05 9.9973E-05 0.0640491 0.0089619 0.140542 0.011229
0.798752 9.9955E-05 9.9955E-05 0.0222072 9.9955E-05 0.061582 0.105234 0.0117248 9.9955E-05 9.9955E-05
0.16897 0.460596 0.0615373 9.9964E-05 0.00363463 0.24156 0.0633021 9.9964E-05 9.9964E-05 9.9964E-05
0.425763 0.196741 9.9973E-05 9.9973E-05 0.0226337 0.18681 0.083689 0.00317024 9.9973E-05 0.080893
0.28471 0.394031 9.9964E-05 9.9964E-05 0.0494851 0.223336 0.0352069 0.0128318 9.9964E-05 9.9964E-05
0.612467 0.0741375 0.0172783 0.108802 9.9964E-05 9.9964E-05 0.0534643 9.9964E-05 0.133451 9.9964E-05
9.9955E-05 9.9955E-05 0.0302617 0.789883 0.0115466 9.9955E-05 9.9955E-05 0.00616543 9.9955E-05 0.161644
9.9955E-05 0.0250467 0.0732397 0.770322 0.0115015 9.9955E-05 9.9955E-05 9.9955E-05 9.9955E-05 0.11939
9.9946E-05 0.00864334 9.9946E-05 0.905076 9.9946E-05 9.9946E-05 0.0555937 0.0300869 9.9946E-05 9.9946E-05
0.0131717 9.9955E-05 0.052915 0.858438 9.9955E-05 9.9955E-05 0.0150144 9.9955E-05 9.9955E-05 0.0599611
9.99369E-05 0.0776607 9.99369E-05 0.828235 9.99369E-05 9.99369E-05 9.99369E-05 9.99369E-05 9.99369E-05 0.0934052
9.9955E-05 0.0935157 0.0262523 0.806682 0.0375944 9.9955E-05 9.9955E-05 9.9955E-05 9.9955E-05 0.0354553
9.9946E-05 0.108411 0.80163 9.9946E-05 0.0236947 9.9946E-05 9.9946E-05 0.0656653 9.9946E-05 9.9946E-05
9.9955E-05 0.0500415 0.793096 0.0646535 9.9955E-05 9.9955E-05 9.9955E-05 0.0175934 0.0741162 9.9955E-05
9.9946E-05 0.171079 0.710062 9.9946E-05 0.0730118 9.9946E-05 9.9946E-05 0.0452473 9.9946E-05 9.9946E-05
9.9964E-05 0.0567552 0.712806 0.0245599 0.0913424 9.9964E-05 9.9964E-05 0.0417514 0.0723854 9.9964E-05
9.9955E-05 0.113591 0.771443 0.0492245 0.0574099 9.9955E-05 9.9955E-05 0.00783164 9.9955E-05 9.9955E-05
0.00674626 9.9973E-05 0.351511 0.446454 9.9973E-05 0.0405744 9.9973E-05 0.0183703 0.0409436 0.0951006
9.9964E-05 9.9964E-05 0.396313 0.441283 9.9964E-05 9.9964E-05 0.0577428 0.0292631 0.035008 0.0399905
9.9946E-05 9.9946E-05 0.364029 0.426682 9.9946E-05 9.9946E-05 0.165085 0.0436043 9.9946E-05 9.9946E-05
9.99201E-05 9.99201E-05 9.99201E-05 9.99201E-05 9.99201E-05 9.99201E-05 9.99201E-05 0.999101 9.99201E-05 9.99201E-05
0.111204 9.9973E-05 0.303415 0.449548 9.9973E-05 0.0451073 0.0279482 0.0538671 9.9973E-05 0.00861075
9.9973E-05 0.26369 0.197254 0.00747838 0.351083 9.9973E-05 0.0703142 9.9973E-05 0.00955353 0.100327
0.0277329 0.507198 0.1118 9.9982E-05 0.23677 0.0114176 9.9982E-05 0.0359154 0.0133736 0.0555917
9.9955E-05 0.505693 0.173669 9.9955E-05 0.242048 9.9955E-05 9.9955E-05 0.0134532 0.0646365 9.9955E-05
0.0914463 0.288298 0.285467 0.0264997 0.251478 0.0194227 9.9982E-05 0.0224207 9.9982E-05 0.0147683
0.0447232 0.50991 0.11673 0.0849325 0.109423 9.9973E-05 9.9973E-05 0.0980197 9.9973E-05 0.0359616
9.9955E-05 9.9955E-05 0.405345 9.9955E-05 0.302401 0.0236815 0.00280943 9.9955E-05 9.9955E-05 0.265263
0.0522185 0.379149 0.00444318 0.139336 9.9973E-05 0.276256 9.9973E-05 9.9973E-05 0.133822 0.0144757
0.038624 0.292732 0.0226312 0.0209957 9.9982E-05 0.403838 0.0995343 9.9982E-05 0.043619 0.0778261
9.9964E-05 0.0980069 0.0899218 0.114228 9.9964E-05 0.0896331 9.9964E-05 0.0130956 0.594715 9.9964E-05
0.0742863 0.439961 9.9955E-05 0.125927 9.9955E-05 0.240369 0.118957 9.9955E-05 9.9955E-05 9.9955E-05
0.168546 9.9946E-05 9.9946E-05 9.9946E-05 9.9946E-05 0.389906 0.271996 9.9946E-05 9.9946E-05 0.168953
0.0821721 0.464208 0.0612659 9.9991E-05 0.0379093 0.0194199 0.00642272 0.0453713 0.221883 0.0612476
9.9973E-05 0.460016 0.0558588 0.0508229 9.9973E-05 0.272372 0.110337 9.9973E-05 0.0441649 0.00612867
0.00790512 0.153375 0.0506962 0.0338233 9.9982E-05 0.347094 0.0134483 0.0102978 0.38316 9.9982E-05
9.9982E-05 0.461267 0.0899711 0.135246 0.0657326 0.0355363 0.0916671 9.9982E-05 0.0870667 0.0333132
0.104866 9.99549E-05 9.99549E-05 9.99549E-05 9.99549E-05 0.368033 0.0994834 9.99549E-05 0.219822 0.207297
9.9973E-05 0.448332 0.0435898 0.0672465 9.9973E-05 0.264797 0.0786999 9.9973E-05 0.0483024 0.0487334
0.0205495 0.387195 9.9982E-05 0.159832 0.0681361 0.15492 0.0376877 0.016575 0.154905 9.9982E-05
0.10411 0.395721 0.105355 0.014033 0.170229 0.0885249 9.9982E-05 9.9982E-05 0.0523726 0.0694549
9.9964E-05 0.239575 9.9964E-05 0.0951184 9.9964E-05 0.23611 0.15915 9.9964E-05 0.161111 0.108536
0.0490363 0.400588 0.000889915 0.119257 9.9982E-05 0.240601 0.0875611 9.9982E-05 0.0523702 0.0494962
0.0576117 0.388402 9.9982E-05 0.0989957 0.0559163 0.00469899 0.186868 9.9982E-05 0.125427 0.0818803
0.0577945 0.479163 0.00444713 0.12451 9.9973E-05 0.246907 0.0695206 9.9973E-05 9.9973E-05 0.017357
0.0297681 0.588628 0.035264 0.0646847 0.00476842 0.108947 0.0650819 0.0208613 0.0818962 9.9991E-05
0.0823803 0.442212 9.9973E-05 0.0177617 0.0678918 9.9973E-05 0.0810252 0.0592642 0.249165 9.9973E-05
0.0812634 0.544256 0.050664 0.0520806 0.0829442 0.105135 9.9991E-05 0.018944 0.0339318 0.0306811
9.9937E-05 0.139339 0.762392 9.9937E-05 0.0975696 9.9937E-05 9.9937E-05 9.9937E-05 9.9937E-05 9.9937E-05
0.0432086 0.07996 0.822536 9.9964E-05 0.0229606 9.9964E-05 0.0306783 0.000256975 9.9964E-05 9.9964E-05
9.9973E-05 0.0555603 0.787327 0.0490335 0.0167261 9.9973E-05 0.0254055 9.9973E-05 0.00768692 0.0579607
0.0462376 0.0305623 0.800178 0.0434982 0.0395455 9.9973E-05 0.0317596 0.00791872 9.9973E-05 9.9973E-05
9.9955E-05 0.148837 0.781155 9.9955E-05 0.0247532 9.9955E-05 0.00107781 0.0436772 9.9955E-05 9.9955E-05
9.9973E-05 0.0343637 0.0267189 0.103043 0.0109066 0.3592 9.9973E-05 9.9973E-05 0.444096 0.0213709
0.0962958 0.334851 0.0221563 0.0163484 0.11735 0.292186 0.063468 0.0371773 0.0200668 9.9991E-05
9.9955E-05 0.4025 0.188051 0.106574 0.150826 9.9955E-05 9.9955E-05 9.9955E-05 9.9955E-05 0.15155
0.0142613 0.610332 0.0219016 0.0154065 9.9982E-05 0.202327 9.9982E-05 0.0585344 0.0725506 0.00448634
0.0828605 0.512929 0.0164043 0.0449206 9.9982E-05 0.225122 0.0792036 0.0105263 0.0278335 9.9982E-05
9.9991E-05 0.213139 0.0344101 0.0798012 0.0458066 0.440736 0.0456479 0.0194188 0.0571823 0.0637584
9.9955E-05 9.9955E-05 0.112468 0.0932107 9.9955E-05 0.643748 9.9955E-05 0.030588 0.119485 9.9955E-05
0.0310879 0.428945 0.0108531 0.115532 0.0307183 0.31811 9.9982E-05 0.00745975 0.0570936 9.9982E-05
0.0254706 0.0038559 0.0442076 0.245956 0.0617921 0.24787 0.11354 9.9982E-05 0.257108 9.9982E-05
0.143255 0.32865 0.00822926 0.0876514 0.0268665 0.312651 0.0503927 9.9982E-05 9.9982E-05 0.0421027
0.00655706 9.9964E-05 0.156883 0.0755494 0.00442993 0.423633 9.9964E-05 9.9964E-05 0.332548 9.9964E-05
0.0279938 0.494873 0.0728371 0.0452744 0.0615496 0.187266 0.00697269 0.0433333 0.0598001 9.9991E-05
9.9964E-05 0.0583998 0.0537547 0.0858674 0.00237946 0.349403 9.9964E-05 9.9964E-05 0.449796 9.9964E-05
0.0108108 0.268866 0.00310362 0.137687 0.046469 0.261643 0.0577664 9.9991E-05 0.120139 0.0934147
0.0441808 0.464418 0.0133769 0.050478 9.9973E-05 9.9973E-05 9.9973E-05 0.0667494 0.146711 0.213786
9.9955E-05 0.292619 9.9955E-05 0.0933728 9.9955E-05 9.9955E-05 0.0604074 9.9955E-05 0.100089 0.453012
0.104432 0.469181 0.0527127 9.9964E-05 9.9964E-05 9.9964E-05 0.0183304 9.9964E-05 0.0947091 0.260235
9.9973E-05 0.546039 0.0639735 9.9973E-05 9.9973E-05 0.100425 0.0473174 0.0515149 0.0422998 0.14813
0.0622099 0.326901 9.9964E-05 0.0630474 9.9964E-05 9.9964E-05 0.0688511 9.9964E-05 0.0592267 0.419364
0.0526747 0.407618 9.9982E-05 0.118345 0.0994232 9.9982E-05 0.154292 0.0161925 0.0531319 0.0981225
9.9964E-05 0.567364 9.9964E-05 0.0376556 9.9964E-05 0.0388304 0.145341 0.0146003 9.9964E-05 0.195808
0.198826 0.108781 9.9955E-05 0.104223 9.9955E-05 9.9955E-05 0.118914 9.9955E-05 9.9955E-05 0.468756
0.00634638 0.258248 9.9964E-05 0.0145824 9.9964E-05 9.9964E-05 0.100213 9.9964E-05 0.0518776 0.568333
9.9955E-05 0.536271 9.9955E-05 0.0961389 9.9955E-05 0.0410098 0.0782569 9.9955E-05 9.9955E-05 0.247823
0.15706 0.108179 9.9964E-05 0.0772938 9.9964E-05 9.9964E-05 0.0835585 9.9964E-05 0.152257 0.421252
0.209059 0.362087 9.9955E-05 0.0654755 9.9955E-05 9.9955E-05 9.9955E-05 9.9955E-05 0.118001 0.244877
0.0269355 9.9964E-05 0.0185002 0.0816016 9.9964E-05 0.627773 9.9964E-05 0.0313402 0.213449 9.9964E-05
9.9946E-05 0.136431 9.9946E-05 9.9946E-05 9.9946E-05 0.748904 0.111316 9.9946E-05 0.00274889 9.9946E-05
0.00700309 0.264013 0.00786425 0.105312 0.0333965 0.322591 9.9982E-05 0.0348377 0.224783 9.9982E-05
0.0154524 0.474925 9.9973E-05 0.0400063 0.0828727 0.20915 9.9973E-05 0.0130068 0.164287 9.9973E-05
0.0537535 0.130959 9.9955E-05 0.128586 9.9955E-05 0.301858 9.9955E-05 9.9955E-05 0.384343 9.9955E-05
9.9973E-05 0.29841 9.9973E-05 0.172893 0.139312 0.252691 0.040032 0.0619075 9.9973E-05 0.0344545
9.9955E-05 0.535548 9.9955E-05 0.0882494 0.0150029 0.339316 9.9955E-05 0.0213836 9.9955E-05 9.9955E-05
0.00984734 0.457021 0.0938675 0.0305507 0.0199305 0.34568 9.9973E-05 9.9973E-05 0.0428033 9.9973E-05
9.9973E-05 0.337244 0.0170188 0.132917 0.157316 0.187776 0.0480333 9.9973E-05 0.119395 9.9973E-05
0.111769 0.377244 0.0141232 0.14382 0.026682 0.227738 9.9982E-05 0.0153754 0.0830491 9.9982E-05
0.0482551 0.0533466 9.9973E-05 0.12847 0.0606445 0.387245 9.9973E-05 0.00929219 0.312446 9.9973E-05
9.9964E-05 0.255707 9.9964E-05 0.228112 0.0601991 0.203127 0.0398449 9.9964E-05 0.21261 9.9964E-05
9.9946E-05 0.477532 9.9946E-05 9.9946E-05 0.0223094 0.359277 9.9946E-05 9.9946E-05 0.140282 9.9946E-05
9.9955E-05 0.521436 0.0516632 0.0146303 9.9955E-05 0.39576 9.9955E-05 0.0160112 9.9955E-05 9.9955E-05
9.9982E-05 0.371393 0.072209 0.0432983 9.9982E-05 0.350358 0.0370509 0.0292411 0.0737759 0.022474
9.9964E-05 0.431354 9.9964E-05 0.114936 0.0450488 0.284231 0.0674258 9.9964E-05 0.056604 9.9964E-05
9.9982E-05 0.360065 0.0493905 0.193595 0.031357 0.265482 9.9982E-05 0.0125351 0.0187478 0.0686279
0.0357249 0.524158 0.0170296 0.0604648 9.9973E-05 0.238473 0.0114083 9.9973E-05 0.112442 9.9973E-05
9.9973E-05 0.447635 0.00878223 0.139408 0.0482701 0.0991026 0.060213 9.9973E-05 0.196289 9.9973E-05
0.0882014 0.477258 0.086316 0.0744843 0.0253343 0.202052 9.9982E-05 0.0220443 9.9982E-05 0.0241104
9.9964E-05 0.352116 0.336728 9.9964E-05 0.102806 9.9964E-05 9.9964E-05 0.0418806 0.127005 0.0390645
9.9964E-05 0.439273 0.164405 9.9964E-05 0.16573 0.145975 0.0687317 0.0154856 9.9964E-05 9.9964E-05
0.0516856 0.534702 0.12671 0.0283597 0.0516546 0.0980817 0.0449348 0.022685 9.9991E-05 0.0410863
0.000692567 0.510245 9.9991E-05 0.100686 0.0957338 0.0750313 0.0219469 0.0629846 0.130974 0.00160635
9.9973E-05 0.417481 0.147832 9.9973E-05 0.153091 0.116209 0.0635607 0.057397 0.0441291 9.9973E-05
0.0384634 0.362225 9.9964E-05 0.014149 9.9964E-05 0.393694 0.133027 9.9964E-05 0.0580415 9.9964E-05
0.0829356 0.473425 0.0966453 0.0118405 0.110843 0.0189396 9.9982E-05 0.0762766 0.128894 9.9982E-05
0.135099 0.0147436 0.215908 9.9973E-05 0.126128 0.0376138 9.9973E-05 9.9973E-05 0.0305106 0.439698
9.9973E-05 0.46523 0.101906 9.9973E-05 0.116777 0.111628 9.9973E-05 0.0603603 0.065648 0.0781498
0.0234699 0.520922 0.110102 9.9973E-05 0.141687 0.0518693 0.116011 0.0356388 9.9973E-05 9.9973E-05
0.00534448 0.365392 0.0973023 0.0445884 0.25663 0.212963 0.0128934 0.00468754 9.9982E-05 9.9982E-05
0.0454826 0.228266 0.136145 9.9991E-05 0.107073 0.206351 0.000309574 0.0553834 0.112532 0.108357
9.9964E-05 0.515873 0.146393 9.9964E-05 0.131942 0.102714 0.0383289 9.9964E-05 9.9964E-05 0.0643492
9.9973E-05 0.476965 0.130802 9.9973E-05 0.145066 0.111749 0.0102178 0.0754653 9.9973E-05 0.0494347
9.9964E-05 9.9964E-05 0.420457 9.9964E-05 0.176341 0.0690778 0.00411145 0.0456683 9.9964E-05 0.283945
9.9982E-05 0.447822 0.083665 0.0318113 0.26753 9.9982E-05 0.0493496 0.0533718 0.00136991 0.0648803
0.0547287 0.576646 0.128629 9.9964E-05 0.160972 9.9964E-05 0.0423436 9.9964E-05 9.9964E-05 0.0362805
0.0328607 0.569699 0.0327072 9.9964E-05 0.130011 0.158771 9.9964E-05 9.9964E-05 9.9964E-05 0.0755509
9.9964E-05 0.528055 0.155213 9.9964E-05 0.127472 0.0898561 9.9964E-05 0.0427726 9.9964E-05 0.0562316
0.0118903 0.463414 0.124929 0.0362264 0.113299 9.9991E-05 0.0569648 0.0425257 0.0387083 0.111942
0.00129727 0.425908 9.9973E-05 0.0530049 0.0277107 9.9973E-05 0.406626 0.0752512 9.9973E-05 0.00990138
0.113917 0.414347 0.0430635 0.00367247 0.129003 0.0724947 0.141022 0.0171262 0.0600172 0.00533751
0.0237889 9.9946E-05 9.9946E-05 9.9946E-05 9.9946E-05 9.9946E-05 0.830488 9.9946E-05 0.126558 0.0185652
0.0103006 9.99549E-05 9.99549E-05 0.0643036 9.99549E-05 0.0104299 0.892368 9.99549E-05 9.99549E-05 0.022098
0.0210677 0.526809 0.00100352 0.0399649 9.9973E-05 9.9973E-05 0.2885 0.0391509 0.0832038 9.9973E-05
9.9964E-05 0.364938 0.120438 9.9964E-05 0.2911 0.133598 0.0468212 9.9964E-05 9.9964E-05 0.0427047
9.9973E-05 0.282927 0.0643447 9.9973E-05 0.318452 0.0364328 0.225227 0.0131931 9.9973E-05 0.0591233
9.9973E-05 0.113861 0.170764 9.9973E-05 0.315384 0.0386265 0.162341 9.9973E-05 0.0463859 0.152338
9.9973E-05 0.301555 0.161397 9.9973E-05 0.204649 9.9973E-05 0.149748 0.0264844 0.130278 0.0255891
9.9964E-05 0.0449836 0.0901111 9.9964E-05 0.0828961 9.9964E-05 0.621372 9.9964E-05 0.0438352 0.116402
9.9964E-05 0.050931 0.0473198 9.9964E-05 0.0962734 9.9964E-05 0.683915 0.0718826 9.9964E-05 0.0492781
0.0427993 0.460425 9.9964E-05 9.9964E-05 0.125114 9.9964E-05 0.319127 0.00883961 0.0432959 9.9964E-05
9.9955E-05 0.388111 0.0013774 9.9955E-05 0.142783 9.9955E-05 0.411899 9.9955E-05 0.0553294 9.9955E-05
9.9955E-05 0.0876817 0.0378259 9.9955E-05 0.125306 9.9955E-05 0.709508 0.0391788 9.9955E-05 9.9955E-05
9.9964E-05 0.450999 0.0255124 9.9964E-05 0.0893431 9.9964E-05 0.344352 0.0275221 0.0618718 9.9964E-05
9.9946E-05 0.535488 9.9946E-05 0.0318671 0.0857484 9.9946E-05 0.346297 9.9946E-05 9.9946E-05 9.9946E-05
9.9973E-05 0.438011 0.0889555 0.0329139 0.110783 9.9973E-05 0.171013 0.014482 0.143542 9.9973E-05
9.9955E-05 0.267834 9.9955E-05 0.0714946 9.9955E-05 9.9955E-05 0.578815 0.00155461 0.0798028 9.9955E-05
0.0507111 0.257131 9.9982E-05 0.0215357 0.0703711 0.0258887 0.43995 0.0194869 0.114726 9.9982E-05
9.9964E-05 0.494355 0.0800292 0.0973508 0.0225912 9.9964E-05 0.254495 9.9964E-05 9.9964E-05 0.0507796
0.0241691 0.376283 0.0586086 0.105664 0.000686216 9.9991E-05 0.324754 0.00461479 0.0334247 0.0716957
0.0962197 0.304717 0.0461921 9.9991E-05 0.0774425 0.155218 0.168722 0.0228416 0.0642137 0.0643329
9.9955E-05 0.432588 9.9955E-05 9.9955E-05 9.9955E-05 0.0641934 0.412291 0.0273518 9.9955E-05 0.0630762
9.9955E-05 0.216288 9.9955E-05 0.0718489 9.9955E-05 9.9955E-05 0.679133 9.9955E-05 0.0291735 0.0030572
0.0223955 0.534497 9.9955E-05 9.9955E-05 0.0303375 9.9955E-05 0.400512 0.0117582 9.9955E-05 9.9955E-05
0.0320744 0.536801 0.0596919 0.104301 0.0407337 0.0394827 0.131305 9.9982E-05 9.9982E-05 0.0554106
0.0604187 0.203937 9.9955E-05 9.9955E-05 9.9955E-05 0.031464 0.676662 9.9955E-05 0.0270186 9.9955E-05
9.9946E-05 0.428968 9.9946E-05 0.00332402 9.9946E-05 9.9946E-05 0.545848 0.0212597 9.9946E-05 9.9946E-05
0.123338 0.397557 9.9982E-05 0.059372 0.0654754 0.0931424 0.180018 0.0723408 0.00855598 9.9982E-05
0.115248 0.374185 0.0227892 0.0231277 0.0108762 0.0874765 0.354509 0.0115876 9.9982E-05 9.9982E-05
9.9982E-05 0.441365 0.0715109 0.0107547 0.152147 0.164388 0.0246347 0.0260085 9.9982E-05 0.108991
9.9982E-05 0.347707 0.0757849 0.0137661 0.17497 9.9982E-05 0.130487 0.0672684 0.148818 0.0409992
0.0500978 0.302505 0.101864 0.0620644 0.249877 0.00312643 0.115985 0.0369129 0.0135441 0.0640231
9.9982E-05 0.311049 0.140674 0.0147679 0.176753 9.9982E-05 0.109996 0.0630158 0.0323184 0.151227
0.0373603 0.406198 0.123793 0.157425 0.158935 0.0291309 0.0568825 0.0300749 9.9982E-05 9.9982E-05
0.0973012 0.341001 0.0587079 0.0282467 0.174787 9.9991E-05 0.122206 0.110867 0.0129109 0.0538712
9.9964E-05 9.9964E-05 0.172796 9.9964E-05 0.104574 0.034478 0.612034 0.0249723 9.9964E-05 0.0507457
9.9964E-05 0.501326 9.9964E-05 0.10531 0.237368 9.9964E-05 0.0509869 0.0517197 9.9964E-05 0.0528897
9.9955E-05 9.9955E-05 0.362014 9.9955E-05 0.0961107 9.9955E-05 0.415379 0.0183343 9.9955E-05 0.107662
9.9955E-05 0.479985 0.0395638 9.9955E-05 0.158152 0.0376598 0.28414 9.9955E-05 9.9955E-05 9.9955E-05
0.0878152 0.0945389 9.9946E-05 9.9946E-05 9.9946E-05 9.9946E-05 0.766278 9.9946E-05 9.9946E-05 0.0507682
