0.0283589 9.9973E-05 0.0621792 0.000574502 0.0215053 0.808536 9.9973E-05 0.0785467 9.9973E-05
0.036605 9.9955E-05 9.9955E-05 9.9955E-05 9.9955E-05 0.885888 9.9955E-05 0.0293675 0.0476396
9.9964E-05 9.9964E-05 0.0752685 9.9964E-05 0.112338 0.713882 0.0204654 0.0776459 9.9964E-05
0.0147376 9.9982E-05 0.0498744 9.9982E-05 0.101361 0.746412 0.0458362 0.0396197 0.00195877
9.9964E-05 9.9964E-05 0.0648092 9.9964E-05 0.0453138 0.846434 0.0336645 9.9964E-05 0.00937878
9.9982E-05 0.0958087 0.0555025 0.153091 0.0973369 0.545661 0.0265881 0.0258117 9.9982E-05
0.0587871 0.0239907 9.9973E-05 9.9973E-05 0.0571149 0.745489 9.9973E-05 0.0639153 0.0504033
0.0136461 0.0688903 0.122929 9.9982E-05 0.0379329 0.631866 9.9982E-05 0.0658002 0.0587351
0.0487597 0.045705 0.0377218 0.0234142 9.9982E-05 0.790987 9.9982E-05 0.0448652 0.00834703
9.999E-05 0.0145192 0.0333711 0.00756468 0.0909088 0.647347 0.124652 0.0437142 0.0378232
0.034779 0.0813177 0.0826568 0.0601283 9.9973E-05 0.731376 0.00944275 9.9973E-05 9.9973E-05
0.74454 9.9955E-05 9.9955E-05 0.0872109 0.071232 9.9955E-05 0.0965176 9.9955E-05 9.9955E-05
0.323261 9.9973E-05 0.0774005 0.0675024 0.0522263 9.9973E-05 0.438687 0.0406226 9.9973E-05
0.718391 0.00698672 9.9973E-05 9.9973E-05 0.0603841 9.9973E-05 0.154335 0.0267679 0.0328353
0.673981 9.9964E-05 9.9964E-05 0.0191724 0.179269 0.0142407 0.112937 9.9964E-05 9.9964E-05
0.38996 0.0399627 9.9973E-05 0.0455277 0.184816 0.059743 0.279691 9.9973E-05 9.9973E-05
0.271837 0.0270391 9.9973E-05 0.0145432 0.138568 0.0371256 0.510587 9.9973E-05 9.9973E-05
0.422542 0.0469201 9.9973E-05 0.101481 0.0524388 9.9973E-05 0.373486 9.9973E-05 0.00283129
0.53345 9.9973E-05 9.9973E-05 0.026369 0.0331999 0.128544 0.250662 0.0274742 9.9973E-05
0.848017 0.0484179 0.0350881 9.9964E-05 9.9964E-05 0.0483056 9.9964E-05 0.0197711 9.9964E-05
0.3951 0.0448623 0.0145835 0.0793825 0.104793 9.9991E-05 0.231057 0.0253844 0.104737
0.242415 0.0690577 0.0346032 0.111163 0.0420633 9.9991E-05 0.345824 0.073935 0.0808382
0.258028 0.0766145 0.0582282 0.0700076 0.0318188 0.0433453 0.439026 0.0170051 0.00592674
0.738418 0.00362173 9.9973E-05 0.0102192 0.0673308 9.9973E-05 0.169609 0.0105014 9.9973E-05
0.173892 0.0393577 0.0606283 0.0307914 0.139857 0.0433779 0.489444 0.0225521 9.9991E-05
0.437465 0.00989843 0.010177 0.00717553 0.101239 9.9991E-05 0.383919 0.0388865 0.0111394
0.806376 9.9955E-05 9.9955E-05 9.9955E-05 0.153 9.9955E-05 0.0138233 0.0263003 9.9955E-05
0.779674 9.9946E-05 9.9946E-05 9.9946E-05 0.173926 9.9946E-05 0.0458006 9.9946E-05 9.9946E-05
0.68664 0.057703 9.9964E-05 9.9964E-05 9.9964E-05 0.0112165 0.188949 9.9964E-05 0.0550912
9.993E-05 9.993E-05 9.993E-05 9.993E-05 9.993E-05 9.993E-05 9.993E-05 0.999201 9.993E-05
9.993E-05 9.993E-05 9.993E-05 9.993E-05 9.993E-05 9.993E-05 9.993E-05 0.999201 9.993E-05
9.9964E-05 9.9964E-05 9.9964E-05 0.0432745 0.0161223 0.496213 0.110974 0.333016 9.9964E-05
9.9964E-05 9.9964E-05 9.9964E-05 0.0651026 0.0544362 0.566468 0.111093 0.2025 9.9964E-05
0.117762 0.0517233 0.0630214 0.211245 9.9982E-05 9.9982E-05 0.539788 0.00488944 0.0113702
0.0156533 0.0100398 9.9991E-05 0.336319 0.0589789 0.0852912 0.420858 0.0105844 0.062176
9.9964E-05 9.9964E-05 9.9964E-05 0.393552 9.9964E-05 0.0463514 0.525508 0.00615892 0.0280304
0.627895 9.9964E-05 0.112064 9.9964E-05 9.9964E-05 0.0901816 0.140018 0.0294418 9.9964E-05
9.9973E-05 9.9973E-05 0.0388367 0.524238 0.0286677 9.9973E-05 0.259526 0.0409891 0.107442
0.200813 9.9964E-05 9.9964E-05 0.185212 0.00983416 0.0849322 0.518809 9.9964E-05 9.9964E-05
9.9964E-05 0.0702364 0.00751141 0.235139 0.0534325 9.9964E-05 0.63328 9.9964E-05 9.9964E-05
9.9973E-05 0.116398 0.0639526 0.104377 9.9973E-05 0.0815967 0.621416 0.0119598 9.9973E-05
9.999E-05 0.00554098 0.0933326 0.11495 0.068424 0.020679 0.608175 0.0348454 0.0539528
0.177668 0.0484331 9.9973E-05 0.669094 9.9973E-05 0.0235468 0.0373771 0.0435809 9.9973E-05
9.9973E-05 0.217584 0.038289 0.0820635 0.0516755 9.9973E-05 0.595241 0.0148473 9.9973E-05
9.9973E-05 0.017518 9.9973E-05 0.274089 0.0257726 0.0927402 0.52362 9.9973E-05 0.0659603
0.0134156 0.0661547 9.9973E-05 0.131694 9.9973E-05 0.138636 0.561239 0.0885615 9.9973E-05
9.9955E-05 9.9955E-05 9.9955E-05 0.661432 9.9955E-05 9.9955E-05 0.287823 0.0048377 0.0454075
0.0477741 9.9973E-05 0.0428548 0.326224 0.0537492 9.9973E-05 0.5149 0.0141972 9.9973E-05
0.0362006 9.9982E-05 0.0391079 0.218643 0.0191385 0.0678734 0.610897 9.9982E-05 0.00793908
0.0318 0.282134 9.9964E-05 0.624847 9.9964E-05 0.0256581 9.9964E-05 9.9964E-05 0.0351605
0.39406 0.115013 0.140093 0.194363 9.9973E-05 9.9973E-05 0.129468 9.9973E-05 0.026703
0.313588 0.244953 9.9973E-05 0.191841 9.9973E-05 0.0444919 0.039556 9.9973E-05 0.165271
0.142878 0.049907 9.9982E-05 0.133846 0.0587247 0.0368765 0.536589 0.0409789 9.9982E-05
0.145316 0.0975439 9.9982E-05 9.9982E-05 0.0055935 0.0458085 0.615175 0.00904296 0.0813201
0.0813462 0.0838819 0.0685888 0.0378892 0.127221 0.00625257 0.513591 9.9991E-05 0.0811293
0.361565 0.0420478 0.154775 0.0981587 0.000459211 0.0588114 0.161173 0.00198665 0.121025
0.190489 0.0544519 0.12711 0.0939219 0.0131047 9.99849E-05 0.503347 0.0173749 9.99849E-05
0.161101 0.0842772 0.0427222 9.9991E-05 0.0328139 0.0987218 0.533809 0.000851736 0.0456035
0.306807 0.109237 0.0412964 0.0587989 9.9991E-05 0.0629859 0.328193 0.0373293 0.0552517
0.513146 0.10565 0.0528807 0.0250213 9.9991E-05 0.15628 0.0807787 0.0284264 0.0377168
0.249991 0.0864958 9.9982E-05 0.0756806 0.00965004 9.9982E-05 0.493724 0.0652022 0.0190573
0.361536 9.9982E-05 0.0264849 0.00576573 0.0657977 0.0683537 0.349632 9.9982E-05 0.122231
0.601435 0.0577636 0.127677 0.166147 9.9973E-05 0.0240291 9.9973E-05 0.0226483 9.9973E-05
0.354012 0.0538375 9.9982E-05 0.0514075 0.0308336 9.9982E-05 0.390254 0.0249024 0.0945523
0.0172004 0.0827717 0.0131157 0.042302 0.0204743 0.019408 0.62732 9.9991E-05 0.177308
0.168869 0.0525594 0.0570302 0.0242889 0.0438097 9.9991E-05 0.535192 0.07553 0.0426207
0.399738 0.0565978 0.035227 0.182685 0.13164 9.9991E-05 0.0963728 0.0347148 0.0629248
0.41472 0.0416539 9.9991E-05 0.0319974 0.0551191 0.0150069 0.335369 0.0201686 0.0858646
9.9973E-05 0.00117462 0.212563 0.041207 9.9973E-05 9.9973E-05 0.588669 0.0564407 0.0996454
0.483256 0.0816871 0.0704942 0.0690905 9.9982E-05 9.9982E-05 0.120537 0.0374497 0.137285
9.9973E-05 0.000668453 0.0533563 0.413151 9.9973E-05 9.9973E-05 0.52071 0.00173343 0.0100811
0.162864 9.9955E-05 9.9955E-05 0.698292 9.9955E-05 9.9955E-05 0.113831 0.024513 9.9955E-05
0.125048 9.9982E-05 0.0165715 0.130249 0.0700101 0.0209816 0.525759 9.9982E-05 0.11118
9.9946E-05 0.101443 9.9946E-05 0.888039 9.9946E-05 9.9946E-05 9.9946E-05 0.00991917 9.9946E-05
0.0584775 0.0635674 9.9955E-05 0.775511 9.9955E-05 9.9955E-05 9.9955E-05 9.9955E-05 0.101944
9.9946E-05 9.9946E-05 9.9946E-05 0.774282 0.0290459 9.9946E-05 0.196073 9.9946E-05 9.9946E-05
9.9964E-05 0.0376601 0.0457159 0.512348 9.9964E-05 9.9964E-05 0.373447 0.0304297 9.9964E-05
0.0847046 0.00623556 0.0229775 0.155168 0.0323995 0.133769 0.488536 0.0264402 0.0497689
0.0364179 0.025357 9.9973E-05 0.484784 0.0120224 9.9973E-05 0.4228 0.0183188 9.9973E-05
0.133324 9.9973E-05 0.0638123 0.66084 0.0502497 0.0778069 0.0136681 9.9973E-05 9.9973E-05
0.134191 9.9973E-05 0.154253 0.506754 9.9973E-05 0.0322091 0.170371 0.00192181 9.9973E-05
0.10648 9.9982E-05 0.00804895 0.249912 0.14085 9.9982E-05 0.374498 0.0427215 0.0772902
0.188841 9.9964E-05 9.9964E-05 0.542175 0.0132283 0.0159308 0.239425 9.9964E-05 9.9964E-05
0.081121 0.0559169 0.0104628 0.401374 0.0209206 0.0074975 0.378208 0.0443992 9.9991E-05
9.9955E-05 9.9955E-05 9.9955E-05 0.539631 9.9955E-05 0.00212056 0.366799 9.9955E-05 0.0909503
0.0263893 0.169696 9.9955E-05 0.659835 9.9955E-05 9.9955E-05 9.9955E-05 9.9955E-05 0.143579
9.9964E-05 0.00236918 0.0712517 0.253573 9.9964E-05 9.9964E-05 0.639674 0.0327323 9.9964E-05
0.0883732 9.9964E-05 9.9964E-05 9.9964E-05 0.0468209 0.74971 0.0867058 0.0279901 9.9964E-05
9.9946E-05 9.9946E-05 9.9946E-05 9.9946E-05 9.9946E-05 0.843744 0.0775511 0.0781047 9.9946E-05
9.9964E-05 9.9964E-05 0.0137997 9.9964E-05 0.00996088 0.759625 0.117846 0.0983688 9.9964E-05
9.9955E-05 9.9955E-05 9.9955E-05 9.9955E-05 0.0114828 0.803604 0.0564892 0.127924 9.9955E-05
9.9964E-05 9.9964E-05 9.9964E-05 0.0254982 0.0185031 0.78495 0.0791684 0.09148 9.9964E-05
9.9964E-05 0.0457593 0.0104398 9.9964E-05 9.9964E-05 0.80174 0.0833226 0.0583385 9.9964E-05
0.00125831 0.0212842 9.9973E-05 0.00186232 9.9973E-05 0.854731 0.060622 0.0599425 9.9973E-05
0.0612032 9.9973E-05 0.0763154 0.22483 9.9973E-05 0.109507 0.439301 9.9973E-05 0.0885428
0.0124539 9.9982E-05 0.0760502 0.282754 0.0520284 0.0764609 0.463585 0.0364677 9.9982E-05
0.107324 9.9955E-05 9.9955E-05 0.771427 9.9955E-05 0.0703953 9.9955E-05 9.9955E-05 0.0503536
0.115234 0.0024728 9.9982E-05 0.173023 0.0094569 0.149313 0.494889 9.9982E-05 0.0554123
0.0690424 9.9982E-05 0.0135904 0.414565 0.0126022 0.0450269 0.441123 0.00385095 9.9982E-05
9.9964E-05 9.9964E-05 9.9964E-05 0.254501 9.9964E-05 0.0228407 0.584193 0.0548143 0.0832509
0.0977696 0.0875768 9.9982E-05 0.210949 9.9982E-05 0.0192209 0.512148 0.0300967 0.0420391
9.9964E-05 9.9964E-05 9.9964E-05 0.428959 0.0795619 9.9964E-05 0.438163 0.00111728 0.0517996
0.186831 9.9955E-05 0.0742014 0.679703 9.9955E-05 0.0587652 9.9955E-05 9.9955E-05 9.9955E-05
0.0425738 0.0623888 9.9982E-05 0.158475 9.9982E-05 0.156585 0.477719 0.0495828 0.0524756
0.142488 0.0192775 9.9964E-05 0.150846 9.9964E-05 0.0299298 0.657059 9.9964E-05 9.9964E-05
0.030211 0.0169103 0.0863637 0.0619278 0.0397737 0.0149682 0.586593 0.0677274 0.0955246
9.9973E-05 0.125647 9.9973E-05 0.506814 0.00317461 9.9973E-05 0.240402 0.0328686 0.0907942
9.9964E-05 9.9964E-05 9.9964E-05 0.392207 9.9964E-05 0.0230477 0.452612 0.0344845 0.0972488
0.118324 0.0410586 9.9964E-05 0.39259 9.9964E-05 9.9964E-05 0.378943 0.0686846 9.9964E-05
9.9946E-05 9.9946E-05 9.9946E-05 0.642914 0.076891 9.9946E-05 0.279595 9.9946E-05 9.9946E-05
0.0205046 9.9973E-05 0.111025 0.376983 9.9973E-05 0.0241229 0.443755 0.0233095 9.9973E-05
0.124138 9.9973E-05 9.9973E-05 0.137705 0.0162297 0.109703 0.524845 9.9973E-05 0.0870779
0.485483 9.9982E-05 0.0297468 0.0139907 9.9982E-05 0.0226295 0.149377 0.0313576 0.267215
0.278561 0.0588404 0.10076 9.9982E-05 0.0616117 0.0137293 0.432785 0.0535119 9.9982E-05
0.167635 0.00350946 0.0347326 0.0136276 0.0540555 0.0276685 0.510758 0.0705105 0.117502
0.186325 0.00116909 9.9982E-05 0.102323 9.9982E-05 0.106996 0.50601 0.000723383 0.0962536
0.435769 0.0375912 0.0447665 9.9973E-05 9.9973E-05 0.000859018 0.449767 0.0309469 9.9973E-05
0.244061 9.9982E-05 0.0777968 0.0128654 0.0564792 0.0259907 0.509938 9.9982E-05 0.0726685
0.316614 9.9991E-05 0.100286 0.0072542 0.0082893 0.0505045 0.453846 0.00670432 0.0564026
0.163874 0.0841834 0.00231637 0.051933 0.0358739 0.0619264 0.560123 0.0396701 9.9991E-05
0.137393 0.110891 0.105529 0.0140975 0.0233027 0.0177853 0.542711 0.0276262 0.0206648
0.277955 9.9982E-05 0.0316652 0.0242332 9.9982E-05 0.0375923 0.577254 0.0259641 0.025136
0.32394 9.9973E-05 0.0871606 0.0934891 9.9973E-05 0.00315386 0.461826 0.0301306 9.9973E-05
0.187877 0.0440006 0.0658854 0.0470596 0.0550006 0.00647558 0.593502 9.9982E-05 9.9982E-05
9.9982E-05 0.0924318 0.16564 9.9982E-05 0.0567974 0.0403792 0.584842 0.00665552 0.0530548
0.265105 9.9973E-05 0.0612865 0.073203 0.075554 9.9973E-05 0.429037 9.9973E-05 0.0955141
9.9973E-05 0.0569987 0.157497 0.0335958 9.9973E-05 9.9973E-05 0.527819 0.0448023 0.178987
0.211046 9.9991E-05 0.015334 0.0237041 0.0598662 0.0288721 0.504876 0.0213134 0.134889
0.257345 0.112078 0.0282319 9.9982E-05 9.9982E-05 0.0634065 0.414952 0.0550484 0.0687385
0.221499 0.0312196 0.0443702 9.9973E-05 9.9973E-05 9.9973E-05 0.63402 0.0386643 0.0299262
0.148734 9.9964E-05 0.0334441 9.9964E-05 9.9964E-05 0.0213098 0.653152 9.9964E-05 0.14296
0.266758 9.9982E-05 0.200661 0.119154 0.0424284 0.00741518 0.262636 9.9982E-05 0.100748
0.351226 0.165877 0.0462847 9.9991E-05 0.00339228 0.0120079 0.151517 0.00644955 0.263146
0.190287 0.0271234 0.0924496 0.0546717 0.088272 0.0364389 0.474523 0.0149861 0.0212487
0.205111 0.0766582 0.156041 0.0945058 0.06533 9.9982E-05 9.9982E-05 0.00125669 0.400897
0.536656 9.9973E-05 0.0771178 0.00900016 9.9973E-05 0.0222943 0.267763 9.9973E-05 0.0868688
0.312721 9.9964E-05 0.0439471 0.137534 9.9964E-05 9.9964E-05 0.389134 9.9964E-05 0.116264
0.55398 9.9982E-05 0.0879721 0.0622717 9.9982E-05 0.000624532 0.243206 0.00186122 0.0498838
0.513564 0.0680191 0.0841187 0.0371243 9.9982E-05 0.00183753 0.248083 9.9982E-05 0.0470535
0.0717523 0.0448888 9.9991E-05 0.0940261 0.0205612 0.0981083 0.595068 0.0485674 0.026928
0.0887604 0.0605273 0.0560107 0.0435658 0.108952 0.0955145 0.504457 9.9991E-05 0.0421122
0.0980106 9.9982E-05 0.0878553 9.9982E-05 0.0209881 0.0313939 0.608657 0.047197 0.105698
0.386693 0.261037 0.107176 0.0482042 0.0576325 9.9982E-05 0.0538628 9.9982E-05 0.0851939
0.00504949 0.0762409 0.0487792 0.0565442 9.9982E-05 0.179194 0.588077 9.9982E-05 0.0459154
0.106169 0.251188 0.032474 0.0579003 0.00809559 0.0388305 0.504466 0.000775524 9.9991E-05
0.0944101 0.413976 0.142411 0.13425 9.9982E-05 0.0860456 9.9982E-05 0.0167478 0.11196
0.0494303 0.0713549 9.9991E-05 0.0177679 0.0640127 0.0470363 0.624491 0.0376059 0.0882006
9.9982E-05 0.216262 0.00570666 0.193092 0.0401827 0.098764 0.33432 9.9982E-05 0.111473
0.0666344 0.0744816 0.0175459 0.019108 0.0478697 0.1171 0.477111 0.0169394 0.16321
9.99785E-05 0.469712 0.129857 0.085538 9.99785E-05 0.0119823 0.258161 0.0444509 9.99785E-05
0.0772129 0.297826 0.0618004 0.116989 9.9982E-05 0.0500675 0.178459 9.9982E-05 0.217445
0.112216 0.11819 0.149088 0.100571 9.9982E-05 9.9982E-05 0.379355 0.0148559 0.125524
0.0628793 0.0531484 0.0847948 0.117369 0.0606981 0.0873039 0.461362 0.0218696 0.0505742
0.182388 0.156367 9.9982E-05 0.10118 0.00445896 0.132913 0.394981 9.9982E-05 0.0275115
0.195708 0.298726 0.0295412 0.163759 0.148145 0.0342542 9.9982E-05 9.9982E-05 0.129666
0.110433 0.0850691 0.0469801 9.9982E-05 0.0581686 0.0407811 0.547069 9.9982E-05 0.111299
0.161219 0.305418 9.9964E-05 0.114833 9.9964E-05 9.9964E-05 0.404272 9.9964E-05 0.0138577
0.164335 0.159683 0.0157978 0.13625 9.9973E-05 9.9973E-05 0.47466 9.9973E-05 0.0489738
9.9982E-05 0.0960153 9.9982E-05 0.276704 0.0831186 0.0788847 0.433197 0.0255644 0.00631534
0.0508655 0.28848 9.9973E-05 9.9973E-05 0.231193 0.219156 0.14472 0.0652858 9.9973E-05
9.9955E-05 0.387707 9.9955E-05 9.9955E-05 0.110745 0.478584 9.9955E-05 0.022464 9.9955E-05
9.9964E-05 0.408322 9.9964E-05 9.9964E-05 0.135046 0.407095 9.9964E-05 0.00895611 0.0401805
0.023557 0.267075 9.9973E-05 9.9973E-05 0.292635 0.342672 0.0710786 0.00268283 9.9973E-05
9.9946E-05 0.247426 9.9946E-05 0.0288736 9.9946E-05 9.9946E-05 0.723101 9.9946E-05 9.9946E-05
0.0118604 0.0902757 0.0232013 0.0377551 9.9991E-05 0.0862205 0.610359 0.0596793 0.080549
0.0770384 9.9946E-05 9.9946E-05 9.9946E-05 0.649866 9.9946E-05 0.272496 9.9946E-05 9.9946E-05
0.150979 9.9973E-05 9.9973E-05 0.105468 0.383224 0.0424541 0.280696 0.0368789 9.9973E-05
0.196221 0.0436662 0.0316619 0.000693405 0.383115 0.0190189 0.258973 0.0339703 0.0326798
0.0155288 0.349778 0.0245891 0.058247 9.9982E-05 9.9982E-05 0.298789 0.0413304 0.211538
9.9991E-05 0.078176 0.00260561 0.244108 0.156764 0.0205477 0.434345 0.011251 0.0521023
0.0516669 0.509437 9.9955E-05 9.9955E-05 9.9955E-05 9.9955E-05 0.242562 9.9955E-05 0.195835
0.0303444 0.161493 0.00599843 0.138433 9.9973E-05 9.9973E-05 0.609429 9.9973E-05 0.0540023
0.0868266 0.22394 0.0382425 0.00562174 9.9982E-05 9.9982E-05 0.474833 0.00567357 0.164662
9.9982E-05 0.17664 0.1028 0.0614494 0.0057001 0.00443968 0.587401 9.9982E-05 0.0613703
0.0984724 0.409028 9.9964E-05 0.160443 9.9964E-05 9.9964E-05 0.191778 9.9964E-05 0.139879
0.119859 0.0465215 9.9973E-05 0.145794 0.0293918 0.0478442 0.610289 9.9973E-05 9.9973E-05
0.0916169 0.244951 0.0105394 0.00860331 0.05344 0.0417927 0.486741 9.9991E-05 0.0622162
9.9946E-05 9.9946E-05 9.9946E-05 0.00301307 0.943695 9.9946E-05 9.9946E-05 9.9946E-05 0.0526926
9.9946E-05 9.9946E-05 0.0100081 9.9946E-05 0.906361 9.9946E-05 0.0830316 9.9946E-05 9.9946E-05
0.128139 9.9964E-05 9.9964E-05 0.0126144 0.605381 9.9964E-05 0.202044 9.9964E-05 0.0514208
9.9973E-05 9.9973E-05 0.00375601 9.9973E-05 0.633193 0.00574238 0.322728 0.0265481 0.00773192
9.9964E-05 0.0205595 9.9964E-05 0.0882167 0.772746 0.00153845 0.11654 9.9964E-05 9.9964E-05
9.993E-05 9.993E-05 9.993E-05 9.993E-05 0.999201 9.993E-05 9.993E-05 9.993E-05 9.993E-05
0.00792433 9.9964E-05 0.050687 0.00176817 0.923178 9.9964E-05 9.9964E-05 0.0160421 9.9964E-05
0.00721889 9.9946E-05 9.9946E-05 9.9946E-05 0.796247 9.9946E-05 0.195934 9.9946E-05 9.9946E-05
0.00218631 9.9946E-05 0.0134614 9.9946E-05 0.983753 9.9946E-05 9.9946E-05 9.9946E-05 9.9946E-05
9.9937E-05 9.9937E-05 9.9937E-05 9.9937E-05 0.997144 9.9937E-05 9.9937E-05 9.9937E-05 0.0021564
9.9937E-05 9.9937E-05 9.9937E-05 9.9937E-05 0.963628 9.9937E-05 9.9937E-05 0.0356727 9.9937E-05
0.0348845 9.9964E-05 0.000392508 9.9964E-05 0.819678 9.9964E-05 0.0742988 0.0703468 9.9964E-05
9.9964E-05 9.9964E-05 0.032448 9.9964E-05 0.729064 0.0326399 0.178733 0.0267146 9.9964E-05
9.9946E-05 9.9946E-05 9.9946E-05 0.0273786 0.956918 9.9946E-05 9.9946E-05 0.0151036 9.9946E-05
0.156376 0.0556914 0.0191993 0.0238409 0.396116 0.0547137 0.293863 9.9982E-05 9.9982E-05
9.9982E-05 0.0140334 0.0246011 0.0757329 0.631471 0.0284421 0.188532 0.0369876 9.9982E-05
9.9964E-05 0.0366798 0.0478082 9.9964E-05 0.704184 9.9964E-05 0.173706 0.0372214 9.9964E-05
9.9964E-05 9.9964E-05 0.016608 9.9964E-05 0.887894 0.0202537 0.0572812 0.0175631 9.9964E-05
9.9937E-05 9.9937E-05 0.0423513 9.9937E-05 0.956949 9.9937E-05 9.9937E-05 9.9937E-05 9.9937E-05
9.9955E-05 9.9955E-05 9.9955E-05 9.9955E-05 0.885123 0.0713294 0.0241216 9.9955E-05 0.0189259
9.9946E-05 0.00926453 9.9946E-05 9.9946E-05 0.952053 9.9946E-05 9.9946E-05 0.0380832 9.9946E-05
9.9982E-05 0.0125689 0.0480324 0.0485353 0.615334 0.0105034 0.22827 0.036556 9.9982E-05
0.0182803 9.9973E-05 0.0113044 0.0245696 0.876663 0.0322631 9.9973E-05 9.9973E-05 0.0366201
0.0263761 0.575012 9.9973E-05 0.00484945 0.029983 0.294098 9.9973E-05 9.9973E-05 0.0693812
0.0549002 0.230943 0.101249 9.9991E-05 0.0128958 0.100105 0.427615 0.0552205 0.0169712
0.00734108 0.236657 0.0332975 0.0960743 9.9982E-05 0.26809 0.357195 9.9982E-05 0.00114556
9.9973E-05 0.513037 0.0651974 9.9973E-05 0.0907945 0.0593807 0.181737 0.0895533 9.9973E-05
0.0433775 0.120653 0.0679276 0.000464405 0.171587 0.0568909 0.461806 0.0267267 0.0505669
0.0411021 0.394457 9.9991E-05 0.0634088 0.0851523 0.159163 0.196238 0.0468392 0.0135388
0.0346831 0.185858 0.0259235 0.0240335 0.074132 0.125802 0.404914 0.0585295 0.0661238
9.9964E-05 0.421365 9.9964E-05 9.9964E-05 0.156629 0.0650545 0.336676 0.0198756 9.9964E-05
0.0321239 0.169622 9.9982E-05 9.9982E-05 0.121084 0.0580531 0.473711 0.0397254 0.10548
9.9973E-05 0.389334 0.016412 9.9973E-05 0.19884 0.047535 0.301917 0.0456625 9.9973E-05
0.0876146 0.177141 9.9973E-05 0.0731984 0.155527 0.122184 0.384035 9.9973E-05 9.9973E-05
9.9955E-05 0.0983617 0.088866 9.9955E-05 9.9955E-05 0.785997 0.026275 9.9955E-05 9.9955E-05
9.9964E-05 0.0414479 9.9964E-05 9.9964E-05 0.0175553 0.888698 0.00661751 0.0452815 9.9964E-05
0.00450128 0.0168037 0.0325099 9.9973E-05 9.9973E-05 0.891007 0.0125146 0.0423631 9.9973E-05
0.0241524 9.9964E-05 0.0625846 9.9964E-05 9.9964E-05 0.875406 0.0178482 0.019609 9.9964E-05
0.00834318 0.0452192 9.9973E-05 9.9973E-05 0.0233767 0.767063 0.0494237 0.106274 9.9973E-05
9.9955E-05 9.9955E-05 9.9955E-05 9.9955E-05 0.0760959 0.789861 9.9955E-05 0.0758977 0.0576455
9.9955E-05 9.9955E-05 9.9955E-05 9.9955E-05 0.0209629 0.83967 0.0656149 0.0732529 9.9955E-05
9.9964E-05 0.0549769 9.9964E-05 0.0234893 9.9964E-05 0.884148 0.017276 0.01971 9.9964E-05
9.9955E-05 9.9955E-05 9.9955E-05 0.0238173 9.9955E-05 0.896099 0.0478056 0.0317788 9.9955E-05
0.016422 0.00685622 9.9982E-05 9.9982E-05 0.0942486 0.840937 0.022088 0.0138769 0.00537107
0.21805 9.9964E-05 0.0975347 0.0638082 9.9964E-05 0.582624 9.9964E-05 0.0375824 9.9964E-05
0.167059 9.9973E-05 0.197219 0.075694 9.9973E-05 0.522768 9.9973E-05 0.0308902 0.00606987
0.205276 0.144615 0.0849576 9.9973E-05 9.9973E-05 0.4761 9.9973E-05 0.0374481 0.0513032
0.268457 9.9964E-05 0.119082 0.062779 9.9964E-05 0.494822 9.9964E-05 9.9964E-05 0.0544603
0.182349 9.9973E-05 0.0183361 0.317935 0.0403536 9.9973E-05 0.387802 9.9973E-05 0.052925
0.049341 9.9982E-05 0.0828893 0.276876 0.01859 0.057969 0.472864 9.9982E-05 0.0412708
0.150709 0.0457147 0.12143 0.143595 0.0198967 9.9982E-05 0.474838 0.0436165 9.9982E-05
0.304941 0.149208 0.0700393 0.132554 9.9973E-05 9.9973E-05 0.316281 0.0266772 9.9973E-05
0.559113 0.0159277 0.228337 0.0862588 9.9973E-05 9.9973E-05 0.0892875 9.9973E-05 0.020776
9.9973E-05 9.9973E-05 0.11199 0.18061 0.101456 0.0304578 0.560318 9.9973E-05 0.0148684
0.133279 9.9973E-05 0.0400224 0.187904 0.0236158 9.9973E-05 0.552838 9.9973E-05 0.0620412
0.0729956 9.9982E-05 0.0614441 0.281538 0.00889765 0.00456977 0.485131 9.9982E-05 0.0852238
9.9964E-05 0.0215249 9.9964E-05 0.505148 0.0740821 9.9964E-05 0.287002 9.9964E-05 0.111843
9.9973E-05 0.0413135 0.0930561 0.172287 9.9973E-05 0.0315996 0.624575 9.9973E-05 0.0368692
0.0440075 9.9973E-05 0.129885 0.360816 9.9973E-05 9.9973E-05 0.381987 0.00866463 0.0743404
0.00983227 0.0131549 0.00159087 0.676022 9.9973E-05 9.9973E-05 9.9973E-05 0.0117646 0.287335
0.183335 0.0860473 0.039019 0.0972539 0.00681962 0.0317776 0.516797 0.0294715 0.00947895
9.9964E-05 0.111453 9.9964E-05 0.425492 9.9964E-05 0.0430015 0.233343 9.9964E-05 0.186311
0.0952467 9.9973E-05 0.00677671 0.276953 9.9973E-05 0.00235391 0.532237 9.9973E-05 0.0861322
0.120047 9.9973E-05 0.0498146 0.703456 9.9973E-05 0.062507 0.0422883 9.9973E-05 0.0215872
9.9964E-05 0.113341 0.831721 9.9964E-05 9.9964E-05 0.0243173 0.0218389 0.00838127 9.9964E-05
9.9964E-05 0.0342171 0.928021 9.9964E-05 0.0154815 0.0159874 9.9964E-05 9.9964E-05 0.00589276
9.9937E-05 9.9937E-05 0.977139 9.9937E-05 9.9937E-05 9.9937E-05 9.9937E-05 9.9937E-05 0.022161
9.9964E-05 0.0215009 0.92786 9.9964E-05 9.9964E-05 0.0285668 9.9964E-05 0.00689354 0.0147786
0.00536548 0.0516241 0.874958 9.9964E-05 0.0347582 9.9964E-05 0.0328946 9.9964E-05 9.9964E-05
9.9946E-05 9.9946E-05 0.87028 9.9946E-05 0.0779419 9.9946E-05 0.0511782 9.9946E-05 9.9946E-05
9.9955E-05 9.9955E-05 9.9955E-05 9.9955E-05 0.0695716 0.814764 0.0656047 0.0495603 9.9955E-05
0.0144997 9.9973E-05 0.0294666 9.9973E-05 0.0654021 0.813044 0.0574948 0.0197934 9.9973E-05
9.9955E-05 9.9955E-05 9.9955E-05 9.9955E-05 0.13498 0.696618 0.111072 0.0568299 9.9955E-05
0.101218 9.9964E-05 0.0337176 9.9964E-05 0.157697 0.671867 9.9964E-05 0.0351009 9.9964E-05
9.9964E-05 9.9964E-05 0.0478125 9.9964E-05 0.060799 0.787597 0.102102 0.0012897 9.9964E-05
0.105041 0.07728 0.439484 0.0319572 9.9973E-05 0.334156 9.9973E-05 0.0117817 9.9973E-05
0.0338724 0.0395207 0.392357 0.0145793 9.9982E-05 0.435261 9.9982E-05 0.00473112 0.0794781
9.9973E-05 9.9973E-05 0.44004 0.0823653 0.0017738 0.386598 9.9973E-05 0.0334045 0.0555189
0.00279051 9.99369E-05 9.99369E-05 9.99369E-05 9.99369E-05 9.99369E-05 9.99369E-05 0.99651 9.99369E-05
0.0436445 0.014615 0.446572 0.107198 9.9982E-05 0.349533 9.9982E-05 0.00819263 0.0300452
9.9964E-05 0.145205 9.9964E-05 9.9964E-05 0.335663 0.210995 0.252089 9.9964E-05 0.0556485
0.0580811 0.0635296 0.0227032 9.9991E-05 0.196244 0.0872815 0.522704 0.0198555 0.0295012
9.9955E-05 9.9955E-05 9.9955E-05 9.9955E-05 0.181 0.176814 0.581232 0.0604538 9.9955E-05
9.9991E-05 0.15686 0.0137686 0.0466197 0.188116 0.183309 0.370851 0.0207555 0.0196191
0.13023 0.0565996 0.00584448 9.9991E-05 0.169825 0.171984 0.428189 0.00854706 0.028682
9.9955E-05 0.257664 9.9955E-05 9.9955E-05 0.305476 0.420977 9.9955E-05 9.9955E-05 0.0153831
0.298986 9.9964E-05 0.175183 0.0110508 9.9964E-05 9.9964E-05 0.439871 9.9964E-05 0.0745095
0.249704 0.108283 0.0616925 0.0396071 9.9982E-05 0.00101301 0.353324 9.9982E-05 0.186177
0.613385 9.9964E-05 0.118739 9.9964E-05 9.9964E-05 0.0394389 0.189738 0.0382994 9.9964E-05
0.0917422 9.9973E-05 0.12992 0.0540959 9.9973E-05 0.00715159 0.465115 9.9973E-05 0.251675
0.195744 0.236173 0.0292849 0.121518 9.9964E-05 9.9964E-05 9.9964E-05 9.9964E-05 0.416881
0.203228 0.0161475 0.0214457 0.04574 0.0553029 0.00140193 0.496306 0.02362 0.136808
0.248476 0.0625301 0.0681026 0.00233155 9.9973E-05 9.9973E-05 0.456583 9.9973E-05 0.161677
0.548172 9.9982E-05 0.0693974 0.0280047 9.9982E-05 0.0218421 0.22733 0.0114827 0.0935704
0.192037 0.0270372 0.0514795 0.0643296 0.075384 0.0736146 0.470768 9.9991E-05 0.0452492
0.454023 0.221131 9.9955E-05 9.9955E-05 9.9955E-05 9.9955E-05 0.107819 9.9955E-05 0.216527
0.199328 0.0524824 0.0595062 9.9973E-05 9.9973E-05 9.9973E-05 0.458687 0.0265492 0.203147
0.27545 0.0485744 0.104899 0.0967779 0.0633389 9.9982E-05 0.376951 0.0338094 9.9982E-05
0.0270159 0.034877 0.0779572 0.165197 0.200656 0.140646 0.316479 9.9991E-05 0.0370721
0.393586 0.0663231 0.00503325 9.9964E-05 9.9964E-05 9.9964E-05 0.315592 9.9964E-05 0.219066
0.341635 0.00093674 0.105954 9.9973E-05 0.0117193 9.9973E-05 0.42768 9.9973E-05 0.111776
0.285339 0.00183545 0.0443903 0.0350494 0.0781605 9.9982E-05 0.402964 9.9982E-05 0.152061
0.150888 0.0402686 0.103246 0.0869245 9.9973E-05 9.9973E-05 0.523352 9.9973E-05 0.0950202
0.220508 0.0129199 9.9964E-05 0.0565209 9.9964E-05 9.9964E-05 0.697513 0.0121389 9.9964E-05
0.134468 9.9973E-05 9.9973E-05 0.203107 0.00598379 0.111639 0.523959 0.0205427 9.9973E-05
0.201083 0.0973345 0.0885217 0.0103636 0.134986 9.9982E-05 0.458827 0.00868415 9.9982E-05
9.9946E-05 9.9946E-05 9.9946E-05 9.9946E-05 0.0473641 0.756927 0.19511 9.9946E-05 9.9946E-05
9.9964E-05 9.9964E-05 9.9964E-05 0.0319797 9.9964E-05 0.827099 0.115376 0.0160652 0.00907989
9.9964E-05 0.0677226 0.000483606 0.0327911 9.9964E-05 0.815034 0.0835692 9.9964E-05 9.9964E-05
9.9973E-05 9.9973E-05 0.0122372 0.120826 0.0259767 0.792854 9.9973E-05 0.0135469 0.0342595
9.9955E-05 9.9955E-05 9.9955E-05 9.9955E-05 0.0203112 0.767578 0.143704 0.0679068 9.9955E-05
0.69487 0.0632766 0.122256 9.9982E-05 0.00185687 9.9982E-05 0.0962905 0.00540596 0.0158441
0.220343 0.0146037 0.0163362 9.9982E-05 0.0324939 0.0965236 0.482394 9.9982E-05 0.137106
0.0301511 0.117977 9.9973E-05 9.9973E-05 0.142889 0.219208 0.424108 9.9973E-05 0.0653673
0.244266 0.00962382 0.0638306 9.9991E-05 0.0390795 0.00877291 0.552583 0.0391616 0.0425823
0.220885 9.9973E-05 0.0618056 0.0653451 9.9973E-05 0.0123126 0.442001 9.9973E-05 0.19735
0.444905 0.0479598 0.106586 0.0146291 0.0221271 9.9991E-05 0.207969 0.0328746 0.122848
0.662237 0.11393 0.111466 9.9964E-05 9.9964E-05 0.0963532 9.9964E-05 0.0156142 9.9964E-05
0.207605 9.9982E-05 0.117638 9.9982E-05 0.0304364 0.016435 0.485905 0.0211307 0.12065
0.399326 9.9982E-05 0.24337 0.00302575 0.0530047 0.0514802 0.081806 9.9982E-05 0.167788
0.150576 0.038599 0.0841863 0.0640885 0.073896 0.0262139 0.438365 9.9991E-05 0.123975
0.585456 9.9982E-05 0.0732703 0.0435051 0.0145686 0.125401 0.0388213 9.9982E-05 0.118778
0.120147 9.9982E-05 0.0688313 0.0391388 0.00493683 0.0571006 0.675635 0.0340105 9.9982E-05
0.672501 9.9973E-05 0.0414884 9.9973E-05 0.0412731 0.0439156 0.0880804 9.9973E-05 0.112442
0.351422 0.115109 0.0455772 0.021357 0.00488775 0.0646237 0.299297 0.0120106 0.0857155
0.15308 0.102753 0.0174049 0.0477111 9.9991E-05 0.0728151 0.465886 0.0656873 0.0745631
0.0722101 0.384111 0.158915 9.9964E-05 9.9964E-05 9.9964E-05 0.289953 9.9964E-05 0.0944113
0.211672 0.234398 0.0114885 0.00655361 9.9964E-05 9.9964E-05 0.535488 9.9964E-05 9.9964E-05
0.00668637 0.161223 9.9973E-05 0.0983462 9.9973E-05 0.104308 0.588421 9.9973E-05 0.0407159
9.9964E-05 0.414793 0.122897 0.0769868 9.9964E-05 9.9964E-05 0.309576 9.9964E-05 0.075347
0.0374536 9.9991E-05 0.0939702 0.0910701 0.163107 0.0352442 0.429537 0.0310101 0.118508
9.9982E-05 0.210058 0.00944057 0.0461448 9.9982E-05 0.0443811 0.558569 0.00239363 0.128813
9.9964E-05 0.502687 0.10467 0.139335 9.9964E-05 9.9964E-05 0.0768155 9.9964E-05 0.176092
9.9964E-05 0.539178 0.0979609 0.0651131 9.9964E-05 9.9964E-05 0.256282 9.9964E-05 0.0410667
9.9964E-05 0.232868 0.108768 9.9964E-05 9.9964E-05 9.9964E-05 0.534525 0.00306016 0.120379
0.174031 0.436158 0.0603002 0.166852 9.9973E-05 9.9973E-05 0.0756627 9.9973E-05 0.0866969
0.166719 0.232028 9.9955E-05 0.161463 9.9955E-05 9.9955E-05 0.43929 9.9955E-05 9.9955E-05
0.656572 9.9973E-05 0.194463 0.0382203 9.9973E-05 9.9973E-05 0.0576517 0.0270193 0.0257739
0.331174 9.9955E-05 0.0755014 9.9955E-05 9.9955E-05 9.9955E-05 0.266983 9.9955E-05 0.325842
0.396626 9.9991E-05 0.0607468 0.0292887 0.0439972 0.000655 0.345344 0.0365163 0.086726
0.196045 0.0455009 0.00466073 0.142812 0.0219133 0.0344507 0.546139 9.9991E-05 0.00837884
0.5447 0.0522844 0.0769103 0.144242 0.0234341 9.9982E-05 0.131904 9.9982E-05 0.0263257
0.110937 0.00172902 0.106226 9.9991E-05 0.150402 0.103672 0.379987 0.00914671 0.137801
0.0870906 0.0180341 0.138265 0.0282863 0.131139 9.9991E-05 0.488721 0.0454821 0.0628823
0.211836 9.9964E-05 0.11867 9.9964E-05 9.9964E-05 0.05712 0.534531 9.9964E-05 0.0774429
0.30946 9.9982E-05 0.0791406 0.0410101 0.135299 9.9982E-05 0.375741 0.0183668 0.0407823
0.227672 9.9973E-05 0.182908 0.0770608 0.0946676 9.9973E-05 0.394871 0.0225201 9.9973E-05
0.527343 9.9964E-05 0.136847 0.167253 0.0355473 9.9964E-05 0.13261 9.9964E-05 9.9964E-05
0.381441 9.9964E-05 0.266427 9.9964E-05 0.0755103 9.9964E-05 0.256612 9.9964E-05 0.0196102
0.30778 9.9973E-05 0.0250217 9.9973E-05 0.00128894 9.9973E-05 0.561063 0.04087 0.0636764
0.182401 0.000784025 0.0203653 0.0340703 0.0337234 0.0294737 0.523012 0.034692 0.141478
0.285565 0.00131877 0.108231 9.9982E-05 9.9982E-05 0.0219003 0.40158 0.0433298 0.137874
0.170277 9.9964E-05 0.0757386 9.9964E-05 0.0225996 9.9964E-05 0.498992 9.9964E-05 0.231992
0.36088 0.120584 0.0940536 9.9973E-05 0.0195875 9.9973E-05 0.373536 0.031059 9.9973E-05
0.194371 9.9973E-05 0.099238 0.0258692 9.9973E-05 0.071222 0.595972 9.9973E-05 0.0130273
0.258272 9.9973E-05 0.204927 0.0047003 0.0450075 0.0566391 0.430154 9.9973E-05 9.9973E-05
0.0938174 0.0160972 0.0413357 0.0396412 0.109756 0.0352611 0.529033 0.0122145 0.122844
9.9973E-05 0.122299 9.9973E-05 0.0296246 0.131474 0.279478 0.38371 0.0531144 9.9973E-05
9.9982E-05 0.0483824 9.9982E-05 0.122139 0.189563 0.0975185 0.396748 0.0434252 0.102024
0.176657 0.0733811 9.9973E-05 9.9973E-05 0.123235 0.0942351 0.486695 0.0454966 9.9973E-05
0.0675804 0.0732367 9.9991E-05 0.0123041 0.125738 0.0295824 0.5261 0.0706965 0.0946615
0.0967843 9.9982E-05 9.9982E-05 0.0204689 0.151804 0.141126 0.46053 0.0336374 0.0954492
0.361617 0.028921 9.9964E-05 9.9964E-05 0.026042 9.9964E-05 0.372742 9.9964E-05 0.210278
0.0310201 9.9991E-05 0.0701242 0.0257032 0.0620998 0.165239 0.523035 0.0328887 0.0897903
0.108062 0.38657 9.9964E-05 0.14233 0.141458 0.221181 9.9964E-05 9.9964E-05 9.9964E-05
0.201052 0.0768571 9.9973E-05 0.00452391 0.176205 0.0916054 0.449457 9.9973E-05 9.9973E-05
0.0805722 9.9982E-05 0.0121055 9.9982E-05 0.128111 0.113656 0.518377 0.00916799 0.137811
0.140767 9.9991E-05 0.0213161 0.0040527 0.207156 0.100968 0.480036 0.0200992 0.0255054
0.216095 0.124573 9.9991E-05 0.013544 0.106069 0.140772 0.310942 0.0522421 0.0356633
0.0390294 0.040555 0.0421194 0.0326081 0.11951 0.165033 0.520671 0.0305958 0.00987834
0.0337174 0.071937 9.9973E-05 9.9973E-05 0.11497 0.152225 0.563961 0.0628894 9.9973E-05
9.9964E-05 0.324255 9.9964E-05 9.9964E-05 0.169688 0.42081 9.9964E-05 0.0622221 0.0226255
0.00129306 0.00218614 0.0147261 0.0589861 0.168116 0.172656 0.491699 0.0574607 0.0328773
0.0237268 0.0869913 9.9982E-05 9.9982E-05 0.167062 0.158285 0.538529 0.00434569 0.02086
9.9973E-05 0.056871 9.9973E-05 0.120202 0.0933281 0.10071 0.559062 9.9973E-05 0.0695268
0.0143349 0.0804901 9.9973E-05 9.9973E-05 0.162659 0.201609 0.538075 0.00253185 9.9973E-05
0.0946542 0.060363 0.055883 9.9982E-05 0.121437 0.157872 0.472586 0.0370047 9.9982E-05
9.9973E-05 9.9973E-05 0.105747 0.100626 0.0621699 9.9973E-05 0.371655 0.000100396 0.359402
0.00184348 0.0919343 0.0536673 0.0611356 0.0342627 0.100386 0.461109 0.0236247 0.172038
0.116568 9.9946E-05 9.9946E-05 0.105463 9.9946E-05 9.9946E-05 9.9946E-05 9.9946E-05 0.777369
9.9964E-05 0.00574559 0.0774099 0.0390632 9.9964E-05 0.0197187 9.9964E-05 9.9964E-05 0.857663
0.133782 9.9973E-05 9.9973E-05 0.0924037 0.0606434 0.0150175 0.461181 9.9973E-05 0.236672
9.9964E-05 0.078703 9.9964E-05 9.9964E-05 0.27067 0.174661 0.364074 9.9964E-05 0.111492
9.9964E-05 0.0270251 9.9964E-05 9.9964E-05 0.29898 0.0870936 0.306247 9.9964E-05 0.280254
9.9973E-05 0.144143 9.9973E-05 9.9973E-05 0.308181 0.185234 0.069273 0.00450895 0.288361
0.0726125 0.00845473 9.9982E-05 9.9982E-05 0.288806 0.0785087 0.251925 0.0733298 0.226163
9.9973E-05 0.1433 9.9973E-05 9.9973E-05 0.0601611 0.0860794 0.0455648 0.00791665 0.656678
9.9964E-05 9.9964E-05 9.9964E-05 9.9964E-05 0.120526 0.0676157 0.0450763 0.0329616 0.73342
9.9973E-05 9.9973E-05 0.015405 0.00373038 0.140891 9.9973E-05 0.431577 0.00628159 0.401814
9.9955E-05 9.9955E-05 9.9955E-05 9.9955E-05 0.10853 0.0355415 0.441626 9.9955E-05 0.413803
9.9964E-05 9.9964E-05 9.9964E-05 9.9964E-05 0.0930048 0.0491292 0.152921 0.0287868 0.675758
0.116914 0.00888273 9.9973E-05 9.9973E-05 0.0611204 0.0826122 0.440187 9.9973E-05 0.289984
9.9955E-05 0.0169647 9.9955E-05 9.9955E-05 0.119117 9.9955E-05 0.462979 9.9955E-05 0.40044
0.045122 0.033509 0.030993 9.9991E-05 0.192245 0.0671465 0.434754 0.0327583 0.163371
0.0263072 9.9973E-05 0.0472061 0.0235048 9.9973E-05 0.00152799 0.290154 9.9973E-05 0.611
0.0959185 9.9973E-05 0.009604 0.0504697 9.9973E-05 9.9973E-05 0.378004 0.00378141 0.461922
0.0180826 9.9973E-05 0.0743859 0.00143758 9.9973E-05 9.9973E-05 0.54545 0.0615231 0.298821
0.013488 0.0602198 0.12323 9.9991E-05 0.0298822 0.0560007 0.337463 0.032042 0.347574
0.0928366 0.122849 9.9973E-05 9.9973E-05 0.0708102 0.0856252 0.426343 9.9973E-05 0.201236
0.07864 0.0507127 9.9964E-05 9.9964E-05 9.9964E-05 9.9964E-05 0.401039 0.0304751 0.438734
9.9955E-05 0.0302232 0.0931747 9.9955E-05 9.9955E-05 9.9955E-05 0.195878 9.9955E-05 0.680224
9.9964E-05 9.9964E-05 9.9964E-05 0.107793 0.00309279 9.9964E-05 0.493009 0.0637631 0.331942
0.00214832 0.0237674 0.0411622 0.0559079 0.184786 0.0166483 0.402897 0.0650632 0.207619
0.0577314 9.99459E-05 9.99459E-05 9.99459E-05 9.99459E-05 9.99459E-05 0.204259 9.99459E-05 0.73741
9.9973E-05 9.9973E-05 0.0737939 0.0291088 9.9973E-05 0.0108279 0.375031 0.00388463 0.507054
9.9982E-05 9.9982E-05 0.00766882 0.115493 0.029265 0.0482556 0.441591 0.0586402 0.298886
0.105017 0.000720408 9.9973E-05 0.0724781 0.0500081 9.9973E-05 0.390974 9.9973E-05 0.380503
9.9991E-05 0.103703 0.024813 0.0380771 0.140557 0.101086 0.505945 0.0184166 0.0673017
9.9982E-05 0.152964 0.0701171 9.9982E-05 0.087088 0.0892968 0.42884 0.0602784 0.111217
9.9982E-05 0.144772 0.0193823 9.9982E-05 0.240504 0.109692 0.319873 0.0336011 0.131976
0.0742998 0.100513 0.0314034 0.0321121 0.230662 0.173618 0.236727 0.01927 0.101395
0.0339152 0.0461468 0.0487246 0.0024001 0.168241 0.155653 0.456042 0.0139198 0.0749574
9.9973E-05 0.0512717 9.9973E-05 9.9973E-05 0.204277 0.130686 0.34252 0.0224863 0.24846
9.9964E-05 0.0512563 9.9964E-05 9.9964E-05 0.109063 0.177344 9.9964E-05 0.0320985 0.629838
9.9982E-05 0.0142122 0.0446194 9.9982E-05 0.216937 0.0837841 0.534048 0.0185096 0.0876901
9.9964E-05 0.117088 9.9964E-05 9.9964E-05 0.0872838 0.359753 9.9964E-05 0.0103514 0.425124
9.9955E-05 9.9955E-05 9.9955E-05 9.9955E-05 0.145177 0.04263 0.489371 9.9955E-05 0.322322
9.9946E-05 9.9946E-05 9.9946E-05 0.137797 9.9946E-05 9.9946E-05 0.0647921 9.9946E-05 0.796811
0.0087549 9.9946E-05 9.9946E-05 0.0348835 9.9946E-05 9.9946E-05 9.9946E-05 9.9946E-05 0.955762
0.101924 9.9964E-05 9.9964E-05 0.016627 9.9964E-05 9.9964E-05 0.400738 0.0136507 0.466661
9.9946E-05 9.9946E-05 9.9946E-05 9.9946E-05 9.9946E-05 9.9946E-05 0.593376 0.0469783 0.359046
0.0499813 9.9955E-05 9.9955E-05 0.0221764 9.9955E-05 9.9955E-05 0.415714 9.9955E-05 0.511629
9.9946E-05 9.9946E-05 9.9946E-05 0.105278 9.9946E-05 9.9946E-05 0.414767 9.9946E-05 0.479355
9.9937E-05 9.9937E-05 9.9937E-05 9.9937E-05 9.9937E-05 9.9937E-05 0.514698 9.9937E-05 0.484602
9.9964E-05 9.9964E-05 9.9964E-05 9.9964E-05 0.0565258 0.75617 0.0364925 0.0965448 0.0538666
0.0374511 9.9973E-05 0.0957299 9.9973E-05 0.119216 0.633442 9.9973E-05 0.0489995 0.0648611
0.0386602 9.9973E-05 0.00027988 9.9973E-05 0.0766476 0.844262 0.0161247 0.023726 9.9973E-05
9.9946E-05 9.9946E-05 9.9946E-05 9.9946E-05 9.9946E-05 0.806943 0.0391882 0.15327 9.9946E-05
0.0798896 9.9991E-05 0.00312124 0.348214 0.00425359 0.0411194 0.469575 0.0185378 0.0351898
9.9991E-05 0.0566715 0.0480699 0.321325 0.0421445 0.0720544 0.385874 0.0656928 0.00806717
0.0402874 9.9964E-05 0.0197804 0.433442 9.9964E-05 9.9964E-05 0.446397 0.0596928 9.9964E-05
9.9973E-05 0.048159 0.0331217 0.260461 9.9973E-05 0.0884384 0.545849 0.0236706 9.9973E-05
9.9991E-05 0.00701372 0.116034 0.155837 0.0788638 0.0495497 0.457518 0.0385593 0.0965241
0.0900742 0.114564 0.0621522 0.509275 0.0082988 0.0288906 0.186545 9.9982E-05 9.9982E-05
0.0497213 9.9973E-05 9.9973E-05 0.374988 0.0233418 9.9973E-05 0.539953 0.00694645 0.00474951
9.9964E-05 0.145703 0.00522202 0.438754 9.9964E-05 9.9964E-05 0.360324 9.9964E-05 0.0495972
0.0830492 9.9991E-05 0.0400919 0.0382329 0.188201 0.221943 0.370371 0.0265573 0.0314539
0.0116554 0.00295509 0.0670399 0.331966 0.074123 9.9982E-05 0.365881 9.9982E-05 0.146179
0.106375 9.9973E-05 0.0472678 0.548894 0.0319269 9.9973E-05 0.238434 0.0268023 9.9973E-05
0.066798 9.9964E-05 0.0205033 0.358846 9.9964E-05 9.9964E-05 0.551353 9.9964E-05 0.0020993
0.0958712 9.9964E-05 9.9964E-05 0.495803 9.9964E-05 0.00543585 0.385412 0.0170783 9.9964E-05
9.9955E-05 0.116029 9.9955E-05 0.320112 9.9955E-05 0.00563924 0.55772 9.9955E-05 9.9955E-05
9.9982E-05 9.9982E-05 0.0330958 0.304661 0.00977844 0.0606739 0.533133 0.040289 0.0181689
9.9955E-05 0.0171214 9.9955E-05 0.918846 9.9955E-05 9.9955E-05 0.0326448 9.9955E-05 0.0308879
0.0856274 0.122308 9.9973E-05 0.473199 0.0360653 9.9973E-05 0.194761 9.9973E-05 0.0877394
0.0660189 9.9982E-05 9.9982E-05 0.612913 0.0337398 0.0116146 0.194929 0.0215537 0.0590308
9.9946E-05 0.1959 9.9946E-05 0.74918 9.9946E-05 9.9946E-05 9.9946E-05 9.9946E-05 0.0543198
0.156322 9.9973E-05 0.0678638 0.361608 0.020263 0.0175791 0.376064 9.9973E-05 9.9973E-05
9.9973E-05 0.260067 0.0254622 0.586994 0.00376474 9.9973E-05 0.0712724 9.9973E-05 0.0521393
0.0377521 0.105353 9.9955E-05 0.705004 9.9955E-05 9.9955E-05 9.9955E-05 9.9955E-05 0.151391
9.9973E-05 9.9973E-05 0.0230003 0.28644 0.0321169 9.9973E-05 0.550435 0.0439989 0.0637093
0.133419 9.9973E-05 0.0132238 0.646401 9.9973E-05 0.0409801 0.154125 0.011552 9.9973E-05
0.153657 0.0457398 9.9964E-05 0.389206 0.0726829 9.9964E-05 0.338314 9.9964E-05 9.9964E-05
0.117525 9.9991E-05 0.0111599 0.172755 0.10248 0.0527881 0.500564 0.000779373 0.0418487
0.103989 9.9973E-05 0.0244483 0.386156 0.0426426 9.9973E-05 0.441512 9.9973E-05 0.000952612
0.419351 0.0829509 0.0198522 9.9982E-05 0.0492698 9.9982E-05 0.281121 0.0121211 0.135134
0.0155518 9.9982E-05 0.00813829 0.340194 0.0188723 0.0250415 0.524567 9.9982E-05 0.0674359
0.116346 0.00231378 0.0683989 0.301697 9.9982E-05 0.0317698 0.475997 0.00327821 9.9982E-05
9.9964E-05 0.0774154 0.0513944 0.600631 9.9964E-05 9.9964E-05 0.233335 9.9964E-05 0.0368236
9.9982E-05 9.9982E-05 0.0881902 0.232266 0.0189732 0.0203678 0.529856 0.0363778 0.0737685
0.140898 0.0579614 0.166924 0.0104977 9.9973E-05 0.55504 9.9973E-05 0.0683784 9.9973E-05
0.0790181 0.0377131 0.044589 0.0483297 9.9982E-05 0.705912 0.0390697 0.0451688 9.9982E-05
0.0270235 0.0416479 0.119815 0.0016699 9.9973E-05 0.714341 9.9973E-05 0.095203 9.9973E-05
9.9964E-05 9.9964E-05 0.155162 0.014863 9.9964E-05 0.738906 9.9964E-05 0.0864488 0.0042201
0.0109428 0.0490148 0.167964 0.0491151 9.9982E-05 0.661568 0.0408487 0.0203467 9.9982E-05
0.13256 9.9973E-05 0.0409573 0.685484 0.0440995 0.0442086 0.0523902 9.9973E-05 9.9973E-05
