0.0972075 9.9964E-05 0.138971 9.9964E-05 0.0570652 9.9964E-05 0.0140774 0.117628 0.574651 9.9964E-05
0.263831 9.9982E-05 0.0854881 0.0586625 0.0287447 0.0103978 0.0322189 0.0870182 0.433439 9.9982E-05
0.0330252 9.9991E-05 0.136022 0.0654589 0.0166492 0.0237774 0.0937239 0.140222 0.490468 0.000553001
0.0846279 0.0133067 0.166821 0.0700201 0.00694418 0.0271968 0.049585 0.0477335 0.533665 9.9991E-05
0.151888 0.0141139 9.9955E-05 9.9955E-05 9.9955E-05 9.9955E-05 9.9955E-05 0.103556 0.723841 0.0061015
0.34642 9.9973E-05 0.0622057 9.9973E-05 0.0305136 0.024663 0.0158275 9.9973E-05 0.405003 0.115067
0.242023 9.9964E-05 0.144295 9.9964E-05 9.9964E-05 9.9964E-05 0.05528 0.0139681 0.341401 0.202634
0.0231334 0.0441753 0.000967605 0.0535193 0.0035316 0.0394287 0.108629 0.0562923 0.670223 9.9991E-05
0.038673 0.142555 9.9946E-05 9.9946E-05 9.9946E-05 9.9946E-05 0.694649 9.9946E-05 9.9946E-05 0.123524
9.99201E-05 9.99201E-05 9.99201E-05 9.99201E-05 0.999101 9.99201E-05 9.99201E-05 9.99201E-05 9.99201E-05 9.99201E-05
9.99201E-05 9.99201E-05 9.99201E-05 9.99201E-05 0.999101 9.99201E-05 9.99201E-05 9.99201E-05 9.99201E-05 9.99201E-05
9.9937E-05 0.831044 0.0717146 0.0965415 9.9937E-05 9.9937E-05 9.9937E-05 9.9937E-05 9.9937E-05 9.9937E-05
9.9982E-05 0.1716 9.9982E-05 0.0298557 0.0366545 0.059188 0.565407 0.0563871 0.0612523 0.0194554
9.9955E-05 0.327224 9.9955E-05 9.9955E-05 0.0333416 9.9955E-05 0.60715 9.9955E-05 0.0303413 0.00144261
9.9946E-05 0.885565 9.9946E-05 9.9946E-05 0.025877 9.9946E-05 0.048661 0.0392971 9.9946E-05 9.9946E-05
0.0183441 0.893637 9.9973E-05 9.9973E-05 9.9973E-05 0.0126299 0.0153204 0.0293086 0.000315053 0.0301452
0.0455841 0.825506 9.9946E-05 9.9946E-05 9.9946E-05 9.9946E-05 9.9946E-05 9.9946E-05 0.00831562 0.119994
0.0317701 0.0360518 0.20066 9.9982E-05 0.00979312 0.458717 0.062584 0.0334034 0.16682 9.9982E-05
9.9937E-05 9.9937E-05 0.115634 9.9937E-05 0.0126343 0.871032 9.9937E-05 9.9937E-05 9.9937E-05 9.9937E-05
9.9946E-05 9.9946E-05 9.9946E-05 0.0119493 0.0121005 0.912353 9.9946E-05 0.0629976 9.9946E-05 9.9946E-05
9.99201E-05 9.99201E-05 9.99201E-05 9.99201E-05 9.99201E-05 0.999101 9.99201E-05 9.99201E-05 9.99201E-05 9.99201E-05
9.9964E-05 0.0122744 0.103036 0.00556695 9.9964E-05 0.722872 9.9964E-05 9.9964E-05 0.137236 0.0186149
0.0243715 9.9955E-05 0.0374352 0.0564638 9.9955E-05 0.870019 9.9955E-05 9.9955E-05 9.9955E-05 0.0112111
9.99201E-05 9.99201E-05 9.99201E-05 9.99201E-05 9.99201E-05 0.999101 9.99201E-05 9.99201E-05 9.99201E-05 9.99201E-05
9.9946E-05 0.589096 9.9946E-05 0.0886685 0.0315528 9.9946E-05 0.290083 9.9946E-05 9.9946E-05 9.9946E-05
9.9973E-05 0.245772 9.9973E-05 0.0144862 0.00146309 0.151009 0.225436 0.00602366 9.9973E-05 0.35551
0.0437591 0.214963 9.9973E-05 9.9973E-05 0.0095701 0.0750972 0.138739 0.0075989 9.9973E-05 0.509973
9.9964E-05 0.390151 0.000300452 0.102563 0.0411292 9.9964E-05 9.9964E-05 9.9964E-05 0.15285 0.312606
0.046141 9.9955E-05 9.9955E-05 0.799642 9.9955E-05 0.124385 0.00374829 9.9955E-05 0.0255842 9.9955E-05
0.0164055 9.9946E-05 9.9946E-05 0.914201 0.0382314 0.0305627 9.9946E-05 9.9946E-05 9.9946E-05 9.9946E-05
9.9946E-05 0.102348 0.0737819 9.9946E-05 9.9946E-05 9.9946E-05 0.0560941 9.9946E-05 9.9946E-05 0.767177
0.118705 0.0431467 0.043554 0.140798 9.9973E-05 0.0860909 9.9973E-05 9.9973E-05 0.0665955 0.50081
0.0929004 9.9973E-05 0.0318843 9.9973E-05 9.9973E-05 0.0945748 0.054392 0.0876432 0.561841 0.0764641
9.9937E-05 9.9937E-05 9.9937E-05 9.9937E-05 0.0412043 9.9937E-05 9.9937E-05 0.0131379 0.944958 9.9937E-05
9.99201E-05 9.99201E-05 9.99201E-05 9.99201E-05 9.99201E-05 9.99201E-05 9.99201E-05 9.99201E-05 0.999101 9.99201E-05
9.9946E-05 9.9946E-05 9.9946E-05 9.9946E-05 0.000524438 0.0877323 0.0346633 9.9946E-05 0.87648 9.9946E-05
9.9946E-05 9.9946E-05 0.0314247 0.0542826 0.0254697 9.9946E-05 9.9946E-05 9.9946E-05 0.888223 9.9946E-05
0.0367457 0.0316565 9.9955E-05 9.9955E-05 0.0334886 9.9955E-05 9.9955E-05 0.117175 0.780434 9.9955E-05
0.200386 9.9973E-05 0.0916213 0.00974934 0.0219044 0.0807866 9.9973E-05 0.165599 0.429653 9.9973E-05
0.216234 9.9973E-05 0.00395133 0.134171 0.0140412 9.9973E-05 0.0237359 0.120498 0.487069 9.9973E-05
0.0124088 0.00230407 0.0962754 9.9955E-05 9.9955E-05 0.122756 9.9955E-05 9.9955E-05 0.765756 9.9955E-05
9.9964E-05 9.9964E-05 0.000331548 0.0954722 9.9964E-05 0.176315 0.0663003 0.0761231 0.585058 9.9964E-05
0.241689 9.9946E-05 9.9946E-05 9.9946E-05 0.0312556 0.188484 0.537972 9.9946E-05 9.9946E-05 9.9946E-05
0.279053 9.9973E-05 0.0318469 0.0151729 0.0179903 0.141699 0.506128 9.9973E-05 0.0078099 9.9973E-05
9.9955E-05 9.9955E-05 9.9955E-05 0.123514 9.9955E-05 0.136452 0.576749 0.060115 0.102671 9.9955E-05
0.0425882 9.9964E-05 0.057408 0.00580394 9.9964E-05 0.0461611 0.659842 9.9964E-05 0.187797 9.9964E-05
9.9937E-05 0.948715 9.9937E-05 9.9937E-05 9.9937E-05 0.0238258 0.0267599 9.9937E-05 9.9937E-05 9.9937E-05
9.9928E-05 9.9928E-05 9.9928E-05 9.9928E-05 9.9928E-05 9.9928E-05 0.941501 9.9928E-05 9.9928E-05 0.0576999
9.99201E-05 9.99201E-05 9.99201E-05 9.99201E-05 9.99201E-05 9.99201E-05 0.999101 9.99201E-05 9.99201E-05 9.99201E-05
9.9955E-05 0.0577291 0.0741406 9.9955E-05 0.0490457 0.181798 9.9955E-05 9.9955E-05 0.636787 9.9955E-05
0.0402122 0.0275351 0.180384 9.9982E-05 0.0596679 0.043354 0.0780593 9.9982E-05 0.570035 0.000553042
0.119961 9.9964E-05 0.0366349 9.9964E-05 0.0256637 9.9964E-05 0.664346 0.0294957 0.123498 9.9964E-05
9.9937E-05 9.9937E-05 9.9937E-05 0.00429879 0.971068 9.9937E-05 0.0239339 9.9937E-05 9.9937E-05 9.9937E-05
9.996E-05 9.996E-05 0.0550112 0.600851 9.996E-05 0.0238434 9.996E-05 0.125376 0.133651 0.0608673
9.9937E-05 0.81402 9.9937E-05 0.0941549 9.9937E-05 9.9937E-05 0.0911252 9.9937E-05 9.9937E-05 9.9937E-05
9.9955E-05 0.494843 9.9955E-05 0.132644 9.9955E-05 9.9955E-05 0.316515 0.0261896 9.9955E-05 0.0293081
9.99201E-05 9.99201E-05 9.99201E-05 9.99201E-05 9.99201E-05 9.99201E-05 9.99201E-05 0.999101 9.99201E-05 9.99201E-05
9.9928E-05 9.9928E-05 0.0515002 9.9928E-05 9.9928E-05 9.9928E-05 9.9928E-05 0.9477 9.9928E-05 9.9928E-05
0.0225383 0.0806034 0.0802536 0.0441548 9.9973E-05 0.0933468 9.9973E-05 0.454423 0.22438 9.9973E-05
0.0196054 0.0294116 9.9955E-05 9.9955E-05 0.00625201 0.00795683 9.9955E-05 0.936274 9.9955E-05 9.9955E-05
9.9946E-05 9.9946E-05 9.9946E-05 9.9946E-05 0.0105618 9.9946E-05 9.9946E-05 0.829246 0.135687 0.0239053
9.9955E-05 0.123077 9.9955E-05 9.9955E-05 0.0568285 9.9955E-05 0.701571 0.0586756 9.9955E-05 0.0593484
9.9946E-05 0.0783861 9.9946E-05 9.9946E-05 9.9946E-05 0.000402338 0.0287275 9.9946E-05 9.9946E-05 0.891884
9.9955E-05 0.0500958 9.9955E-05 0.0095548 0.000380497 9.9955E-05 0.117897 9.9955E-05 9.9955E-05 0.821572
9.9955E-05 0.234245 9.9955E-05 9.9955E-05 0.0254779 9.9955E-05 0.0527162 9.9955E-05 0.0475267 0.639535
9.9955E-05 0.167218 9.9955E-05 0.572895 9.9955E-05 0.0421802 0.00881183 9.9955E-05 9.9955E-05 0.208395
0.026006 0.0716424 0.0793292 0.681827 9.9973E-05 0.105995 9.9973E-05 0.00934391 0.0255575 9.9973E-05
9.9946E-05 0.834143 0.0150292 9.9946E-05 9.9946E-05 9.9946E-05 0.103353 9.9946E-05 9.9946E-05 0.0468753
0.0754463 0.790903 9.9955E-05 9.9955E-05 9.9955E-05 9.9955E-05 0.00859984 9.9955E-05 0.0204531 0.104098
0.0530368 0.484503 9.9973E-05 0.261897 0.00610069 0.0494399 0.0912275 0.0534959 9.9973E-05 9.9973E-05
9.9946E-05 0.223818 0.0934679 0.562438 9.9946E-05 9.9946E-05 9.9946E-05 9.9946E-05 0.119677 9.9946E-05
9.9937E-05 0.927989 9.9937E-05 9.9937E-05 0.0397918 9.9937E-05 9.9937E-05 9.9937E-05 9.9937E-05 0.0315199
0.0289064 0.925616 9.9946E-05 9.9946E-05 0.00938822 9.9946E-05 9.9946E-05 9.9946E-05 0.03549 9.9946E-05
0.206336 9.9964E-05 0.115593 9.9964E-05 0.000292564 9.9964E-05 0.0208419 0.0919608 0.564576 9.9964E-05
0.245324 9.9955E-05 9.9955E-05 0.035372 0.0913875 9.9955E-05 9.9955E-05 0.0906003 0.536816 9.9955E-05
9.99201E-05 0.999101 9.99201E-05 9.99201E-05 9.99201E-05 9.99201E-05 9.99201E-05 9.99201E-05 9.99201E-05 9.99201E-05
9.9955E-05 0.693362 0.0691911 0.019978 0.0197123 9.9955E-05 9.9955E-05 9.9955E-05 9.9955E-05 0.197257
9.9937E-05 0.917422 0.0614477 0.0204303 9.9937E-05 9.9937E-05 9.9937E-05 9.9937E-05 9.9937E-05 9.9937E-05
0.0420519 9.9982E-05 0.031407 0.0831066 0.0342724 0.0995157 0.376177 0.0692421 0.264028 9.9982E-05
0.0442377 9.9982E-05 0.102881 0.0989788 0.0644019 0.0197462 0.231602 0.118263 0.31969 9.9982E-05
0.107361 9.9973E-05 9.9973E-05 0.0736271 0.134439 0.0673956 0.181048 0.0120104 0.423818 9.9973E-05
0.104519 9.9973E-05 9.9973E-05 0.109931 0.0760401 0.00695784 0.18693 0.06311 0.452213 9.9973E-05
9.9928E-05 9.9928E-05 9.9928E-05 0.937983 9.9928E-05 9.9928E-05 0.0612176 9.9928E-05 9.9928E-05 9.9928E-05
9.9928E-05 9.9928E-05 9.9928E-05 0.952524 9.9928E-05 9.9928E-05 9.9928E-05 9.9928E-05 9.9928E-05 0.0466765
9.9937E-05 9.9937E-05 0.0186978 0.930303 0.0503 9.9937E-05 9.9937E-05 9.9937E-05 9.9937E-05 9.9937E-05
9.99369E-05 9.99369E-05 9.99369E-05 9.99369E-05 0.00593349 9.99369E-05 0.117524 0.875843 9.99369E-05 9.99369E-05
9.9946E-05 0.0224936 9.9946E-05 9.9946E-05 0.0403121 9.9946E-05 0.925396 0.0111987 9.9946E-05 9.9946E-05
0.042817 9.9973E-05 0.0879131 9.9973E-05 0.00667537 0.148009 0.0323606 0.0942285 0.587696 9.9973E-05
9.9973E-05 0.000268676 0.068088 9.9973E-05 0.0386206 0.251002 0.119528 9.9973E-05 0.475105 0.047088
0.0208377 0.00432196 0.0473904 9.9982E-05 0.0253082 0.109637 9.9982E-05 0.0785634 0.710339 0.00340175
9.9955E-05 9.9955E-05 0.180998 9.9955E-05 9.9955E-05 0.127507 0.136446 0.073798 0.480751 9.9955E-05
0.078985 9.9955E-05 0.0948477 9.9955E-05 9.9955E-05 9.9955E-05 9.9955E-05 0.0926443 0.635519 0.097504
0.093253 0.00132394 0.0225592 9.9982E-05 0.0106279 0.0233706 9.9982E-05 0.0577529 0.760676 0.0302366
0.999101 9.99201E-05 9.99201E-05 9.99201E-05 9.99201E-05 9.99201E-05 9.99201E-05 9.99201E-05 9.99201E-05 9.99201E-05
0.991726 9.9928E-05 0.00747438 9.9928E-05 9.9928E-05 9.9928E-05 9.9928E-05 9.9928E-05 9.9928E-05 9.9928E-05
0.924885 9.9937E-05 9.9937E-05 9.9937E-05 0.0252789 9.9937E-05 9.9937E-05 0.0491367 9.9937E-05 9.9937E-05
0.744867 9.9937E-05 9.9937E-05 9.9937E-05 9.9937E-05 0.0627038 9.9937E-05 9.9937E-05 0.191729 9.9937E-05
0.994462 9.9928E-05 9.9928E-05 9.9928E-05 9.9928E-05 9.9928E-05 9.9928E-05 0.00473889 9.9928E-05 9.9928E-05
9.9937E-05 9.9937E-05 0.955205 9.9937E-05 0.0236033 9.9937E-05 9.9937E-05 9.9937E-05 0.0204917 9.9937E-05
0.0149507 9.9955E-05 0.880745 9.9955E-05 0.0077728 0.00310036 9.9955E-05 9.9955E-05 0.0929312 9.9955E-05
9.99201E-05 9.99201E-05 0.999101 9.99201E-05 9.99201E-05 9.99201E-05 9.99201E-05 9.99201E-05 9.99201E-05 9.99201E-05
9.9946E-05 9.9946E-05 0.963209 9.9946E-05 9.9946E-05 9.9946E-05 0.00373261 0.0188239 0.0136346 9.9946E-05
9.99201E-05 9.99201E-05 0.999101 9.99201E-05 9.99201E-05 9.99201E-05 9.99201E-05 9.99201E-05 9.99201E-05 9.99201E-05
0.0220789 9.9937E-05 9.9937E-05 9.9937E-05 0.0202537 9.9937E-05 9.9937E-05 9.9937E-05 9.9937E-05 0.956968
9.9955E-05 9.9955E-05 0.0211134 0.0465312 0.00431285 9.9955E-05 9.9955E-05 0.0556359 9.9955E-05 0.871907
9.99201E-05 9.99201E-05 9.99201E-05 9.99201E-05 9.99201E-05 9.99201E-05 9.99201E-05 9.99201E-05 9.99201E-05 0.999101
0.0193479 9.9937E-05 9.9937E-05 0.03734 9.9937E-05 9.9937E-05 9.9937E-05 9.9937E-05 9.9937E-05 0.942613
9.9973E-05 0.0688955 9.9973E-05 0.686244 0.0121968 9.9973E-05 0.0241921 0.056564 0.101669 0.049939
