9.9964E-05 0.0254543 0.0277792 9.9964E-05 0.0605138 0.857119 0.0287336 9.9964E-05 9.9964E-05
0.0127373 9.9964E-05 9.9964E-05 9.9964E-05 0.0352701 0.919497 9.9964E-05 0.00748014 0.0246159
9.9964E-05 0.034792 9.9964E-05 9.9964E-05 0.0489 0.775567 0.0766753 9.9964E-05 0.0636659
9.9964E-05 0.0508272 9.9964E-05 9.9964E-05 0.0355794 0.741544 0.0933117 9.9964E-05 0.0783377
0.0571106 9.9955E-05 9.9955E-05 9.9955E-05 9.9955E-05 0.850982 0.0223742 9.9955E-05 0.0690332
0.0125342 0.071316 9.9991E-05 0.0236111 0.0319371 0.564775 0.0786021 0.168979 0.0481461
0.0144974 0.0327847 0.0347924 0.0192376 0.0439747 0.738748 0.0522751 0.0635901 9.9991E-05
0.0556012 0.0928669 0.0748506 0.00841442 0.0615096 0.657646 0.0310044 0.0180066 9.9991E-05
0.0354535 0.0274884 0.0254985 0.0281541 0.00585829 0.83277 9.9982E-05 0.0445771 9.9982E-05
0.0675208 0.0548043 0.000590857 9.9991E-05 0.0171023 0.661638 0.136037 0.0068359 0.0553714
9.9964E-05 0.126485 9.9964E-05 0.0193753 9.9964E-05 0.715504 9.9964E-05 0.0838394 0.0543959
9.9964E-05 0.0385581 0.768163 0.0732707 9.9964E-05 9.9964E-05 0.0669902 9.9964E-05 0.052618
0.005746 0.0451241 0.383841 9.9982E-05 0.0275072 9.9982E-05 0.110657 0.00955564 0.417369
0.0856304 0.0462335 0.644653 9.9991E-05 0.0454433 0.0180969 0.0607746 0.0438872 0.0551808
9.9955E-05 9.9955E-05 0.665016 9.9955E-05 9.9955E-05 0.0675507 0.0984521 9.9955E-05 0.168482
9.9964E-05 9.9964E-05 0.36561 9.9964E-05 9.9964E-05 0.148371 0.117483 0.0540852 0.31405
9.9955E-05 9.9955E-05 0.398017 9.9955E-05 0.0610939 9.9955E-05 0.126461 9.9955E-05 0.413928
9.9973E-05 9.9973E-05 0.420449 0.0813669 0.00252642 9.9973E-05 0.126413 0.0820754 0.28687
9.9964E-05 9.9964E-05 0.629056 9.9964E-05 9.9964E-05 0.144441 0.0519759 0.0185171 0.15561
9.9964E-05 0.0383974 0.7888 9.9964E-05 0.0112636 0.0215679 9.9964E-05 0.139571 9.9964E-05
0.0358827 9.9982E-05 0.398468 0.118938 0.0282305 9.9982E-05 0.0747415 0.026529 0.317011
0.069846 9.9982E-05 0.304845 0.0104755 0.0151353 9.9982E-05 0.0343126 0.136515 0.42867
9.9982E-05 0.00603521 0.271909 0.0828724 9.9982E-05 0.0582483 0.0677352 0.0453889 0.467611
9.9973E-05 9.9973E-05 0.684205 9.9973E-05 0.0167324 0.0334117 0.0512367 0.0361584 0.177956
9.999E-05 0.102012 0.141252 0.0347277 0.0118315 0.0324251 0.0792719 0.0391566 0.559224
9.9973E-05 9.9973E-05 0.38599 0.0158816 0.0969522 9.9973E-05 0.012279 0.0413164 0.447281
9.9964E-05 9.9964E-05 0.823667 9.9964E-05 0.0447025 9.9964E-05 0.0619058 0.00679454 0.0625304
9.9955E-05 9.9955E-05 0.756284 9.9955E-05 0.00382567 9.9955E-05 0.189692 0.0496984 9.9955E-05
0.0582266 9.9964E-05 0.721363 9.9964E-05 9.9964E-05 0.00771502 9.9964E-05 0.0751971 0.137098
9.993E-05 9.993E-05 9.993E-05 9.993E-05 0.999201 9.993E-05 9.993E-05 9.993E-05 9.993E-05
9.993E-05 9.993E-05 9.993E-05 9.993E-05 0.999201 9.993E-05 9.993E-05 9.993E-05 9.993E-05
9.9973E-05 9.9973E-05 0.0352586 0.00465853 0.365566 0.474282 0.0389763 9.9973E-05 0.0809583
9.9973E-05 9.9973E-05 9.9973E-05 0.122464 0.272567 0.491569 0.0835453 0.00850575 0.021049
0.0333411 0.0838156 0.0509479 0.179777 0.0171126 0.00718091 0.0400732 0.0630405 0.524711
9.9982E-05 9.9982E-05 0.0505016 0.255089 0.0415877 0.0807364 0.0378083 0.0403147 0.493763
0.00532775 9.9964E-05 9.9964E-05 0.34614 9.9964E-05 9.9964E-05 0.0598629 0.031606 0.556664
0.0238642 0.128814 0.694757 9.9964E-05 9.9964E-05 0.102327 9.9964E-05 9.9964E-05 0.0498386
9.9964E-05 9.9964E-05 9.9964E-05 0.58519 0.00549316 9.9964E-05 0.0806353 0.0693994 0.258882
0.140596 0.0503091 0.0723446 0.188397 9.9991E-05 0.033962 0.0333021 0.00777995 0.473209
9.9973E-05 9.9973E-05 0.0125338 0.163708 0.015302 0.0881544 0.0694194 9.9973E-05 0.650582
0.0129416 0.135667 0.0181872 0.085107 0.0980053 9.9982E-05 9.9982E-05 0.103636 0.546257
9.9982E-05 0.103625 0.0277681 0.0669192 0.0560806 0.0654718 9.9982E-05 0.0648364 0.615099
9.9982E-05 9.9982E-05 0.148903 0.664539 0.0212189 0.0249814 0.0356347 0.0230321 0.0814904
9.9973E-05 0.0834013 9.9973E-05 0.0486523 0.0128906 9.9973E-05 0.0445465 0.214018 0.596191
9.9973E-05 0.00624418 9.9973E-05 0.256199 9.9973E-05 0.0291949 0.106717 0.107808 0.493536
0.0238555 0.0180969 0.0209204 0.0499214 0.0592249 0.0301647 0.0407567 0.148346 0.608713
0.0142081 9.9955E-05 9.9955E-05 0.6723 9.9955E-05 9.9955E-05 0.0101722 9.9955E-05 0.30282
0.00392629 9.9973E-05 0.0748555 0.260628 0.0316983 0.0161495 9.9973E-05 9.9973E-05 0.612442
0.116744 9.9982E-05 9.9982E-05 0.0705988 0.0288833 0.112367 0.0224713 0.0402614 0.608475
0.0486167 9.9964E-05 0.00742787 0.641705 9.9964E-05 0.0479432 9.9964E-05 0.253907 9.9964E-05
0.0685621 0.16194 0.389582 0.142685 9.9973E-05 9.9973E-05 9.9973E-05 0.120552 0.116378
0.0430864 0.0139785 0.383897 0.14507 9.9973E-05 9.9973E-05 0.0288834 0.384785 9.9973E-05
9.9973E-05 9.9973E-05 0.195676 0.169494 0.0116521 0.0650574 0.117973 9.9973E-05 0.439846
0.0337861 9.9982E-05 0.109155 9.9982E-05 0.0378249 0.0249868 0.0830627 0.114193 0.596791
0.0581227 0.0602041 0.0313908 0.0656891 0.0182309 9.9991E-05 0.0805402 0.159839 0.525884
0.0784082 0.114303 0.235648 0.198445 0.0567479 0.0639709 9.9991E-05 0.127819 0.124558
9.9973E-05 0.180895 0.131141 0.00662623 0.0482505 9.9973E-05 9.9973E-05 0.0374703 0.595317
0.053273 0.00134936 0.211019 0.0262001 0.00476336 0.0643508 0.0710875 0.0950492 0.472908
0.129804 0.0279403 0.321444 0.088883 0.047619 0.0540519 0.0590569 0.0177261 0.253475
0.0268568 0.0391103 0.435209 0.0973709 0.022087 0.177054 0.0287497 0.163075 0.0104883
0.0724939 0.00475011 0.162655 0.148121 0.0656763 0.00670829 0.0890524 9.9991E-05 0.450442
0.0784617 0.0142559 0.416811 9.9973E-05 9.9973E-05 0.117856 0.0570372 9.9973E-05 0.315278
0.0277838 0.0883167 0.60291 0.14276 0.0477495 9.9973E-05 9.9973E-05 0.0901806 9.9973E-05
0.0970588 9.9964E-05 0.403075 9.9964E-05 9.9964E-05 9.9964E-05 0.0442942 0.0732295 0.381943
0.130763 0.0682623 0.0739213 0.0930528 9.9973E-05 9.9973E-05 0.0848595 9.9973E-05 0.548841
0.0641172 9.9982E-05 0.214182 9.9982E-05 0.0801316 0.00266491 0.0795873 0.110975 0.448142
9.9982E-05 9.9982E-05 0.396289 0.228113 0.0109537 0.0497325 0.0510238 0.0374707 0.226217
0.0421174 9.9982E-05 0.400037 0.0491693 0.0413875 9.9982E-05 0.0662581 0.0539393 0.346891
0.00798921 0.142589 0.0721585 0.113385 0.0915587 9.9982E-05 0.027419 9.9982E-05 0.5447
0.0651995 0.0148129 0.506529 0.11961 0.0649809 9.9982E-05 9.9982E-05 0.12442 0.104248
9.9964E-05 0.0392224 0.012068 0.378908 9.9964E-05 9.9964E-05 9.9964E-05 0.0527429 0.516659
9.9955E-05 9.9955E-05 0.165356 0.613664 0.0393819 9.9955E-05 9.9955E-05 9.9955E-05 0.181098
0.0202184 0.0150271 0.131736 0.140852 9.9982E-05 0.11267 0.0226777 9.9982E-05 0.556619
0.00757724 9.9946E-05 9.9946E-05 0.835001 9.9946E-05 9.9946E-05 9.9946E-05 0.156822 9.9946E-05
0.0191919 9.9955E-05 0.137581 0.742279 9.9955E-05 9.9955E-05 9.9955E-05 0.100449 9.9955E-05
0.0153588 0.00717752 0.00748306 0.696334 9.9973E-05 9.9973E-05 0.0230492 9.9973E-05 0.250297
9.9973E-05 0.0747987 0.0356888 0.34202 0.0214233 0.0767438 9.9973E-05 9.9973E-05 0.449025
0.0234019 0.0569079 0.014614 0.213583 0.0159362 0.125153 9.9982E-05 9.9982E-05 0.550204
9.9973E-05 0.0384012 0.0932474 0.394735 0.0374119 9.9973E-05 0.0385402 9.9973E-05 0.397364
9.9973E-05 0.138117 0.0644363 0.567957 9.9973E-05 0.0791467 0.0719456 9.9973E-05 0.0780972
9.9973E-05 0.169515 0.0831928 0.45436 0.00737317 0.0391084 9.9973E-05 9.9973E-05 0.24615
0.104939 0.085598 9.9991E-05 0.155507 0.0579348 0.00427466 0.137499 0.0122199 0.441928
0.107265 9.9982E-05 0.08824 0.470397 0.0164615 0.0443558 0.0049916 9.9982E-05 0.268089
9.9955E-05 9.9955E-05 0.114513 0.44121 0.0466896 9.9955E-05 9.9955E-05 9.9955E-05 0.397088
0.0131272 9.9955E-05 9.9955E-05 0.489634 9.9955E-05 9.9955E-05 9.9955E-05 0.0843216 0.412417
0.172021 0.0203705 9.9964E-05 0.622838 9.9964E-05 0.0120472 9.9964E-05 0.172324 9.9964E-05
9.9973E-05 0.00719408 9.9973E-05 0.190674 0.0544444 9.9973E-05 0.054456 0.102933 0.589999
9.9973E-05 0.0155866 0.0431659 9.9973E-05 0.00486922 0.809749 0.0234436 9.9973E-05 0.102886
9.9946E-05 9.9946E-05 9.9946E-05 9.9946E-05 0.121078 0.775037 9.9946E-05 9.9946E-05 0.103285
9.9964E-05 0.0154715 9.9964E-05 9.9964E-05 0.117168 0.740571 0.0554567 9.9964E-05 0.070933
9.9964E-05 9.9964E-05 9.9964E-05 9.9964E-05 0.12441 0.786735 0.0253286 0.0479776 0.0151491
9.9964E-05 9.9964E-05 9.9964E-05 0.0154887 0.12764 0.763846 9.9964E-05 0.00676471 0.0858603
9.9964E-05 9.9964E-05 9.9964E-05 0.0535531 0.0720981 0.811249 0.0487831 9.9964E-05 0.013917
9.99461E-05 9.99461E-05 9.99461E-05 9.99461E-05 0.0772626 0.833481 9.99461E-05 9.99461E-05 0.088657
9.9982E-05 0.0380138 0.0719846 0.183251 0.0323498 0.121633 0.0730136 9.9982E-05 0.479555
0.0310658 0.138655 0.0291245 0.135375 0.0437795 0.0184819 0.0747664 9.9991E-05 0.528652
0.0370076 9.9964E-05 0.132775 0.762583 9.9964E-05 0.0603527 9.9964E-05 9.9964E-05 0.00688145
0.0241717 0.0510239 0.19929 0.156614 0.0216093 9.9991E-05 0.0335398 0.0253539 0.488297
9.9964E-05 9.9964E-05 0.0732932 0.437492 0.00724392 0.0405625 9.9964E-05 9.9964E-05 0.441008
0.0524832 0.0304695 9.9973E-05 0.205277 0.0226957 0.0267448 9.9973E-05 9.9973E-05 0.66203
0.0195854 9.9982E-05 0.110469 0.220586 0.00477311 0.0541969 9.9982E-05 0.0254141 0.564775
9.9955E-05 9.9955E-05 9.9955E-05 0.525457 0.020996 9.9955E-05 0.114336 9.9955E-05 0.338711
9.9964E-05 0.0284526 0.152873 0.720993 9.9964E-05 0.0665743 9.9964E-05 0.0307075 9.9964E-05
0.01455 0.120863 9.9991E-05 0.175352 0.0499023 0.0834591 0.0709361 0.116483 0.368354
0.0102375 0.042889 9.9982E-05 0.234187 0.015082 0.0949099 9.9982E-05 0.00599754 0.596497
0.0057463 0.152307 9.9982E-05 0.0161446 9.9982E-05 0.0891514 0.0380885 0.11806 0.580302
0.0250648 9.9973E-05 9.9973E-05 0.577184 0.0204143 9.9973E-05 0.0270557 0.131074 0.218908
0.0555667 9.9973E-05 9.9973E-05 0.426649 0.00132434 0.0322125 0.00939683 9.9973E-05 0.47455
9.9973E-05 0.140534 0.0360492 0.347106 9.9973E-05 0.0525138 9.9973E-05 0.0114713 0.412027
9.9964E-05 0.00487321 9.9964E-05 0.638875 0.0135849 9.9964E-05 0.0874142 9.9964E-05 0.254853
9.9964E-05 0.0598154 9.9964E-05 0.448161 9.9964E-05 0.0816481 0.0107313 9.9964E-05 0.399244
0.0470089 9.9982E-05 0.0704903 0.15887 0.0487789 0.0903846 9.9982E-05 0.0146982 0.569569
0.204997 9.9982E-05 0.461719 0.0459167 0.0490518 0.0323453 9.9982E-05 0.0308069 0.174964
9.9991E-05 0.216568 0.26037 0.0232996 0.0176417 0.0578737 0.0490139 0.0533062 0.321827
0.0917911 0.0343079 0.197308 0.0547433 9.9973E-05 0.127884 9.9973E-05 9.9973E-05 0.493666
9.9964E-05 9.9964E-05 0.176703 0.0613338 9.9964E-05 0.0783568 9.9964E-05 0.104745 0.578462
0.0218967 0.050152 0.422152 9.9964E-05 0.0594488 9.9964E-05 9.9964E-05 9.9964E-05 0.44595
0.0915279 0.0398599 0.376466 9.9955E-05 9.9955E-05 9.9955E-05 9.9955E-05 9.9955E-05 0.491647
0.0742703 0.127425 0.36639 9.9982E-05 9.9982E-05 0.0322836 0.0317651 0.00916525 0.358501
0.0559518 0.0880784 0.0996105 0.10954 0.0505855 9.9991E-05 0.0374716 0.0587041 0.499958
9.9991E-05 0.0472523 0.1653 0.0242687 0.0212087 0.0309685 0.0643468 0.113788 0.532767
9.9982E-05 0.0548677 0.167053 0.128683 0.0426839 0.032969 9.9982E-05 0.0236393 0.549904
9.9964E-05 0.108328 0.318019 0.0682721 0.0494242 9.9964E-05 9.9964E-05 9.9964E-05 0.455557
0.0213294 0.102934 0.0534205 9.9991E-05 0.0208303 0.0227057 0.0232274 0.108068 0.647385
0.0924584 9.9982E-05 0.0173962 0.0650615 9.9982E-05 0.100322 0.098423 0.0969809 0.529158
0.0482529 0.119325 0.195966 0.0977334 9.9973E-05 9.9973E-05 0.00900566 9.9973E-05 0.529417
0.085034 9.9982E-05 0.144069 9.9982E-05 0.0276879 0.10733 0.0137461 0.122577 0.499355
0.0536355 0.072856 0.0619554 0.119851 0.0291609 9.9991E-05 0.0434113 0.0577155 0.561314
0.0516011 9.9973E-05 0.395756 9.9973E-05 0.0223733 0.099293 9.9973E-05 0.12794 0.302736
0.0332969 9.9991E-05 0.13504 0.0669803 0.0133306 0.00653456 0.0888954 0.0274345 0.628388
0.115947 0.0281613 0.199341 9.9964E-05 0.0234349 9.9964E-05 9.9964E-05 9.9964E-05 0.632716
0.114021 0.202303 0.328005 0.142424 9.9982E-05 0.0033166 0.0345967 9.9982E-05 0.175134
0.242872 0.0699534 0.359525 9.9982E-05 9.9982E-05 0.0324437 0.0307097 0.193611 0.0706848
9.9973E-05 0.119995 0.033889 0.09317 9.9973E-05 0.0369796 9.9973E-05 0.130156 0.585511
0.238443 0.191438 0.18062 0.191885 9.9982E-05 9.9982E-05 0.00415703 0.166377 0.0268804
0.0325044 0.114317 0.456952 0.128348 9.9973E-05 0.0364186 9.9973E-05 9.9973E-05 0.231161
0.0369128 0.0806564 0.333018 0.156691 9.9973E-05 9.9973E-05 9.9973E-05 0.0164498 0.375972
0.0118653 0.140412 0.505325 0.100478 0.0140832 9.9973E-05 9.9973E-05 9.9973E-05 0.227537
0.0208744 0.130918 0.526226 0.0563929 9.9973E-05 9.9973E-05 0.0135324 9.9973E-05 0.251756
0.00712669 0.0202877 0.225338 0.0721619 0.00473597 0.0894123 0.000315328 0.028662 0.55196
0.0139501 0.0650537 0.117845 0.0931969 9.9982E-05 0.0511529 0.184978 9.9982E-05 0.473623
9.9955E-05 9.9955E-05 0.334252 0.0991021 9.9955E-05 0.0565125 9.9955E-05 9.9955E-05 0.509633
0.12111 0.0415474 0.344585 0.11594 9.9982E-05 9.9982E-05 0.027098 0.232005 0.117515
0.0135204 0.0917383 0.192323 0.00644637 0.0142997 0.0629596 0.0961861 0.0929628 0.429564
0.0104452 0.0120368 9.9973E-05 0.184178 9.9973E-05 9.9973E-05 0.0804263 0.209858 0.502756
0.116139 0.152075 0.0345196 0.120934 0.0347692 0.0657611 9.9982E-05 0.475602 9.9982E-05
0.0859265 9.9973E-05 0.00228066 9.9973E-05 0.0157593 0.0870987 9.9973E-05 0.159071 0.649564
0.13415 9.9991E-05 0.0232513 0.238437 0.0167961 0.0819526 0.0621281 0.199972 0.243214
0.112791 0.104559 0.0679489 0.0943708 9.9991E-05 0.0626521 0.0927615 0.151644 0.313173
0.0258925 0.143907 9.9973E-05 0.155707 0.0153904 9.9973E-05 9.9973E-05 0.38312 0.275684
0.0324385 0.0650859 0.17931 0.0588497 0.0318157 0.00454804 9.9991E-05 0.415336 0.212516
0.141008 0.0869903 0.000762264 0.10952 0.00670713 9.9982E-05 9.9982E-05 0.203232 0.451581
0.13084 0.0885513 0.0288192 0.0367552 0.0956266 9.9991E-05 0.0252437 0.0822388 0.511825
0.0407446 0.0413428 0.116298 0.0703056 0.0487699 0.0722805 0.0492183 0.204905 0.356136
0.00384121 0.0292589 0.0956351 0.286496 0.037266 9.9982E-05 0.169715 0.377588 9.9982E-05
0.2014 9.9982E-05 0.109226 9.9982E-05 0.0725421 0.0351735 0.0782592 0.071667 0.431533
0.0365337 0.0331792 0.0791264 0.180935 9.9973E-05 9.9973E-05 9.9973E-05 0.360076 0.309851
0.0660303 0.0828456 0.11015 0.0870397 9.9982E-05 9.9982E-05 0.000796538 0.157607 0.495331
0.00258087 0.101373 9.9991E-05 0.105 0.0570112 0.0476355 0.0827794 0.10433 0.499189
9.9982E-05 9.9982E-05 0.045886 0.0548613 0.0831524 0.187338 0.284782 0.234511 0.109269
9.9955E-05 9.9955E-05 9.9955E-05 9.9955E-05 0.00702391 0.467267 0.123817 0.401392 9.9955E-05
9.9955E-05 9.9955E-05 9.9955E-05 9.9955E-05 0.0407344 0.366786 0.142138 0.449842 9.9955E-05
9.9973E-05 9.9973E-05 0.054403 9.9973E-05 0.0189113 0.311966 0.342391 0.256999 0.0150305
9.9946E-05 9.9946E-05 9.9946E-05 0.0673013 9.9946E-05 9.9946E-05 9.9946E-05 0.275568 0.656531
0.12096 0.0679671 9.9982E-05 0.036289 0.0496432 9.9982E-05 0.0959559 0.0996023 0.529382
9.9946E-05 9.9946E-05 0.0329266 9.9946E-05 9.9946E-05 9.9946E-05 0.68189 9.9946E-05 0.284584
0.00461495 0.0720732 0.144966 0.0675381 0.0297104 0.0129913 0.497674 9.9991E-05 0.170332
0.0123905 0.0751137 0.115006 0.0822841 0.00310797 0.0162112 0.426227 0.00882822 0.260831
0.160508 9.9973E-05 0.0427707 0.127113 0.0268825 9.9973E-05 9.9973E-05 0.325232 0.317194
0.14972 9.9973E-05 0.160255 9.9973E-05 9.9973E-05 0.0763522 0.0917848 0.0546868 0.466902
0.128962 0.00899796 0.065327 0.0394354 9.9973E-05 9.9973E-05 9.9973E-05 0.525518 0.231459
0.0144655 0.0205155 9.9973E-05 0.074767 9.9973E-05 0.0122228 9.9973E-05 0.292563 0.585166
0.150422 9.9991E-05 0.106411 0.112021 0.0183833 0.0135656 0.00699937 0.155633 0.436464
0.0467151 0.0579026 0.00143251 0.0433021 9.9982E-05 9.9982E-05 0.06327 0.198957 0.588221
0.127644 0.0490771 0.024148 0.119751 9.9973E-05 9.9973E-05 9.9973E-05 0.432907 0.246174
9.9982E-05 0.00225587 0.056654 0.239847 9.9982E-05 0.0459724 0.0612463 0.023633 0.570191
9.9973E-05 0.152596 0.031175 9.9973E-05 9.9973E-05 0.0686776 0.0377144 0.236434 0.473103
0.00922476 9.99508E-05 0.0512173 9.99508E-05 9.99508E-05 9.99508E-05 0.938958 9.99508E-05 9.99508E-05
9.9946E-05 0.0194646 9.9946E-05 9.9946E-05 9.9946E-05 9.9946E-05 0.942571 9.9946E-05 0.0373649
0.0103264 0.0740303 9.9982E-05 0.10129 0.00711906 0.0155517 0.628715 9.9982E-05 0.162767
9.9955E-05 0.0146864 9.9955E-05 9.9955E-05 0.0105747 9.9955E-05 0.651302 9.9955E-05 0.322937
9.9964E-05 0.00556105 0.0271784 0.0341715 9.9964E-05 9.9964E-05 0.866605 9.9964E-05 0.0660839
9.993E-05 9.993E-05 9.993E-05 9.993E-05 9.993E-05 9.993E-05 0.999201 9.993E-05 9.993E-05
9.9937E-05 0.0338219 9.9937E-05 9.9937E-05 9.9937E-05 9.9937E-05 0.965479 9.9937E-05 9.9937E-05
9.9937E-05 9.9937E-05 9.9937E-05 9.9937E-05 9.9937E-05 9.9937E-05 0.897264 9.9937E-05 0.102036
9.9946E-05 0.0405209 0.0207308 9.9946E-05 9.9946E-05 9.9946E-05 0.938149 9.9946E-05 9.9946E-05
9.9937E-05 9.9937E-05 9.9937E-05 9.9937E-05 0.00246234 9.9937E-05 0.996838 9.9937E-05 9.9937E-05
9.9937E-05 9.9937E-05 9.9937E-05 9.9937E-05 0.0208233 9.9937E-05 0.978477 9.9937E-05 9.9937E-05
0.00943055 9.9964E-05 0.0216523 9.9964E-05 0.0700809 9.9964E-05 0.753878 9.9964E-05 0.144559
0.00849224 0.0742024 9.9973E-05 0.0408703 9.9973E-05 9.9973E-05 0.80376 0.00564884 0.0667265
9.9946E-05 9.9946E-05 9.9946E-05 0.0279134 0.0112301 9.9946E-05 0.960257 9.9946E-05 9.9946E-05
0.0379629 9.9982E-05 0.142987 0.0882555 0.0725603 0.0317191 0.37481 9.9982E-05 0.251505
9.9973E-05 0.0401068 9.9973E-05 0.0599484 0.0440675 0.0494131 0.656506 9.9973E-05 0.149659
0.0151524 0.00731562 9.9982E-05 0.0354946 9.9982E-05 0.000103881 0.734572 0.0257827 0.181379
9.9955E-05 0.0339879 9.9955E-05 9.9955E-05 9.9955E-05 0.0186912 0.912967 9.9955E-05 0.0338544
9.9937E-05 0.0134345 9.9937E-05 9.9937E-05 9.9937E-05 9.9937E-05 0.985866 9.9937E-05 9.9937E-05
9.9955E-05 9.9955E-05 9.9955E-05 9.9955E-05 0.00313815 0.0707854 0.876769 9.9955E-05 0.0488075
9.9937E-05 9.9937E-05 9.9937E-05 9.9937E-05 0.0130278 9.9937E-05 0.986273 9.9937E-05 9.9937E-05
0.0366219 0.051004 9.9973E-05 0.00920927 9.9973E-05 0.0183736 0.646676 9.9973E-05 0.237815
0.0365965 0.0250942 9.9964E-05 0.0277365 9.9964E-05 9.9964E-05 0.908365 9.9964E-05 0.00180751
0.0590096 9.9964E-05 0.0475351 9.9964E-05 9.9964E-05 0.323736 0.0170466 0.552273 9.9964E-05
9.9991E-05 0.0765552 0.139306 0.0770616 0.00677276 0.14678 0.0237431 0.128709 0.400972
0.0464584 0.044623 9.9973E-05 0.098133 9.9973E-05 0.223985 9.9973E-05 0.15233 0.434171
0.0238067 0.00400291 9.9991E-05 0.060287 0.0693263 0.11564 0.142028 0.463273 0.121536
9.9982E-05 0.0395534 0.156517 0.0211825 9.9982E-05 0.080593 0.161559 0.182413 0.357981
9.9973E-05 9.9973E-05 9.9973E-05 0.133154 0.0540538 0.180258 0.1522 0.339542 0.140492
0.0968329 0.0966777 9.9982E-05 9.9982E-05 0.0365964 0.150181 0.134047 0.123727 0.361738
0.0063485 9.9973E-05 0.0335808 9.9973E-05 9.9973E-05 0.148587 0.128837 0.315425 0.366921
0.0119073 0.0311566 0.00743179 9.9991E-05 0.0678177 0.119492 0.110188 0.171585 0.480321
0.00541763 9.9982E-05 9.9982E-05 0.00263138 0.0612027 0.0881707 0.214309 0.292598 0.335471
9.9964E-05 9.9964E-05 0.10368 9.9964E-05 9.9964E-05 0.191087 0.0614258 0.20905 0.434357
0.0379255 0.0614114 9.9955E-05 9.9955E-05 9.9955E-05 0.852341 9.9955E-05 9.9955E-05 0.0478228
0.0447647 9.9955E-05 9.9955E-05 9.9955E-05 0.0769307 0.844176 0.0336286 9.9955E-05 9.9955E-05
9.9955E-05 9.9955E-05 0.0666982 0.00122583 0.0183389 0.913237 9.9955E-05 9.9955E-05 9.9955E-05
9.9955E-05 0.0476157 9.9955E-05 9.9955E-05 0.0157926 0.906479 9.9955E-05 9.9955E-05 0.0296127
9.9973E-05 0.0583584 0.0359802 9.9973E-05 0.086225 0.800407 0.0176592 0.00107072 9.9973E-05
0.0339281 9.9964E-05 0.0125779 9.9964E-05 0.0715981 0.804758 0.0767375 9.9964E-05 9.9964E-05
9.9955E-05 9.9955E-05 9.9955E-05 9.9955E-05 0.0845817 0.788797 0.0946989 9.9955E-05 0.0314227
0.0427417 0.00177954 9.9973E-05 9.9973E-05 0.014441 0.847476 9.9973E-05 0.0611641 0.0320979
0.00323918 9.9973E-05 0.0611203 9.9973E-05 0.0208914 0.87047 0.0358821 9.9973E-05 0.00809655
0.00754699 9.9973E-05 0.0164489 9.9973E-05 0.042868 0.78578 0.104006 0.0430505 9.9973E-05
0.0169855 0.0634935 0.23969 0.0662965 0.0637232 0.549511 9.9973E-05 9.9973E-05 9.9973E-05
9.9964E-05 0.126117 0.279921 9.9964E-05 0.0163152 0.567914 0.00933282 9.9964E-05 9.9964E-05
0.00434571 0.181119 0.181162 9.9973E-05 0.0343795 0.461719 9.9973E-05 0.136975 9.9973E-05
0.0255454 0.0855929 0.331355 0.0429238 9.9973E-05 0.471037 9.9973E-05 0.043246 9.9973E-05
0.00295254 0.0487336 0.103677 0.290659 0.0287369 0.00799205 0.0457065 9.9991E-05 0.471443
0.100954 0.0651618 0.0887147 0.213111 9.9982E-05 0.0112348 0.0252784 9.9982E-05 0.495345
0.0797345 0.122323 0.10421 0.135577 9.9982E-05 9.9982E-05 0.0618951 0.00887942 0.487182
0.0514807 0.0811376 0.271465 0.174373 0.0331461 0.0269914 9.9991E-05 0.00664922 0.354657
0.0685007 0.21045 0.485782 0.162255 9.9964E-05 9.9964E-05 9.9964E-05 9.9964E-05 0.0726134
0.106867 9.9973E-05 9.9973E-05 0.201945 9.9973E-05 0.0475414 0.0191613 0.0351874 0.588998
0.0358206 9.9964E-05 0.0856289 0.239722 9.9964E-05 9.9964E-05 9.9964E-05 0.0575417 0.580887
0.0912528 0.0339183 0.0230517 0.24307 0.0496307 0.00260538 0.0184464 0.109029 0.428996
9.9964E-05 0.0109041 9.9964E-05 0.531649 9.9964E-05 9.9964E-05 0.0670253 0.0423892 0.347633
0.0590796 0.0654347 0.0509915 0.117929 0.00399565 0.0521156 0.0195076 9.9991E-05 0.630846
0.0893869 0.0570856 0.0798702 0.310282 0.0211421 9.9973E-05 9.9973E-05 9.9973E-05 0.441934
0.173672 0.0347626 9.9955E-05 0.772406 9.9955E-05 9.9955E-05 9.9955E-05 0.0186591 9.9955E-05
0.0477632 0.0655175 0.162881 0.0934683 0.022586 0.0073059 9.9991E-05 0.0845999 0.515778
0.0912503 9.9973E-05 9.9973E-05 0.522804 0.00427709 9.9973E-05 0.0202542 0.134621 0.226493
0.0416654 9.9982E-05 0.0490802 0.370375 9.9982E-05 0.0197161 0.0854722 0.00558337 0.427907
9.9964E-05 0.117596 0.133916 0.640744 9.9964E-05 0.0279119 9.9964E-05 9.9964E-05 0.0794326
9.9964E-05 0.847498 9.9964E-05 9.9964E-05 0.00624682 0.03332 0.0171667 0.0953685 9.9964E-05
9.9955E-05 0.83826 9.9955E-05 9.9955E-05 9.9955E-05 9.9955E-05 0.0309899 0.0939128 0.036338
0.0136924 0.960468 9.9946E-05 9.9946E-05 9.9946E-05 9.9946E-05 9.9946E-05 0.0252397 9.9946E-05
0.0618374 0.883626 9.9946E-05 9.9946E-05 9.9946E-05 0.0539366 9.9946E-05 9.9946E-05 9.9946E-05
0.0606317 0.819487 0.00905466 9.9973E-05 9.9973E-05 9.9973E-05 0.0495738 0.0598574 0.00109586
0.0618131 0.822782 9.9955E-05 9.9955E-05 9.9955E-05 9.9955E-05 0.023581 9.9955E-05 0.0913238
0.00651271 0.00175649 9.9982E-05 0.0204773 0.0566429 0.786026 0.0612774 9.9982E-05 0.067107
9.9964E-05 0.0469696 0.0687354 9.9964E-05 9.9964E-05 0.788552 0.0790503 9.9964E-05 0.016293
9.9973E-05 0.000100578 0.00703037 9.9973E-05 0.0436285 0.734908 0.0607619 9.9973E-05 0.153271
9.9955E-05 9.9955E-05 0.116965 9.9955E-05 0.0179944 0.757481 0.107061 9.9955E-05 9.9955E-05
9.9973E-05 0.0373227 0.000779858 9.9973E-05 0.00780354 0.752698 0.0758329 9.9973E-05 0.125263
9.9973E-05 0.435892 0.1239 0.0269455 0.00654791 0.354207 9.9973E-05 0.0522074 9.9973E-05
0.0364479 0.404037 0.00947813 0.0251667 9.9973E-05 0.451629 9.9973E-05 0.0729408 9.9973E-05
0.134901 0.438863 9.9955E-05 0.0161611 9.9955E-05 0.409576 9.9955E-05 9.9955E-05 9.9955E-05
9.993E-05 9.993E-05 9.993E-05 9.993E-05 0.999201 9.993E-05 9.993E-05 9.993E-05 9.993E-05
0.0558536 0.491006 9.9964E-05 0.108999 9.9964E-05 0.343123 9.9964E-05 0.00061907 9.9964E-05
0.0773929 9.9964E-05 9.9964E-05 9.9964E-05 9.9964E-05 0.187535 0.356262 0.107524 0.270887
9.9991E-05 0.00848885 0.0156948 0.107043 0.00691647 0.0891355 0.270248 0.0195409 0.482833
9.9955E-05 9.9955E-05 9.9955E-05 9.9955E-05 0.0179483 0.176425 0.21899 9.9955E-05 0.586137
9.9973E-05 9.9973E-05 0.0959499 0.0272256 9.9973E-05 0.220531 0.236049 0.0695443 0.3504
9.9991E-05 0.0185576 0.00123289 0.00410003 0.0611032 0.0922643 0.120927 0.135141 0.566575
0.0115214 9.9964E-05 0.00389246 9.9964E-05 9.9964E-05 0.367983 0.299176 0.317028 9.9964E-05
0.103215 0.143158 0.31527 0.030454 0.00843125 0.000423674 9.9982E-05 9.9982E-05 0.398849
0.220266 0.0828964 0.17172 9.9964E-05 9.9964E-05 9.9964E-05 9.9964E-05 0.152282 0.372435
0.106199 0.075914 0.580274 9.9973E-05 0.0345908 0.0387966 9.9973E-05 9.9973E-05 0.163926
0.246778 0.0552648 0.138296 0.0728547 0.0261054 0.00137029 0.0170701 9.9991E-05 0.44216
0.338967 0.00329388 0.156359 0.237943 9.9964E-05 9.9964E-05 9.9964E-05 0.263037 9.9964E-05
0.0512931 0.0179931 0.141308 0.118354 9.9991E-05 0.123977 0.0418058 0.0382172 0.466952
0.183452 0.0852269 0.112147 0.090693 0.0638767 9.9982E-05 9.9982E-05 0.0701586 0.394245
0.006716 0.0642896 0.547693 0.0887769 0.0305896 0.0109172 9.9991E-05 0.0264295 0.224489
0.0736861 0.0976974 0.180447 9.9973E-05 9.9973E-05 0.083463 0.0839876 9.9973E-05 0.480419
0.135131 9.9964E-05 0.406369 0.182491 9.9964E-05 9.9964E-05 9.9964E-05 0.272733 0.00287632
0.134066 0.0472368 0.127665 0.0389452 0.0210418 9.9982E-05 9.9982E-05 0.190176 0.440669
0.028571 0.0895679 0.249405 0.0756055 9.9982E-05 0.0441381 0.0132133 9.9982E-05 0.499299
9.9982E-05 0.1265 0.0533455 0.109782 9.9982E-05 0.0811117 0.257645 0.0816225 0.289793
0.136532 0.115186 0.274288 0.0101633 9.9973E-05 9.9973E-05 9.9973E-05 0.133305 0.330225
0.207336 0.0876143 0.149968 0.10208 9.9991E-05 0.0312678 0.0539866 0.0202777 0.34737
0.14499 0.0437767 0.218563 9.9973E-05 9.9973E-05 9.9973E-05 0.07427 0.0901621 0.427938
0.155445 0.153447 0.0819192 0.0406793 9.9991E-05 0.0241054 0.0251908 0.0408243 0.478288
0.0710068 0.0557135 0.179332 9.9982E-05 0.0132006 0.0295855 0.0462749 9.9982E-05 0.604687
0.0818244 0.062746 0.180263 0.0596912 9.9982E-05 0.0799103 0.045043 9.9982E-05 0.490322
0.0615334 0.081448 0.0160239 0.157623 9.9991E-05 0.0653309 0.0375592 0.0810464 0.499336
9.9955E-05 9.9955E-05 9.9955E-05 9.9955E-05 9.9955E-05 0.778468 0.0802811 0.0165995 0.124151
0.0300885 9.9973E-05 9.9973E-05 0.0269053 9.9973E-05 0.787149 0.0598003 0.0363069 0.0594501
0.0102916 9.9973E-05 0.0198445 0.0447144 9.9973E-05 0.768704 9.9973E-05 0.0626661 0.0934795
0.0040681 0.0324807 9.9973E-05 0.116208 0.0253069 0.760426 0.0612099 9.9973E-05 9.9973E-05
9.9946E-05 9.9946E-05 9.9946E-05 9.9946E-05 0.0448203 0.794827 9.9946E-05 9.9946E-05 0.159753
0.00206059 0.129925 0.682228 0.0514624 9.9982E-05 9.9982E-05 0.0891567 0.0328851 0.0120816
0.162106 9.9991E-05 0.106926 0.101991 0.0355683 0.0629354 0.0530843 0.0124298 0.464859
0.105509 9.9973E-05 9.9973E-05 9.9973E-05 0.00134308 0.174864 0.17591 0.0866869 0.455388
0.0631933 0.0326687 0.121066 9.9973E-05 0.0787805 9.9973E-05 9.9973E-05 0.0323827 0.671609
0.0593388 0.112716 0.291396 0.00241498 0.00737067 0.0589989 9.9982E-05 9.9982E-05 0.467565
0.145655 0.152165 0.224166 9.9982E-05 0.0432977 9.9982E-05 0.027266 0.18801 0.219241
9.9973E-05 0.125681 0.615519 0.0101103 0.0200836 0.103838 9.9973E-05 0.124468 9.9973E-05
0.131603 0.169011 0.181814 0.0201511 0.0342708 0.00917553 9.9982E-05 9.9982E-05 0.453775
0.208222 0.194736 0.433513 9.9973E-05 9.9973E-05 0.071485 0.0342787 9.9973E-05 0.057466
0.0912101 0.0375253 0.186692 0.10456 9.9991E-05 0.0731614 0.0119396 0.0792152 0.415597
0.171828 0.075421 0.541729 0.060535 0.00204357 0.148143 9.9973E-05 9.9973E-05 9.9973E-05
0.081407 0.0191678 0.154469 0.0999775 9.9982E-05 0.107611 0.11403 9.9982E-05 0.423138
0.0824203 0.0761864 0.633667 0.0100402 0.000815907 0.0535112 9.9991E-05 0.0348472 0.108412
0.105783 0.0519947 0.352319 0.027206 0.0318306 9.9991E-05 0.0756051 0.118565 0.236596
0.0415143 0.0676424 0.0543693 0.00731015 0.0395075 9.9982E-05 9.9982E-05 0.197923 0.591533
9.9955E-05 0.120259 9.9955E-05 0.121623 9.9955E-05 9.9955E-05 9.9955E-05 0.451946 0.305672
0.0414649 0.0633355 0.119961 9.9991E-05 0.024002 0.00907318 0.0522663 0.172679 0.517118
9.9982E-05 0.00546985 0.0144966 0.171602 0.093151 0.0122065 9.9982E-05 0.177056 0.525818
0.030366 0.101506 0.0662008 0.043738 9.9973E-05 9.9973E-05 9.9973E-05 0.414367 0.343522
0.15073 0.0161918 9.9991E-05 0.0763721 0.0621725 0.108179 0.00230173 0.0837271 0.500226
0.0398162 0.0901333 9.9973E-05 0.0301155 0.0178795 9.9973E-05 9.9973E-05 0.242233 0.579522
0.122905 0.129769 9.9964E-05 0.0900915 9.9964E-05 9.9964E-05 9.9964E-05 0.536743 0.120091
0.0786214 0.0439405 9.9964E-05 0.0287618 9.9964E-05 9.9964E-05 9.9964E-05 0.567417 0.28086
0.0972033 0.0965018 9.9955E-05 9.9955E-05 9.9955E-05 9.9955E-05 9.9955E-05 0.299642 0.506154
0.0217082 0.0869486 0.0187712 0.271129 9.9973E-05 9.9973E-05 9.9973E-05 0.462439 0.138704
9.9964E-05 0.0421983 0.14045 0.133289 9.9964E-05 9.9964E-05 9.9964E-05 0.314494 0.36917
9.9982E-05 0.103 0.678004 0.128788 9.9982E-05 0.0200667 0.0109196 0.0417454 0.0172774
0.328438 0.0793833 0.38658 0.0327039 9.9973E-05 9.9973E-05 9.9973E-05 0.000269961 0.172325
0.0628506 0.0758865 0.426194 0.0527967 0.0857622 9.9982E-05 0.0385405 9.9982E-05 0.25777
0.0718051 9.9964E-05 0.262376 9.9964E-05 9.9964E-05 0.0243241 0.0701409 9.9964E-05 0.570954
0.0202283 0.150342 0.52367 0.13084 0.0204579 9.9991E-05 0.0271615 0.011711 0.115489
0.0739101 0.0591579 0.218697 0.031842 0.0328392 9.9991E-05 0.104056 0.0639275 0.41547
0.060119 0.054358 0.174787 0.0749027 0.012857 9.9991E-05 0.0924023 0.0172502 0.513223
0.0617535 0.108555 0.293177 0.0114464 9.9991E-05 0.00261764 0.0550536 0.0537511 0.413545
0.0729207 0.14146 0.249023 0.0401167 0.0252846 0.00347168 0.0926069 9.9991E-05 0.375017
9.9973E-05 0.117021 0.323628 0.147016 0.00699938 9.9973E-05 0.0779002 9.9973E-05 0.327135
9.9964E-05 0.123504 0.559711 0.116311 9.9964E-05 9.9964E-05 0.133219 9.9964E-05 0.0668545
0.0862477 0.219228 0.288619 0.0618154 9.9973E-05 9.9973E-05 0.0863439 9.9973E-05 0.257446
0.083544 9.9964E-05 0.346529 9.9964E-05 0.0207416 0.00525509 9.9964E-05 9.9964E-05 0.54353
0.0317759 9.9982E-05 0.280132 0.0665871 0.0247564 0.0429164 0.0214811 9.9982E-05 0.532151
0.233866 0.0300501 0.164621 9.9982E-05 0.0154136 0.100407 9.9982E-05 0.0580001 0.397442
0.226507 0.0547728 0.190079 9.9964E-05 9.9964E-05 9.9964E-05 0.0791485 9.9964E-05 0.449092
0.0230687 0.134555 0.366258 9.9991E-05 0.0301737 0.00151187 0.0162691 0.0707108 0.357353
0.0349651 0.0358263 0.32086 0.0613513 9.9982E-05 0.00335335 9.9982E-05 0.000656602 0.542787
0.0829421 0.0804217 0.258843 9.9982E-05 9.9982E-05 0.0297691 0.0870059 0.0237526 0.437066
0.00854304 0.1044 0.0732544 0.0784631 0.0241159 0.176671 9.9991E-05 0.0202735 0.514179
9.9982E-05 9.9982E-05 0.0991782 0.0247082 0.0518831 0.271539 0.147705 0.0637144 0.341072
0.103209 9.9982E-05 9.9982E-05 0.090513 0.0262022 0.0477757 0.334273 0.113708 0.28412
0.0761985 9.9991E-05 0.109055 0.0319442 0.0240275 0.0795327 0.206322 0.0715099 0.401311
0.0761051 9.9991E-05 0.0858606 0.0171625 0.104953 0.0134273 0.0617735 0.0176336 0.622985
0.0604482 9.9982E-05 0.100879 0.0569356 0.048822 0.130004 0.204719 9.9982E-05 0.397993
0.118366 0.0722243 0.251582 9.9964E-05 9.9964E-05 9.9964E-05 9.9964E-05 0.0580179 0.49941
0.102353 0.0139761 0.00445794 0.0431379 0.0438333 0.170416 0.101057 0.0520726 0.468697
9.9973E-05 9.9973E-05 0.0694264 0.0833065 9.9973E-05 0.190188 0.131404 0.492947 0.032428
0.0229517 0.0883907 0.100857 9.9991E-05 0.0143527 0.0613089 0.0888627 0.136062 0.487114
0.105783 0.0354533 0.0618691 0.0423074 0.0331597 0.0775264 0.137852 9.9991E-05 0.50595
0.0714003 9.9982E-05 0.10623 0.068267 0.0129779 0.0691502 0.237372 9.9982E-05 0.434402
0.086496 9.9991E-05 0.109162 0.0123362 0.0452397 0.148566 0.17726 0.200574 0.220266
9.9964E-05 9.9964E-05 0.0266837 9.9964E-05 9.9964E-05 0.119209 0.151061 0.109389 0.593257
0.0510191 9.9982E-05 0.0413116 9.9982E-05 0.0477644 0.112554 0.126572 0.0906386 0.529941
0.0374264 9.9973E-05 9.9973E-05 0.0130018 0.0230657 0.401568 0.183294 0.341344 9.9973E-05
9.9973E-05 0.0131441 9.9973E-05 9.9973E-05 0.0856665 0.179812 0.165432 0.0303446 0.525301
0.0958833 9.9982E-05 0.0818311 0.00265825 0.0194369 0.105385 0.262501 9.9982E-05 0.432104
9.9982E-05 9.9982E-05 0.121945 0.0661406 0.0459194 0.0873229 0.115396 0.0103157 0.552761
9.9973E-05 9.9973E-05 0.0130196 9.9973E-05 0.0229898 0.159322 0.172013 0.111919 0.520436
0.0460374 0.0409605 0.00655167 0.0656624 0.0122871 0.167994 0.151347 0.0851749 0.423985
0.430603 0.051094 9.9982E-05 0.0371356 0.0508828 0.0145973 0.0122857 9.9982E-05 0.403202
0.144155 0.0709718 0.0682046 0.101334 0.0551608 0.00420596 0.0939146 0.0314794 0.430574
0.786287 9.9946E-05 0.156744 0.0563691 9.9946E-05 9.9946E-05 9.9946E-05 9.9946E-05 9.9946E-05
0.939737 0.0264562 0.0125991 9.9964E-05 9.9964E-05 0.0183511 9.9964E-05 0.00245631 9.9964E-05
0.343453 9.9973E-05 9.9973E-05 0.0779262 0.0508722 0.0504053 0.0946073 9.9973E-05 0.382436
0.126339 9.9973E-05 0.0213864 9.9973E-05 9.9973E-05 0.0534406 0.399738 0.0871666 0.31163
0.316837 9.9973E-05 9.9973E-05 9.9973E-05 0.0616787 0.0428978 0.319033 0.00572424 0.25353
0.164815 9.9991E-05 0.0302059 0.0300232 0.0280328 0.149074 0.339945 0.164012 0.0937918
0.221614 9.9982E-05 0.0519523 9.9982E-05 0.0275608 0.119207 0.324915 0.00351019 0.251041
0.62559 0.00567999 9.9973E-05 9.9973E-05 9.9973E-05 0.0488491 0.0744484 0.18197 0.0631622
0.692945 9.9973E-05 9.9973E-05 9.9973E-05 0.0501884 0.0318701 0.079074 0.0181464 0.127476
0.380935 9.9955E-05 9.9955E-05 9.9955E-05 0.0254991 9.9955E-05 0.123193 9.9955E-05 0.469873
0.477411 9.9964E-05 0.0045779 9.9964E-05 9.9964E-05 0.0333398 0.104874 9.9964E-05 0.379397
0.709057 9.9964E-05 9.9964E-05 9.9964E-05 0.0491264 0.0477059 0.115225 9.9964E-05 0.0784858
0.287297 9.9973E-05 0.034719 9.9973E-05 0.00611217 0.0731914 0.130483 9.9973E-05 0.467898
0.368223 0.0368545 9.9973E-05 9.9973E-05 0.00114635 9.9973E-05 0.148851 0.0190684 0.425557
0.221209 0.0525166 0.00538932 9.9982E-05 9.9982E-05 0.0956428 0.224798 0.0302936 0.369951
0.651026 0.0133675 9.9955E-05 9.9955E-05 0.00727999 9.9955E-05 9.9955E-05 9.9955E-05 0.327827
0.5054 9.9964E-05 0.156222 9.9964E-05 0.0486666 9.9964E-05 0.0109993 9.9964E-05 0.278312
0.399574 9.9973E-05 9.9973E-05 0.077959 0.0188711 0.047056 0.0976931 9.9973E-05 0.358547
0.408264 0.0566855 0.0680898 0.0176393 0.0122735 0.0693077 0.024809 0.045579 0.297353
0.165154 0.0534488 0.104992 0.0288834 9.9991E-05 0.0513463 0.120122 0.0611728 0.414781
0.417759 9.9955E-05 0.0881548 9.9955E-05 9.9955E-05 9.9955E-05 9.9955E-05 0.100277 0.393309
0.723459 0.0538132 9.9946E-05 9.9946E-05 9.9946E-05 9.9946E-05 9.9946E-05 9.9946E-05 0.222128
0.376586 9.9964E-05 9.9964E-05 0.0305565 9.9964E-05 0.0539078 0.00797441 9.9964E-05 0.530575
0.229302 0.0674435 9.9973E-05 0.0570757 9.9973E-05 0.1478 0.0789542 9.9973E-05 0.419125
0.778186 0.0328382 0.0604856 9.9964E-05 9.9964E-05 9.9964E-05 0.0179977 9.9964E-05 0.110093
0.550684 9.9955E-05 9.9955E-05 9.9955E-05 0.0630851 9.9955E-05 9.9955E-05 0.0356019 0.35013
0.23719 0.0497763 0.0158282 0.0622298 0.0280081 0.0826901 0.0159022 9.9991E-05 0.508275
0.282904 0.0590835 0.0449314 0.111173 0.0351483 9.9982E-05 9.9982E-05 0.0155695 0.45099
0.0747999 9.9982E-05 9.9982E-05 0.0561461 0.0360816 0.140101 0.0958091 0.116744 0.480118
0.197141 0.0779437 0.0773216 0.0480243 0.022023 0.127365 0.149687 0.0255997 0.274895
0.0652153 0.0266788 0.0118447 0.0722991 0.00127782 0.104245 0.305638 0.138751 0.274049
0.0643614 0.107093 0.0595121 9.9991E-05 0.0353427 0.0793015 0.232129 0.176348 0.245813
0.0744956 0.0180936 9.9982E-05 0.0687692 9.9982E-05 0.220411 0.193692 0.0397437 0.384595
0.192548 0.0637729 9.9982E-05 0.0227706 0.0475235 0.135003 0.141057 9.9982E-05 0.397125
0.62832 9.9964E-05 9.9964E-05 9.9964E-05 0.0484772 0.130702 0.102988 0.0891136 9.9964E-05
0.14659 9.9973E-05 9.9973E-05 9.9973E-05 0.0358127 0.0893102 0.111285 0.0314927 0.585209
0.373822 9.9955E-05 9.9955E-05 9.9955E-05 9.9955E-05 0.397818 0.0825843 0.145276 9.9955E-05
0.299317 9.9964E-05 9.9964E-05 9.9964E-05 0.0030456 0.053195 0.16575 9.9964E-05 0.478292
0.788883 9.9955E-05 9.9955E-05 0.116732 9.9955E-05 9.9955E-05 9.9955E-05 0.0478175 0.046068
0.940003 9.9955E-05 9.9955E-05 0.0412443 0.0152471 9.9955E-05 9.9955E-05 0.00300598 9.9955E-05
0.52778 9.9964E-05 9.9964E-05 0.0154254 9.9964E-05 9.9964E-05 0.00759771 0.0111498 0.437648
0.379144 9.9937E-05 9.9937E-05 9.9937E-05 9.9937E-05 9.9937E-05 9.9937E-05 9.9937E-05 0.620157
0.585108 9.9955E-05 0.0847797 9.9955E-05 9.9955E-05 9.9955E-05 9.9955E-05 0.00254498 0.327067
0.499533 9.9955E-05 9.9955E-05 0.0130079 0.0138505 9.9955E-05 9.9955E-05 9.9955E-05 0.473109
0.487581 9.9937E-05 9.9937E-05 9.9937E-05 9.9937E-05 9.9937E-05 9.9937E-05 9.9937E-05 0.511719
0.0405395 9.9973E-05 0.00479332 9.9973E-05 0.0630822 0.772324 0.0545862 9.9973E-05 0.0643747
0.0276674 0.0901416 0.129326 9.9973E-05 0.0268472 0.631772 0.0939453 9.9973E-05 9.9973E-05
9.9955E-05 0.0381964 9.9955E-05 9.9955E-05 0.0304013 0.82705 0.103852 9.9955E-05 9.9955E-05
0.0193499 9.9955E-05 9.9955E-05 9.9955E-05 0.16361 0.771895 9.9955E-05 9.9955E-05 0.0446457
9.9973E-05 9.9973E-05 0.100549 0.369837 0.0785238 9.9973E-05 0.0112663 0.0358763 0.403648
9.9991E-05 0.0134265 0.0556714 0.377632 0.0360616 0.0235287 0.0533355 0.0333651 0.406879
0.0350261 9.9964E-05 0.106115 0.358568 0.0574958 9.9964E-05 9.9964E-05 9.9964E-05 0.442395
9.9982E-05 0.0194476 0.120723 0.215115 0.00259769 0.0645619 9.9982E-05 0.0154068 0.561948
9.9982E-05 0.0951968 9.9982E-05 0.176493 0.0222433 0.0621355 0.0843275 0.039961 0.519443
0.0339532 0.074211 0.0857048 0.526833 9.9982E-05 0.070457 9.9982E-05 0.0316993 0.176941
9.9964E-05 9.9964E-05 0.00508105 0.398761 0.0238309 9.9964E-05 0.0286702 9.9964E-05 0.543257
0.119426 9.9964E-05 9.9964E-05 0.375749 0.00477098 9.9964E-05 9.9964E-05 0.134775 0.36488
0.0665 9.9973E-05 0.132197 9.9973E-05 0.0722621 0.172876 0.202588 9.9973E-05 0.353277
0.103234 0.0486194 0.0283978 0.33961 9.9982E-05 9.9982E-05 0.0703143 0.0577022 0.351923
9.9964E-05 0.0832334 0.0637214 0.501389 0.00909141 9.9964E-05 9.9964E-05 9.9964E-05 0.342165
0.117644 0.0581048 9.9955E-05 0.255345 9.9955E-05 9.9955E-05 9.9955E-05 9.9955E-05 0.568406
0.0346814 0.0215926 9.9982E-05 0.504782 0.00782087 0.00980628 0.0586189 9.9982E-05 0.362498
0.04353 9.9964E-05 9.9964E-05 0.367795 9.9964E-05 9.9964E-05 0.036205 0.0189065 0.533164
0.10153 9.9973E-05 0.0271972 0.223836 0.0193014 0.0898437 9.9973E-05 9.9973E-05 0.537992
0.0903554 9.9946E-05 9.9946E-05 0.853508 9.9946E-05 9.9946E-05 9.9946E-05 9.9946E-05 0.0555373
0.00209723 0.0572254 0.0692919 0.542663 9.9973E-05 9.9973E-05 9.9973E-05 0.0747117 0.253711
0.0434992 0.0505681 0.0274159 0.552693 0.00288628 0.0237166 0.0112924 9.9991E-05 0.287829
0.0603812 9.9946E-05 9.9946E-05 0.812297 9.9946E-05 9.9946E-05 9.9946E-05 0.126723 9.9946E-05
9.9964E-05 0.0672257 0.13109 0.319048 9.9964E-05 0.0399911 9.9964E-05 9.9964E-05 0.442245
0.0519502 9.9955E-05 9.9955E-05 0.603254 9.9955E-05 9.9955E-05 9.9955E-05 0.248385 0.0959106
0.119914 9.9946E-05 9.9946E-05 0.711588 9.9946E-05 9.9946E-05 9.9946E-05 0.167899 9.9946E-05
9.9973E-05 0.0438726 9.9973E-05 0.407211 0.0125709 0.00655882 0.0151443 9.9973E-05 0.514342
0.0416566 0.029072 0.110923 0.625416 0.00508383 0.00497413 9.9982E-05 9.9982E-05 0.182674
9.9964E-05 9.9964E-05 0.184679 0.336703 9.9964E-05 0.0215579 0.0714179 9.9964E-05 0.385243
9.9991E-05 0.0335998 0.00784271 0.193697 0.0469036 0.0169403 0.0456769 0.0632325 0.592007
0.0264436 0.0266812 0.123906 0.314161 9.9982E-05 0.00785993 0.0296489 9.9982E-05 0.4711
0.193778 9.9964E-05 0.382903 9.9964E-05 9.9964E-05 9.9964E-05 0.0129954 0.132932 0.276992
0.0685089 0.0461038 0.0271283 0.326302 0.0173081 9.9982E-05 0.030067 9.9982E-05 0.484382
9.9964E-05 9.9964E-05 0.222852 0.325232 0.0256348 9.9964E-05 0.0554569 9.9964E-05 0.370424
9.9964E-05 9.9964E-05 0.00789184 0.640246 0.00715556 9.9964E-05 9.9964E-05 0.0198285 0.324478
0.0771252 0.0158165 9.9982E-05 0.222135 9.9982E-05 0.124995 0.0152042 0.101658 0.442867
9.9982E-05 0.242246 0.0675782 0.0119649 0.0392006 0.53231 9.9982E-05 0.106206 0.000294184
9.9973E-05 0.0910518 0.0556961 0.0791573 0.079544 0.66804 9.9973E-05 0.0262112 9.9973E-05
9.9964E-05 0.0591728 0.0535731 9.9964E-05 0.133936 0.690185 9.9964E-05 0.0627331 9.9964E-05
9.9955E-05 0.17937 9.9955E-05 0.00519833 0.0920034 0.722929 9.9955E-05 9.9955E-05 9.9955E-05
9.9973E-05 0.220496 0.0176889 9.9973E-05 0.0575246 0.658073 9.9973E-05 0.0275921 0.0183254
9.9973E-05 0.0124533 0.216651 0.655698 9.9973E-05 0.0217772 0.00772566 9.9973E-05 0.0853944
