0.0928624 0.104196 9.9955E-05 9.9955E-05 0.756677 0.0412835 9.9955E-05 9.9955E-05 9.9955E-05 0.00448126
0.00788765 0.0504683 9.9964E-05 0.000223374 0.89627 9.9964E-05 9.9964E-05 0.0240714 0.0206795 9.9964E-05
0.0680131 0.0760137 0.113821 9.9964E-05 0.701442 9.9964E-05 0.0341866 9.9964E-05 9.9964E-05 0.0061233
9.9955E-05 0.0167518 9.9955E-05 9.9955E-05 0.74876 0.0937538 0.115558 9.9955E-05 9.9955E-05 0.0246766
0.00880637 9.9955E-05 0.0613127 9.9955E-05 0.851167 9.9955E-05 0.0257301 9.9955E-05 0.0524837 9.9955E-05
9.9973E-05 0.067008 0.0395787 0.210771 0.528017 0.0734626 0.0585103 9.9973E-05 9.9973E-05 0.0223527
9.9955E-05 0.0569482 9.9955E-05 0.182986 0.738202 0.00525563 0.0161082 9.9955E-05 9.9955E-05 9.9955E-05
9.9964E-05 0.0569097 9.9964E-05 0.190889 0.636969 0.0511275 0.0355461 9.9964E-05 9.9964E-05 0.0281586
0.0926532 0.0303301 9.99639E-05 9.99639E-05 0.774146 9.99639E-05 9.99639E-05 0.0276122 0.0247148 0.0501434
9.9973E-05 0.0618039 0.0859467 0.129993 0.628768 0.00383189 0.0826309 9.9973E-05 9.9973E-05 0.00672575
9.9946E-05 0.00254422 9.9946E-05 0.234358 0.725001 0.0374974 9.9946E-05 9.9946E-05 9.9946E-05 9.9946E-05
9.9955E-05 9.9955E-05 0.0534215 9.9955E-05 9.9955E-05 0.767845 0.0735644 0.0769743 9.9955E-05 0.0276949
9.9964E-05 0.0222473 0.494792 9.9964E-05 0.0305346 0.427887 0.0220608 9.9964E-05 9.9964E-05 0.00207907
0.0725526 0.00631258 0.119641 0.0218733 0.0151179 0.735807 0.0283958 9.9973E-05 9.9973E-05 9.9973E-05
9.9946E-05 0.00268319 0.100037 9.9946E-05 9.9946E-05 0.713334 0.183346 9.9946E-05 9.9946E-05 9.9946E-05
9.9964E-05 0.0200354 0.253253 0.0626532 0.125192 0.404006 0.134461 9.9964E-05 9.9964E-05 9.9964E-05
0.0397665 0.023743 0.461596 0.0207135 9.9973E-05 0.30468 0.0739368 9.9973E-05 0.0752642 9.9973E-05
0.0134348 0.0504071 0.358237 0.0114274 9.9973E-05 0.420472 0.0679039 0.0778184 9.9973E-05 9.9973E-05
0.00838295 0.00781366 0.224357 9.9973E-05 0.0884414 0.567746 0.0765137 0.026445 9.9973E-05 9.9973E-05
9.9946E-05 0.0342481 9.9946E-05 0.107206 0.0384452 0.819501 9.9946E-05 9.9946E-05 9.9946E-05 9.9946E-05
0.0521779 0.0309094 0.295911 0.0861194 9.9982E-05 0.3927 0.0352343 0.0599874 0.0467607 9.9982E-05
0.0839357 0.00992776 0.370939 0.135898 9.9973E-05 0.314922 9.9973E-05 0.0538283 0.0302489 9.9973E-05
9.9964E-05 0.00600452 0.422757 0.174935 0.069614 0.274984 9.9964E-05 0.0513055 9.9964E-05 9.9964E-05
9.9955E-05 0.00411737 0.111812 0.0677084 9.9955E-05 0.687137 0.128726 9.9955E-05 9.9955E-05 9.9955E-05
0.0340967 0.0464402 0.624726 0.110434 0.0241888 0.159715 9.9964E-05 9.9964E-05 9.9964E-05 9.9964E-05
9.9973E-05 0.056982 0.400877 0.0299993 0.011053 0.396431 0.100903 9.9973E-05 9.9973E-05 0.00345461
9.9946E-05 0.0577602 9.9946E-05 0.00917798 9.9946E-05 0.836447 0.0960154 9.9946E-05 9.9946E-05 9.9946E-05
9.9937E-05 0.0449901 9.9937E-05 9.9937E-05 9.9937E-05 0.782359 0.171951 9.9937E-05 9.9937E-05 9.9937E-05
9.9964E-05 9.9964E-05 0.0436143 0.0557426 0.0315644 0.760018 0.0603896 9.9964E-05 0.0482711 9.9964E-05
9.99201E-05 0.999101 9.99201E-05 9.99201E-05 9.99201E-05 9.99201E-05 9.99201E-05 9.99201E-05 9.99201E-05 9.99201E-05
9.99201E-05 0.999101 9.99201E-05 9.99201E-05 9.99201E-05 9.99201E-05 9.99201E-05 9.99201E-05 9.99201E-05 9.99201E-05
9.9955E-05 0.374018 0.123255 9.9955E-05 0.47708 9.9955E-05 0.00997579 0.0151718 9.9955E-05 9.9955E-05
0.0385781 0.331412 0.12036 9.9973E-05 0.384197 9.9973E-05 0.049967 0.0545152 9.9973E-05 0.020671
9.9964E-05 9.9964E-05 0.506233 0.157627 0.0599174 9.9964E-05 9.9964E-05 0.216269 0.0102579 0.0492962
9.9955E-05 9.9955E-05 0.516577 9.9955E-05 0.114929 0.108367 9.9955E-05 0.207336 9.9955E-05 0.0522908
9.9955E-05 0.0167359 0.564826 0.020376 9.9955E-05 9.9955E-05 9.9955E-05 0.356857 0.0407054 9.9955E-05
9.9955E-05 9.9955E-05 0.0760674 9.9955E-05 0.136896 0.641443 9.9955E-05 0.0054174 9.9955E-05 0.139676
9.9964E-05 0.00968267 0.284917 0.0755051 9.9964E-05 9.9964E-05 0.0280539 0.587985 0.0134562 9.9964E-05
0.0226735 9.9964E-05 0.504083 9.9964E-05 0.0638037 0.183043 9.9964E-05 0.156082 9.9964E-05 0.069915
9.9955E-05 9.9955E-05 0.563373 0.139102 0.0125102 9.9955E-05 0.0219858 0.262529 9.9955E-05 9.9955E-05
9.9964E-05 0.0243099 0.523038 0.369773 0.0685511 0.00695608 9.9964E-05 0.00697217 9.9964E-05 9.9964E-05
9.9973E-05 0.0459609 0.546699 0.137395 0.124156 0.0500959 9.9973E-05 0.0713749 9.9973E-05 0.0240183
0.0815362 0.0235655 0.0539896 9.9964E-05 0.0300083 0.173452 9.9964E-05 0.637048 9.9964E-05 9.9964E-05
9.9973E-05 0.000556299 0.489559 0.337351 0.0403307 0.0209386 0.0796697 0.0312949 9.9973E-05 9.9973E-05
9.9964E-05 9.9964E-05 0.626835 0.0109462 0.162173 0.0274999 0.0222435 0.149902 9.9964E-05 9.9964E-05
9.9964E-05 0.068431 0.570197 9.9964E-05 0.0803947 0.10551 9.9964E-05 0.120146 9.9964E-05 0.0549214
0.036216 9.9937E-05 0.327331 9.9937E-05 9.9937E-05 9.9937E-05 9.9937E-05 0.635753 9.9937E-05 9.9937E-05
9.9964E-05 0.012438 0.605679 9.9964E-05 0.0612629 9.9964E-05 0.0439004 0.245593 0.0307265 9.9964E-05
0.0371949 0.00136817 0.48931 0.0333322 0.15648 9.9991E-05 0.0736521 0.116656 0.0824073 0.00949844
0.18146 0.00246318 9.9964E-05 0.0209404 0.0256154 9.9964E-05 9.9964E-05 0.735825 0.0332964 9.9964E-05
0.0779583 9.9973E-05 0.0917813 0.0920494 9.9973E-05 0.363378 9.9973E-05 0.173275 0.0390717 0.162187
0.141361 9.9973E-05 9.9973E-05 0.22787 0.00669173 0.336103 9.9973E-05 0.146382 0.13513 0.00616122
0.0469882 9.9982E-05 0.538921 0.0045441 0.042956 0.176877 0.0317309 0.0756367 0.082146 9.9982E-05
9.9973E-05 0.0167427 0.57847 0.137393 0.0781928 0.144976 0.0284352 9.9973E-05 0.0154898 9.9973E-05
0.122695 0.0129065 0.567052 9.9982E-05 9.9982E-05 0.0530133 0.00148078 0.0560327 0.0846618 0.101958
9.9982E-05 0.0262348 0.123816 0.0805253 0.0627325 0.334355 9.9982E-05 0.138624 0.0840628 0.149449
0.0285112 0.0336383 0.545519 9.9964E-05 9.9964E-05 0.14627 9.9964E-05 0.08944 9.9964E-05 0.156222
0.093775 9.9982E-05 0.476707 0.0487279 0.103275 0.0809567 0.116535 0.0450039 9.9982E-05 0.0348196
9.999E-05 0.0464331 0.255975 0.152029 0.0503321 0.267066 0.00969613 0.120093 0.0766768 0.0215989
0.136098 0.0351021 0.0462107 0.0721709 0.162184 0.420904 0.00594419 0.0600061 0.00594601 0.0554338
0.0787184 0.0461508 0.523461 9.9991E-05 0.00617908 0.0743958 0.0671258 0.0529129 0.0283203 0.122636
0.0837233 9.9973E-05 0.359335 9.9973E-05 0.0549878 0.309995 0.016642 9.9973E-05 0.109193 0.0658247
9.9964E-05 0.0760362 9.9964E-05 0.1455 9.9964E-05 0.632223 9.9964E-05 0.0697511 0.0190707 0.0570188
0.0986934 0.0149534 0.40219 9.9964E-05 9.9964E-05 0.34381 9.9964E-05 0.0662534 0.0736999 9.9964E-05
0.0725886 0.0368235 0.585734 0.0345809 9.9991E-05 0.0230395 0.0643271 0.0747594 0.0590136 0.0490334
0.0943841 0.0405943 0.564485 0.0392248 9.9973E-05 0.199687 9.9973E-05 9.9973E-05 0.0308918 0.030433
0.150724 0.0199932 0.221764 0.0101089 9.9982E-05 0.360919 0.0153854 0.177558 0.0433469 9.9982E-05
0.0946954 0.0609858 0.386938 9.9973E-05 9.9973E-05 0.312589 0.00301229 0.0889308 9.9973E-05 0.0525487
0.037131 0.015291 0.528232 9.9982E-05 0.04766 0.0962819 0.0783715 9.9982E-05 0.0740667 0.122766
0.0708329 0.0610291 0.100386 0.0587104 9.9982E-05 0.487471 9.9982E-05 0.0902423 0.0565343 0.0745944
9.9946E-05 9.9946E-05 0.471407 0.00143055 9.9946E-05 0.0526253 9.9946E-05 0.473937 9.9946E-05 9.9946E-05
9.9955E-05 0.0225756 0.148832 9.9955E-05 9.9955E-05 0.169596 0.0235017 0.634994 9.9955E-05 9.9955E-05
0.0718246 9.9982E-05 0.482989 0.0198152 9.9982E-05 0.0835561 0.10794 0.147847 0.0301823 0.0556467
9.9955E-05 9.9955E-05 9.9955E-05 0.0838636 0.0159935 9.9955E-05 0.00409569 0.878296 0.0172518 9.9955E-05
0.0173885 9.9955E-05 9.9955E-05 0.0960436 9.9955E-05 0.0280986 9.9955E-05 0.803118 0.0548516 9.9955E-05
0.00539587 9.9964E-05 0.269843 0.000278906 9.9964E-05 9.9964E-05 0.0334573 0.653336 0.0372893 9.9964E-05
9.9964E-05 0.0175669 0.443348 0.0678659 9.9964E-05 0.0951024 9.9964E-05 0.341783 9.9964E-05 0.0339334
0.0870442 0.0233186 0.60008 9.9991E-05 0.0821588 0.0735613 0.00422979 0.0801463 0.049081 0.000280555
0.0552594 0.0280728 0.381811 9.9973E-05 9.9973E-05 0.132099 0.0324711 0.348815 9.9973E-05 0.0211718
9.9973E-05 0.00240075 0.100558 9.9973E-05 0.0423406 0.0234211 0.078665 0.616604 9.9973E-05 0.13571
9.9964E-05 0.0456962 0.252735 9.9964E-05 0.0347604 0.0749731 9.9964E-05 0.441042 9.9964E-05 0.150393
9.9973E-05 0.0212284 0.506768 9.9973E-05 0.0697769 0.041012 0.0573776 0.229574 0.0739634 9.9973E-05
9.9973E-05 0.0120294 0.253835 0.000505994 0.0330619 0.128854 0.0186454 0.552769 9.9973E-05 9.9973E-05
9.9973E-05 0.0697292 0.375176 0.0110627 0.0354872 0.0783536 0.0124354 0.417456 9.9973E-05 9.9973E-05
0.0351038 9.9937E-05 0.429307 9.9937E-05 9.9937E-05 9.9937E-05 9.9937E-05 0.534889 9.9937E-05 9.9937E-05
0.0902624 9.9964E-05 9.9964E-05 0.110232 0.0247862 0.0061345 9.9964E-05 0.68095 0.0872351 9.9964E-05
9.9973E-05 0.0251913 0.518558 0.0918962 0.00472182 9.9973E-05 0.0757444 0.25041 9.9973E-05 0.0331779
9.9955E-05 9.9955E-05 0.0814271 9.9955E-05 0.80151 0.0183199 0.0714782 9.9955E-05 9.9955E-05 0.026765
0.0416479 0.14045 0.0876047 9.9946E-05 0.729697 9.9946E-05 9.9946E-05 9.9946E-05 9.9946E-05 9.9946E-05
0.0980534 0.148524 0.0935747 9.9964E-05 0.641836 9.9964E-05 0.00181453 9.9964E-05 9.9964E-05 0.0157977
0.182203 0.129925 9.9946E-05 9.9946E-05 0.677454 9.9946E-05 9.9946E-05 0.00981742 9.9946E-05 9.9946E-05
0.0666231 0.127587 0.0778793 9.9946E-05 0.727311 9.9946E-05 9.9946E-05 9.9946E-05 9.9946E-05 9.9946E-05
0.0992293 0.0815061 0.058226 9.9955E-05 0.759935 9.9955E-05 0.000604007 9.9955E-05 9.9955E-05 9.9955E-05
0.0444571 0.0575047 0.0712405 9.99461E-05 0.826198 9.99461E-05 9.99461E-05 9.99461E-05 9.99461E-05 9.99461E-05
9.9964E-05 9.9964E-05 0.432015 0.0258055 0.116347 0.0377717 0.112695 0.274966 9.9964E-05 9.9964E-05
9.9955E-05 9.9955E-05 0.563835 9.9955E-05 0.130241 0.0891065 0.022748 0.193569 9.9955E-05 9.9955E-05
9.9955E-05 9.9955E-05 0.0259106 9.9955E-05 0.0677712 0.0834586 9.9955E-05 0.797919 0.024441 9.9955E-05
0.0168728 0.0359572 0.51882 0.0740004 0.0187413 0.0492702 0.0936845 0.166864 9.9991E-05 0.0256893
9.9964E-05 0.0224229 0.340726 0.0173343 0.00476731 0.221211 9.9964E-05 0.393138 9.9964E-05 9.9964E-05
9.9964E-05 9.9964E-05 0.591301 9.9964E-05 0.0676601 9.9964E-05 0.00322586 0.253784 0.0443552 0.0392745
0.0253992 9.9973E-05 0.502168 0.109372 0.0422592 0.0272785 9.9973E-05 0.263676 0.0295478 9.9973E-05
0.00418788 9.9973E-05 0.40662 9.9973E-05 0.00276243 9.9973E-05 0.0761934 0.482782 0.0155605 0.0115942
9.9946E-05 9.9946E-05 9.9946E-05 9.9946E-05 0.0419976 0.181113 9.9946E-05 0.684087 9.9946E-05 0.0922027
9.9982E-05 0.00602397 0.454 0.0491809 0.187774 0.0472464 0.0758286 0.0728412 0.106905 9.9982E-05
9.9964E-05 0.00234991 0.665205 0.0913603 0.0642354 9.9964E-05 9.9964E-05 0.126221 0.050229 9.9964E-05
9.9982E-05 0.0439726 0.468116 0.0175419 0.0900474 0.0263456 0.0849364 0.244689 9.9982E-05 0.0241514
0.0652564 0.0229984 0.319808 0.0286657 9.9964E-05 9.9964E-05 9.9964E-05 0.517133 0.0457385 9.9964E-05
9.9955E-05 0.0467744 0.492594 9.9955E-05 9.9955E-05 9.9955E-05 0.0218446 0.399127 0.0391603 9.9955E-05
9.9973E-05 0.0224173 0.459094 0.015162 9.9973E-05 0.138599 0.00292388 0.329046 9.9973E-05 0.0324587
9.9946E-05 9.9946E-05 0.25668 9.9946E-05 9.9946E-05 9.9946E-05 0.102664 0.630201 0.00985474 9.9946E-05
9.9946E-05 0.00422502 0.426658 9.9946E-05 9.9946E-05 9.9946E-05 9.9946E-05 0.383228 9.9946E-05 0.185289
0.0109385 0.0163442 0.445245 9.9982E-05 0.07982 0.0760486 0.0921748 0.176444 9.9982E-05 0.102785
0.153782 0.0305924 0.145312 9.9973E-05 0.0248215 0.470742 9.9973E-05 0.0451968 0.129253 9.9973E-05
0.0595569 0.0317439 0.340847 0.0983556 0.0441605 0.247351 0.0667956 9.9982E-05 9.9982E-05 0.11099
9.9982E-05 0.0216105 0.513194 9.9982E-05 0.0203134 0.279605 0.0254684 0.0273363 0.0290517 0.0832208
9.9982E-05 0.0394436 0.476425 0.0147663 0.107551 0.13866 9.9982E-05 0.098051 0.0650005 0.0599021
9.9955E-05 0.0874043 0.434433 9.9955E-05 9.9955E-05 0.35047 9.9955E-05 9.9955E-05 0.0285328 0.0986605
0.0695309 9.9973E-05 0.525315 9.9973E-05 0.0128629 0.239724 0.00279675 9.9973E-05 0.0633632 0.086108
9.9973E-05 9.9973E-05 0.376478 0.00199923 0.0471092 0.358384 0.0208877 9.9973E-05 0.0751963 0.119646
0.0320206 0.00265929 0.427371 9.9991E-05 0.0631697 0.0516604 0.0491141 0.201639 0.0424019 0.129865
0.00762585 0.00618487 0.517231 0.127644 0.0964698 0.110011 9.9982E-05 0.0391571 9.9982E-05 0.0954769
9.9973E-05 0.0145518 0.50694 0.0500368 0.0679795 0.244288 9.9973E-05 0.0755832 0.0403208 9.9973E-05
9.9937E-05 9.9937E-05 0.465996 9.9937E-05 9.9937E-05 0.348718 9.9937E-05 9.9937E-05 9.9937E-05 0.184587
0.0949807 0.0108106 0.601424 0.090373 9.9964E-05 9.9964E-05 9.9964E-05 0.0454076 9.9964E-05 0.156604
0.0649012 0.0290456 0.582013 0.0965782 0.102749 0.0917404 9.9982E-05 9.9982E-05 0.000788885 0.031984
9.9973E-05 0.0301623 0.588177 9.9973E-05 0.0207632 0.150829 9.9973E-05 0.0622432 0.0348219 0.112704
0.111954 9.9964E-05 0.569799 0.0467616 9.9964E-05 9.9964E-05 0.0372167 9.9964E-05 0.0968709 0.136998
9.9982E-05 0.0372784 0.597582 0.0410915 0.0218973 0.130207 0.0504116 0.014295 9.9982E-05 0.107037
0.161502 0.0303262 0.342869 0.0105249 0.0537947 0.307245 9.9982E-05 9.9982E-05 0.0621859 0.0313515
0.0734759 9.9964E-05 0.578566 9.9964E-05 9.9964E-05 0.238023 9.9964E-05 0.0170985 0.0483262 0.0441113
0.112092 0.0115494 0.704914 9.9955E-05 9.9955E-05 0.114168 9.9955E-05 9.9955E-05 9.9955E-05 0.0567764
9.9973E-05 9.9973E-05 0.111942 0.03666 9.9973E-05 0.449727 0.118971 0.141935 0.0345776 0.105888
0.1695 9.9973E-05 0.107282 0.0748772 9.9973E-05 0.348126 9.9973E-05 0.0360825 0.195121 0.0687111
9.9982E-05 9.9982E-05 0.538617 0.0719339 0.0006446 0.136854 0.0575848 0.0463565 0.0160599 0.13175
0.0840326 9.9982E-05 0.0137903 0.0209056 9.9982E-05 0.173618 0.0191188 0.18565 0.287689 0.214997
9.9973E-05 0.0194135 0.1632 9.9973E-05 0.0640045 0.52078 9.9973E-05 0.0960149 0.0670663 0.0692209
9.9955E-05 9.9955E-05 0.396089 9.9955E-05 0.0129746 0.33599 9.9955E-05 0.140919 9.9955E-05 0.113528
9.9973E-05 0.0553588 0.219337 9.9973E-05 0.0147446 0.449443 9.9973E-05 0.122706 0.0474563 0.0906538
9.9955E-05 9.9955E-05 0.209367 0.129211 0.0386611 0.534748 9.9955E-05 9.9955E-05 9.9955E-05 0.0875127
9.9982E-05 0.0832632 0.584477 0.155862 0.0201141 0.0492215 9.9982E-05 0.0129406 0.0523937 0.0415284
0.113978 9.9982E-05 0.501282 0.0384112 0.0984436 0.0908248 0.0463238 0.05134 9.9982E-05 0.0591967
0.0290676 0.0330776 0.439464 9.9991E-05 0.00952233 0.246683 0.0923975 0.103886 0.0260191 0.0197821
0.0926401 9.9982E-05 0.0212696 0.156108 9.9982E-05 0.42543 0.0382276 0.115843 0.0815437 0.0687379
0.124181 9.9973E-05 0.52757 9.9973E-05 0.102818 0.0752932 9.9973E-05 0.0989884 0.0230254 0.0478239
0.0195248 9.9982E-05 0.464806 0.254651 9.9982E-05 0.0619479 0.0346542 0.0920039 0.060373 0.0118395
0.115817 0.0471136 9.9982E-05 0.395199 0.0647041 0.0708838 9.9982E-05 0.101789 0.168305 0.0359879
0.0329648 0.0121318 0.585751 0.116509 0.0246257 0.0167829 0.0245528 0.104158 0.0824242 9.9991E-05
0.234182 9.9973E-05 0.312821 0.122077 9.9973E-05 0.0282148 9.9973E-05 0.178964 0.0522464 0.0711942
0.141769 0.0183309 0.497614 0.0896064 0.0252067 0.130287 0.00986679 9.9991E-05 0.076371 0.0108486
0.182307 0.0323657 0.204384 0.255693 9.9991E-05 0.0680698 0.00983218 0.119732 0.0338032 0.0937136
0.0946102 0.0257344 0.127177 0.355285 9.9982E-05 0.130931 9.9982E-05 0.0348216 0.149459 0.0817807
0.0171648 0.0426258 0.39921 0.131603 9.9982E-05 0.0474568 9.9982E-05 0.091416 0.152545 0.117779
0.0677521 0.0124687 0.499457 0.116943 0.0122157 9.9991E-05 0.0607566 0.0707587 0.0350858 0.124462
0.0821274 9.9973E-05 0.421584 0.15315 0.11776 0.0832138 9.9973E-05 0.071128 9.9973E-05 0.0707373
0.200293 0.0214616 9.9973E-05 0.159031 9.9973E-05 0.180064 0.102858 0.219252 0.116741 9.9973E-05
0.108809 9.9991E-05 0.505674 0.119307 0.0207966 0.0512202 0.0499497 0.0748934 0.0554069 0.013843
0.00381397 9.9964E-05 0.300365 0.362692 9.9964E-05 0.175464 9.9964E-05 0.101432 0.055832 9.9964E-05
0.0447665 9.9964E-05 0.377232 0.113513 9.9964E-05 0.273666 9.9964E-05 0.101421 0.0890017 9.9964E-05
9.9982E-05 0.0153769 0.489458 0.206332 0.0179701 0.00527077 0.141107 0.0661849 9.9982E-05 0.0581006
0.0709114 0.086342 0.0218452 0.206274 0.213167 0.0302759 0.290032 9.9982E-05 0.0809526 9.9982E-05
0.465982 0.0359765 9.9964E-05 0.0835674 0.357343 9.9964E-05 0.0543539 9.9964E-05 0.00237676 9.9964E-05
0.437101 0.0221045 9.9964E-05 0.141653 0.296536 9.9964E-05 0.0716685 9.9964E-05 0.0305375 9.9964E-05
0.258122 0.038567 0.072585 0.0170864 0.266578 0.0595757 0.256426 9.9982E-05 9.9982E-05 0.0308608
9.9955E-05 0.00165813 0.532987 0.281923 9.9955E-05 9.9955E-05 9.9955E-05 0.175163 9.9955E-05 0.00776885
0.0380151 0.050346 0.426864 0.0978508 9.9982E-05 9.9982E-05 0.149199 0.166488 0.0539849 0.0170522
9.9946E-05 9.9946E-05 0.271854 9.9946E-05 9.9946E-05 0.0394221 0.672621 9.9946E-05 9.9946E-05 0.0155034
9.9955E-05 9.9955E-05 0.329689 9.9955E-05 9.9955E-05 0.0751932 0.451925 0.0514739 9.9955E-05 0.0912185
9.9973E-05 0.0670946 0.20241 9.9973E-05 0.00762986 0.163638 0.407372 0.0882846 0.0632709 9.9973E-05
9.9973E-05 0.0348025 0.233308 0.513923 9.9973E-05 0.0685186 0.0165316 0.05239 0.0802269 9.9973E-05
0.0799349 0.0104734 0.504172 0.115035 9.9982E-05 9.9982E-05 0.0381869 0.105479 0.109575 0.0369439
0.0189144 9.9973E-05 0.0696978 0.569652 9.9973E-05 0.0809462 0.0430089 0.00490346 0.212577 9.9973E-05
0.0425173 9.9955E-05 0.538847 0.275179 9.9955E-05 9.9955E-05 9.9955E-05 0.131319 0.0116381 9.9955E-05
0.0029594 9.9973E-05 0.405476 0.185899 9.9973E-05 0.13554 9.9973E-05 0.0652097 0.176836 0.0277789
0.0387572 9.9991E-05 0.529978 0.305223 0.0250877 0.0295172 0.0194087 0.043803 0.00591906 0.00220552
0.099211 9.9973E-05 0.116679 0.389952 9.9973E-05 0.142866 9.9973E-05 0.122161 0.102788 0.0260435
0.0237726 9.9973E-05 0.68213 0.128959 0.0807874 9.9973E-05 0.0399285 9.9973E-05 0.0357159 0.008407
0.071018 0.0291166 0.480761 0.30823 9.9991E-05 0.0217821 0.0205392 0.0161879 0.0351527 0.0171123
0.00196661 9.9955E-05 0.0341071 9.9955E-05 9.9955E-05 9.9955E-05 0.93482 0.00145913 0.0271475 9.9955E-05
9.9937E-05 9.9937E-05 0.00838286 9.9937E-05 9.9937E-05 9.9937E-05 0.955154 9.9937E-05 9.9937E-05 0.0357633
9.9982E-05 0.0180228 0.237344 0.0284495 0.0738437 0.0427738 0.55652 0.0415846 9.9982E-05 0.00126172
9.9946E-05 0.00590721 0.355983 9.9946E-05 0.0243656 9.9946E-05 0.613145 9.9946E-05 9.9946E-05 9.9946E-05
9.9955E-05 9.9955E-05 0.160046 0.000185901 9.9955E-05 9.9955E-05 0.794115 0.024105 9.9955E-05 0.0210484
9.99201E-05 9.99201E-05 9.99201E-05 9.99201E-05 9.99201E-05 9.99201E-05 0.999101 9.99201E-05 9.99201E-05 9.99201E-05
9.9937E-05 9.9937E-05 9.9937E-05 9.9937E-05 9.9937E-05 9.9937E-05 0.958097 9.9937E-05 0.0133507 0.0278525
0.0135907 0.00068987 0.189014 9.9946E-05 9.9946E-05 9.9946E-05 0.796106 9.9946E-05 9.9946E-05 9.9946E-05
9.9937E-05 0.00537918 9.9937E-05 9.9937E-05 9.9937E-05 9.9937E-05 0.967554 9.9937E-05 9.9937E-05 0.0263671
9.9928E-05 9.9928E-05 9.9928E-05 9.9928E-05 9.9928E-05 9.9928E-05 0.985589 9.9928E-05 0.0136118 9.9928E-05
9.9928E-05 0.0273261 9.9928E-05 9.9928E-05 9.9928E-05 9.9928E-05 0.971874 9.9928E-05 9.9928E-05 9.9928E-05
9.9955E-05 0.0697816 0.142352 9.9955E-05 9.9955E-05 0.0176441 0.757683 0.0120388 9.9955E-05 9.9955E-05
0.0603188 9.9964E-05 0.00435412 9.9964E-05 0.00305846 0.00683303 0.839538 9.9964E-05 9.9964E-05 0.0854977
9.9928E-05 9.9928E-05 9.9928E-05 9.9928E-05 9.9928E-05 9.9928E-05 0.97614 0.0230602 9.9928E-05 9.9928E-05
0.0815825 0.0667006 0.380949 9.9973E-05 0.0106074 9.9973E-05 0.374538 9.9973E-05 0.0395275 0.0457958
9.9946E-05 0.064379 0.214516 9.9946E-05 9.9946E-05 9.9946E-05 0.61379 9.9946E-05 9.9946E-05 0.106716
0.0772371 0.049294 0.207122 9.9973E-05 9.9973E-05 9.9973E-05 0.627226 0.013574 0.0196427 0.00560387
9.9946E-05 9.9946E-05 0.0117367 9.9946E-05 0.0384111 0.0530032 0.896249 9.9946E-05 9.9946E-05 9.9946E-05
0.000962102 9.9937E-05 9.9937E-05 9.9937E-05 0.0234165 9.9937E-05 0.974922 9.9937E-05 9.9937E-05 9.9937E-05
0.0473427 0.0212743 0.0427174 9.9955E-05 9.9955E-05 9.9955E-05 0.855694 9.9955E-05 9.9955E-05 0.0324717
9.9928E-05 0.012641 9.9928E-05 9.9928E-05 9.9928E-05 9.9928E-05 0.98656 9.9928E-05 9.9928E-05 9.9928E-05
9.9982E-05 0.0176457 0.204359 0.0109616 0.00499587 0.000294769 0.654217 9.9982E-05 0.00893043 0.0983949
9.9946E-05 0.025102 9.9946E-05 9.9946E-05 9.9946E-05 0.0734329 0.894333 9.9946E-05 0.00653265 9.9946E-05
0.181249 9.9946E-05 9.9946E-05 0.504777 0.283217 0.0301578 9.9946E-05 9.9946E-05 9.9946E-05 9.9946E-05
0.0605795 0.0640185 0.344535 0.27511 0.0642201 0.0274598 0.0916412 9.9991E-05 0.00487801 0.0674578
9.9955E-05 9.9955E-05 0.37339 0.302445 0.240211 9.9955E-05 0.0610123 0.0224419 9.9955E-05 9.9955E-05
0.24639 0.07456 0.113205 0.390641 0.0821374 9.9973E-05 0.0673147 9.9973E-05 9.9973E-05 0.0254525
0.061789 0.0320885 0.413379 0.133666 0.0837183 0.0553873 0.113326 9.9991E-05 0.0314296 0.0751164
0.203726 0.0490069 0.187933 0.192277 0.165071 9.9982E-05 0.0784153 0.0573878 0.0659824 9.9982E-05
0.0786357 0.00874338 0.374736 0.140498 0.102137 0.00897713 0.166578 0.0421522 0.0676832 0.0098592
0.0264786 9.9973E-05 0.200432 0.41655 0.104866 9.9973E-05 0.20005 0.0104788 0.0408445 9.9973E-05
0.109801 0.0921024 0.362788 0.21023 0.0269658 0.0547993 0.138109 9.9991E-05 0.00277553 0.00232842
0.129788 0.0456674 0.255715 0.330007 0.0212296 9.9973E-05 0.177341 9.9973E-05 0.0399526 9.9973E-05
0.111634 0.00260557 0.382727 0.103152 0.128857 0.105755 0.0791675 0.0859022 9.9982E-05 9.9982E-05
9.9964E-05 9.9964E-05 0.013394 0.0984295 0.81576 9.9964E-05 0.0281244 9.9964E-05 0.00900492 0.0348875
0.0383553 0.0892676 9.9955E-05 9.9955E-05 0.8025 9.9955E-05 0.0604765 9.9955E-05 0.00890078 9.9955E-05
0.0682941 0.066863 0.00389793 9.9955E-05 0.839958 9.9955E-05 9.9955E-05 9.9955E-05 9.9955E-05 0.0204871
0.0538345 0.019336 0.0264792 9.9955E-05 0.87235 9.9955E-05 9.9955E-05 9.9955E-05 9.9955E-05 0.0275007
0.0368292 0.111671 9.9973E-05 0.00165262 0.749478 0.03581 0.0322673 9.9973E-05 9.9973E-05 0.0319916
0.0573535 0.0966848 9.9955E-05 9.9955E-05 0.753814 9.9955E-05 0.054823 9.9955E-05 0.0368246 9.9955E-05
0.000340967 0.0659771 0.0349378 9.9964E-05 0.786742 9.9964E-05 0.100342 0.0112602 9.9964E-05 9.9964E-05
0.0930466 0.0115901 9.9955E-05 9.9955E-05 0.825243 9.9955E-05 9.9955E-05 9.9955E-05 0.0641835 0.00543742
0.111528 0.0273527 0.0439183 9.9964E-05 0.803048 0.0115788 9.9964E-05 0.00217497 9.9964E-05 9.9964E-05
0.162461 9.9946E-05 9.9946E-05 9.9946E-05 0.752132 0.0374431 0.0473636 9.9946E-05 9.9946E-05 9.9946E-05
9.9964E-05 0.0601319 9.9964E-05 9.9964E-05 0.554238 0.159012 9.9964E-05 0.0365656 0.128001 0.0616507
0.0677503 0.0330313 9.9964E-05 9.9964E-05 0.493448 0.146589 9.9964E-05 0.0564159 9.9964E-05 0.202366
0.124398 0.0281017 9.9964E-05 0.0299698 0.440847 0.173255 9.9964E-05 9.9964E-05 9.9964E-05 0.203027
9.9964E-05 9.9964E-05 9.9964E-05 0.0608374 0.50821 0.304204 9.9964E-05 0.0509654 0.00532027 0.070063
9.9973E-05 0.0323267 0.489193 9.9973E-05 0.0325063 0.157318 9.9973E-05 0.200772 0.0109012 0.0766836
9.9964E-05 9.9964E-05 0.513505 9.9964E-05 0.037477 0.0793237 9.9964E-05 0.230465 0.0807709 0.0580583
9.9982E-05 9.9982E-05 0.525049 0.0067676 0.0308922 0.147524 0.0041744 0.103402 0.091987 0.090003
0.00291736 0.0198307 0.375828 9.9982E-05 0.0357379 0.28953 9.9982E-05 0.157918 0.0675044 0.0505336
9.9973E-05 9.9973E-05 0.055836 0.000463116 9.9973E-05 0.491685 0.0535212 0.0945525 0.0540682 0.249574
9.9982E-05 0.0259037 0.537072 9.9982E-05 0.0518697 0.0163843 0.035901 0.291771 0.0399045 0.000993646
9.9973E-05 9.9973E-05 0.520585 0.0320613 9.9973E-05 0.0815159 0.0616939 0.25971 0.00623174 0.0379024
0.0251558 0.0190369 0.477151 0.0566337 9.9973E-05 0.149187 9.9973E-05 0.271877 9.9973E-05 0.000657974
9.9955E-05 9.9955E-05 0.288162 0.0353086 9.9955E-05 9.9955E-05 0.0732923 0.549367 0.0533708 9.9955E-05
0.00554356 0.016106 0.636677 0.0910712 0.0408912 0.010693 9.9982E-05 0.112265 9.9982E-05 0.0865533
9.9964E-05 9.9964E-05 0.404037 0.0602155 9.9964E-05 0.0378024 9.9964E-05 0.274412 0.0978356 0.125298
9.9955E-05 0.00496795 9.9955E-05 9.9955E-05 9.9955E-05 0.021422 9.9955E-05 0.695067 0.21758 0.0604627
9.9973E-05 0.0384946 0.461655 0.008844 0.0355054 0.26073 9.9973E-05 0.191643 9.9973E-05 0.00282866
0.0212622 9.9964E-05 0.244482 0.0510203 9.9964E-05 0.0660747 9.9964E-05 0.479356 0.137405 9.9964E-05
9.9982E-05 9.9982E-05 0.465094 0.0100145 0.000536105 0.0479594 0.0492807 0.327033 0.0821545 0.0177284
9.9973E-05 9.9973E-05 0.094158 0.0112751 0.0647657 0.207671 9.9973E-05 0.563687 0.018045 0.0400985
0.00954208 0.013917 0.016725 0.124434 0.0490614 9.9964E-05 9.9964E-05 9.9964E-05 9.9964E-05 0.78592
9.9955E-05 9.9955E-05 0.0680746 0.140876 0.0474325 9.9955E-05 0.00172391 9.9955E-05 9.9955E-05 0.741394
9.9946E-05 0.00200916 9.9946E-05 0.0819182 9.9946E-05 9.9946E-05 9.9946E-05 9.9946E-05 0.0280298 0.887443
9.9955E-05 9.9955E-05 9.9955E-05 0.0712635 0.0634918 9.9955E-05 9.9955E-05 0.0416279 0.0378768 0.78524
9.9964E-05 0.0169374 0.0318704 0.0975565 9.9964E-05 9.9964E-05 0.0303154 9.9964E-05 0.0468672 0.776053
0.0425376 9.9955E-05 0.0758623 9.9955E-05 9.9955E-05 9.9955E-05 0.0368034 9.9955E-05 0.0353073 0.80899
9.9946E-05 0.0922633 0.129758 9.9946E-05 0.744789 9.9946E-05 0.0325898 9.9946E-05 9.9946E-05 9.9946E-05
9.9955E-05 0.00655193 0.104331 9.9955E-05 0.781239 0.0865827 9.9955E-05 9.9955E-05 9.9955E-05 0.0207954
9.9946E-05 0.0532462 0.194718 9.9946E-05 0.697808 9.9946E-05 0.053628 9.9946E-05 9.9946E-05 9.9946E-05
9.9937E-05 9.9937E-05 9.9937E-05 9.9937E-05 0.736533 0.132438 0.13033 9.9937E-05 9.9937E-05 9.9937E-05
9.9955E-05 0.0046657 0.0804835 9.9955E-05 0.759161 0.0537841 0.101406 9.9955E-05 9.9955E-05 9.9955E-05
9.9964E-05 0.00881009 9.9964E-05 0.0614589 0.371023 0.10686 9.9964E-05 0.053819 9.9964E-05 0.397629
9.9964E-05 9.9964E-05 9.9964E-05 0.0880366 0.45425 0.012486 9.9964E-05 0.0448423 0.0737267 0.326258
9.9955E-05 9.9955E-05 9.9955E-05 9.9955E-05 0.421787 9.9955E-05 0.0140266 0.126894 0.0545972 0.382196
9.99201E-05 0.999101 9.99201E-05 9.99201E-05 9.99201E-05 9.99201E-05 9.99201E-05 9.99201E-05 9.99201E-05 9.99201E-05
0.019113 0.0370843 9.9964E-05 9.9964E-05 0.312101 0.0195766 9.9964E-05 0.141798 9.9964E-05 0.469927
0.319081 9.9955E-05 0.358538 9.9955E-05 0.101563 9.9955E-05 0.217968 9.9955E-05 0.00235037 9.9955E-05
9.9973E-05 0.0242985 0.5147 0.0101818 0.150495 0.0972189 0.185259 0.0175471 9.9973E-05 9.9973E-05
9.9955E-05 0.0296372 0.530532 9.9955E-05 0.189616 0.0481066 0.201608 9.9955E-05 9.9955E-05 9.9955E-05
0.129303 0.000483484 0.262877 0.00981582 0.214114 9.9982E-05 0.237934 0.125767 9.9982E-05 0.0195062
9.9964E-05 0.0517423 0.500855 0.0797173 0.154493 0.0680678 0.144725 9.9964E-05 9.9964E-05 9.9964E-05
0.352293 9.9955E-05 0.0117194 0.0649037 0.367858 9.9955E-05 0.202726 9.9955E-05 9.9955E-05 9.9955E-05
0.00186361 9.9982E-05 0.403851 0.0320413 0.0127834 0.232912 9.9982E-05 0.0818919 0.077251 0.157206
0.11476 9.9973E-05 0.371542 0.0400972 9.9973E-05 0.018843 9.9973E-05 0.108206 0.189369 0.156883
9.9973E-05 0.0386685 0.179697 0.0140064 0.0683939 0.530985 9.9973E-05 9.9973E-05 0.0079327 0.160017
0.0395951 9.9973E-05 0.493892 9.9973E-05 0.015043 0.0901716 9.9973E-05 0.0149794 0.256969 0.0890491
0.179625 9.9955E-05 9.9955E-05 9.9955E-05 9.9955E-05 0.122122 9.9955E-05 0.177938 0.479658 0.0401571
9.9982E-05 0.0259205 0.537218 0.0459208 0.0372186 0.193993 9.9982E-05 0.0464579 0.0893487 0.0237229
0.0232985 0.0366518 0.438185 0.032739 9.9982E-05 0.144188 9.9982E-05 0.039681 0.168026 0.11703
9.9973E-05 9.9973E-05 0.225562 0.0181269 0.0525972 0.481035 9.9973E-05 0.0989701 0.0711384 0.0522712
0.0605554 9.9982E-05 0.428661 0.0314299 0.0652894 0.1374 0.103939 0.102745 9.9982E-05 0.0697802
0.188223 9.9964E-05 0.0167258 0.0425691 9.9964E-05 0.43324 9.9964E-05 0.192483 0.12636 9.9964E-05
0.14959 9.9982E-05 0.470661 0.023225 9.9982E-05 0.150345 0.00723296 0.0496762 0.137383 0.0116878
0.0256707 9.9964E-05 0.544404 9.9964E-05 9.9964E-05 0.134318 9.9964E-05 0.0371751 0.0676117 0.190421
0.0826445 0.0154833 0.327298 0.0527694 0.109141 0.153435 0.132677 0.0843559 0.00931922 0.0328761
0.0239457 9.9973E-05 0.36274 0.124428 9.9973E-05 0.258026 9.9973E-05 0.0113922 0.150596 0.0685719
0.0340938 9.9973E-05 0.470542 9.9973E-05 0.0106066 0.274697 9.9973E-05 0.0832932 0.0352671 0.0912004
0.0125037 9.9982E-05 0.433441 0.221761 9.9982E-05 0.0964961 0.0715726 0.0192096 0.139977 0.00483818
9.9973E-05 9.9973E-05 0.476179 0.0609364 0.0329499 0.138347 9.9973E-05 0.115023 0.0382239 0.138041
0.0116592 0.025878 0.642031 0.0173627 0.0127288 0.0352087 0.0408719 0.0833734 0.0859718 0.0449142
0.0523605 9.9973E-05 0.524044 9.9973E-05 0.0981378 0.132448 9.9973E-05 0.13552 0.035863 0.0213255
0.0733211 0.0158418 0.389164 0.0967967 0.014924 0.123371 0.0762092 0.0837161 0.0182011 0.108455
9.9937E-05 9.9937E-05 0.150627 9.9937E-05 0.773293 9.9937E-05 0.0753811 9.9937E-05 9.9937E-05 9.9937E-05
9.9946E-05 9.9946E-05 0.0924435 9.9946E-05 0.826686 9.9946E-05 0.0395257 9.9946E-05 0.0407452 9.9946E-05
0.0302301 9.9955E-05 0.0970653 0.0615792 0.762014 9.9955E-05 9.9955E-05 9.9955E-05 9.9955E-05 0.0486115
9.9964E-05 0.0517712 9.9964E-05 9.9964E-05 0.753378 9.9964E-05 0.0487148 0.0388912 0.0507783 0.0560669
9.9946E-05 0.0278266 0.124386 9.9946E-05 0.832471 9.9946E-05 0.0147165 9.9946E-05 9.9946E-05 9.9946E-05
0.125984 9.9964E-05 0.0795965 0.0140273 9.9964E-05 0.665301 9.9964E-05 0.00103743 9.9964E-05 0.113655
0.102309 0.0294678 0.453819 0.0303665 0.0169881 0.247634 9.9982E-05 9.9982E-05 0.0637939 0.0554212
0.136568 0.0152558 0.388101 0.119884 0.0372107 9.9982E-05 0.206432 0.0565628 9.9982E-05 0.0397869
0.0043294 0.00688318 0.644313 9.9982E-05 9.9982E-05 0.200519 0.0513406 0.00660702 0.0479187 0.0378888
0.058433 9.9973E-05 0.49904 9.9973E-05 0.0176922 0.193627 9.9973E-05 0.0607166 0.0811877 0.0890033
0.0652963 0.0108607 0.195603 0.118192 9.9982E-05 0.329661 0.0216851 9.9982E-05 0.178988 0.0795137
0.137512 0.042703 9.9964E-05 9.9964E-05 0.0459818 0.526269 9.9964E-05 0.0347244 9.9964E-05 0.21241
0.0678978 0.0449226 0.467207 0.0229771 0.0185266 0.151686 9.9982E-05 9.9982E-05 0.0299148 0.196668
9.9964E-05 9.9964E-05 0.0842435 9.9964E-05 0.0882114 0.396971 0.00776368 9.9964E-05 0.192582 0.229829
0.0939562 9.9973E-05 0.408058 0.099615 9.9973E-05 0.13863 9.9973E-05 0.0760042 0.0921245 0.091312
0.0222555 0.0253374 0.0247042 9.9991E-05 0.146859 0.522046 0.00576715 0.0117619 0.0923834 0.148785
9.9955E-05 0.0478126 0.529448 0.0887205 0.107968 0.225551 9.9955E-05 9.9955E-05 9.9955E-05 9.9955E-05
9.9973E-05 0.0439069 0.129502 0.0605412 0.037736 0.580322 9.9973E-05 9.9973E-05 0.0211085 0.126584
0.0682986 0.000992363 0.260593 0.10436 0.00622298 0.325353 0.0482063 0.0403091 0.0835023 0.0621622
0.151095 0.0258245 0.407484 0.223795 9.9973E-05 9.9973E-05 9.9973E-05 0.0667047 0.0328013 0.0919967
0.0540457 9.9973E-05 0.168202 0.58304 9.9973E-05 0.0687804 0.00983042 9.9973E-05 0.0696563 0.0461448
9.9991E-05 0.00159454 0.455969 0.283008 0.0182164 0.119946 0.0258379 0.0102998 0.0795164 0.0055118
9.9973E-05 9.9973E-05 0.489582 0.109285 0.164896 0.00201777 0.0406387 0.178722 9.9973E-05 0.0145576
0.0100238 9.9964E-05 0.253227 0.549378 9.9964E-05 0.109898 9.9964E-05 9.9964E-05 0.0682833 0.00879045
0.135539 0.00128877 0.468356 0.23711 0.00838219 0.0255691 0.0221465 0.0299724 0.0160065 0.0556292
0.0402244 0.0147711 0.435898 0.335221 9.9973E-05 9.9973E-05 9.9973E-05 0.123199 0.0238206 0.0265659
9.9946E-05 9.9946E-05 9.9946E-05 0.654824 9.9946E-05 9.9946E-05 9.9946E-05 0.145378 0.121446 0.0777528
0.106032 9.9955E-05 0.164475 0.557878 9.9955E-05 9.9955E-05 9.9955E-05 0.106669 9.9955E-05 0.0644474
0.0410795 0.0307124 0.483493 0.214468 9.9973E-05 0.0464396 9.9973E-05 9.9973E-05 0.0874037 0.0961039
9.9955E-05 9.9955E-05 0.0191014 0.578625 9.9955E-05 0.116861 9.9955E-05 0.17622 0.108692 9.9955E-05
0.0193861 9.9964E-05 0.323749 0.267847 9.9964E-05 0.173731 9.9964E-05 0.171373 9.9964E-05 0.0435142
0.136334 9.9955E-05 0.0577449 9.9955E-05 9.9955E-05 0.588335 9.9955E-05 0.0257768 9.9955E-05 0.19131
0.0733424 9.9964E-05 0.219771 9.9964E-05 9.9964E-05 0.262987 9.9964E-05 0.0527912 0.283993 0.106715
0.022446 0.0248167 0.331168 9.9973E-05 0.0587645 0.445258 9.9973E-05 9.9973E-05 0.0604215 0.0568249
0.0215229 0.0223616 0.530061 0.00774741 9.9973E-05 0.346351 0.0376631 9.9973E-05 9.9973E-05 0.0339924
0.0277122 9.9964E-05 0.103331 0.0126637 9.9964E-05 0.551505 9.9964E-05 0.171167 9.9964E-05 0.133221
0.132631 9.9982E-05 0.44821 0.0206073 0.0451496 0.144641 0.00308316 9.9982E-05 0.148576 0.0569035
0.0345241 0.031279 0.582214 0.00224923 9.9991E-05 0.130073 0.00961547 0.0886363 0.00159776 0.119711
0.038156 9.9982E-05 0.466945 9.9982E-05 0.0344154 0.315556 0.0277951 0.0478691 0.0281663 0.0408966
0.00917473 0.0235737 0.411468 9.9973E-05 9.9973E-05 0.16157 0.0837261 9.9973E-05 0.176147 0.134041
9.9964E-05 9.9964E-05 0.326237 9.9964E-05 0.0598984 0.302314 0.0615903 0.106641 9.9964E-05 0.14292
9.9973E-05 0.00285981 0.15828 9.9973E-05 9.9973E-05 0.49248 0.0982704 0.0696932 0.0331103 0.145006
9.9964E-05 9.9964E-05 0.161137 9.9964E-05 9.9964E-05 0.467814 0.148917 0.107856 0.00885261 0.105023
9.9955E-05 9.9955E-05 0.534908 0.0405059 9.9955E-05 0.345527 9.9955E-05 9.9955E-05 0.0545794 0.0239796
0.0615302 9.9964E-05 0.609487 0.0289354 0.0799614 0.208695 9.9964E-05 9.9964E-05 0.0109917 9.9964E-05
0.105605 0.0625578 0.38411 0.0401991 9.9982E-05 0.167918 9.9982E-05 0.0548653 0.0918991 0.0926455
9.9964E-05 9.9964E-05 0.463705 9.9964E-05 0.0209991 0.243017 0.0066941 9.9964E-05 0.204057 0.0611278
0.00634441 0.0595932 0.297833 0.071332 9.9982E-05 0.378659 0.0109873 0.0168015 9.9982E-05 0.15825
0.00912568 9.9964E-05 0.550458 9.9964E-05 9.9964E-05 0.294621 0.0184053 9.9964E-05 0.0568008 0.0701897
9.9982E-05 9.9982E-05 0.453463 0.030165 0.027099 0.243954 0.0422362 0.0494652 0.0854143 0.0680025
9.9991E-05 0.0312835 0.42797 0.0404686 0.0716651 0.119359 0.110133 0.0576362 0.0345413 0.106844
0.0500425 0.0477628 0.441618 0.0409117 0.318696 0.0906711 0.0082024 0.00189534 9.9982E-05 9.9982E-05
0.0867883 0.0814115 0.469203 0.0136638 0.01873 0.0292569 0.176608 0.120056 0.00418184 9.9991E-05
0.0654054 0.0278694 0.587364 0.0395767 0.0949242 0.129225 0.0381783 0.00440376 9.9991E-05 0.0129529
0.0852548 0.0294886 0.508435 0.0322688 0.0347047 0.0334455 0.0895725 0.0374716 0.119326 0.0300314
0.0631863 0.0473599 0.44859 9.9982E-05 0.145855 0.0806704 0.163603 0.00201784 0.0485168 9.9982E-05
9.9955E-05 9.9955E-05 0.427851 0.183729 9.9955E-05 0.196408 9.9955E-05 9.9955E-05 0.165019 0.0264934
0.00596565 0.0118841 0.541208 9.9991E-05 0.146858 0.0277135 0.106837 0.101019 0.0284482 0.0299668
0.389651 9.9964E-05 9.9964E-05 0.185794 0.122724 0.0694585 0.10094 0.131033 9.9964E-05 9.9964E-05
0.167069 0.00392632 0.562533 0.0500544 0.061134 0.0354323 0.0863889 9.9982E-05 9.9982E-05 0.0332621
0.106047 0.00875768 0.497087 9.9982E-05 0.03127 9.9982E-05 0.182734 0.0656869 0.00678642 0.101431
0.0378239 0.00566677 0.43118 9.9991E-05 0.0383757 0.0645746 0.246837 0.0578086 0.0444304 0.0732022
0.271897 0.021856 0.268063 0.109662 0.0309016 0.171912 0.0654584 0.0352428 0.00876393 0.0162429
0.00975057 0.019184 0.476417 9.9973E-05 0.152557 0.127883 0.174572 0.0393366 9.9973E-05 9.9973E-05
0.0755189 0.0527461 0.552453 9.9964E-05 0.0840567 9.9964E-05 0.143161 9.9964E-05 0.091665 9.9964E-05
0.510331 0.0338932 9.9964E-05 0.00741429 0.277111 9.9964E-05 0.0826317 0.088219 9.9964E-05 9.9964E-05
0.108135 0.0874818 0.472574 0.00812531 0.0608805 9.9982E-05 0.221937 0.00650884 9.9982E-05 0.0341574
0.0410052 0.0250705 0.510859 0.0711403 0.18683 9.9982E-05 0.114482 0.0288155 9.9982E-05 0.0215982
0.0282629 0.0239302 0.669912 0.0623785 0.0971344 9.9982E-05 0.0653118 0.0212646 9.9982E-05 0.0316053
0.23002 9.9964E-05 0.511062 0.0490598 0.118545 9.9964E-05 0.087966 0.00294735 9.9964E-05 9.9964E-05
0.0109531 0.0222809 0.40562 0.147851 0.190734 0.00784808 0.151506 0.0258885 0.00884051 0.0284777
9.9964E-05 9.9964E-05 0.389868 0.13915 9.9964E-05 9.9964E-05 0.0446694 0.0720028 0.28853 0.0653807
0.0307281 0.0462078 0.466371 9.9982E-05 0.032058 0.12104 0.0418771 9.9982E-05 0.255686 0.0058319
9.9955E-05 9.9955E-05 9.9955E-05 0.00593543 9.9955E-05 0.0903341 9.9955E-05 0.0523973 0.802224 0.0486095
9.99369E-05 9.99369E-05 9.99369E-05 9.99369E-05 9.99369E-05 9.99369E-05 9.99369E-05 0.0421239 0.87975 0.077427
0.015987 0.0403276 0.385602 9.9973E-05 0.00415187 9.9973E-05 0.114426 9.9973E-05 0.395614 0.0435912
0.150188 9.9973E-05 0.340369 0.070346 0.0420688 0.0229608 0.283887 9.9973E-05 0.0898796 9.9973E-05
0.188353 9.9946E-05 0.370891 9.9946E-05 9.9946E-05 9.9946E-05 0.27399 9.9946E-05 0.166165 9.9946E-05
0.215488 9.9973E-05 0.213796 9.9973E-05 0.129209 0.0476022 0.219813 0.00354854 0.170243 9.9973E-05
0.130459 0.0468995 0.342347 9.9973E-05 0.0931936 0.0864271 0.183185 9.9973E-05 0.117189 9.9973E-05
0.255356 9.9955E-05 0.0739595 0.00597321 9.9955E-05 9.9955E-05 0.0215253 9.9955E-05 0.642686 9.9955E-05
0.15323 0.0640504 0.100526 9.9955E-05 9.9955E-05 9.9955E-05 0.0628218 9.9955E-05 0.618871 9.9955E-05
0.0258535 0.0411506 0.576446 9.9964E-05 9.9964E-05 9.9964E-05 9.9964E-05 0.00415488 0.349932 0.00206352
9.9955E-05 9.9955E-05 0.458118 9.9955E-05 0.0800532 0.00786259 0.0393922 9.9955E-05 0.414074 9.9955E-05
0.0515249 0.0619114 0.18968 9.9964E-05 0.0192584 9.9964E-05 0.0387885 9.9964E-05 0.638437 9.9964E-05
9.9964E-05 0.0344484 0.535827 9.9964E-05 9.9964E-05 0.100779 0.0663223 9.9964E-05 0.204927 0.0572965
0.0287035 0.0206519 0.422427 9.9973E-05 9.9973E-05 0.0122248 0.134487 0.142266 0.238939 9.9973E-05
9.9982E-05 0.0137133 0.326361 0.083335 0.085022 0.135455 0.14365 9.9982E-05 0.201379 0.0108857
9.9964E-05 0.0200683 0.277324 9.9964E-05 9.9964E-05 0.0523816 9.9964E-05 0.0699337 0.569874 0.0100188
9.9973E-05 0.0180759 0.272074 0.0622235 9.9973E-05 0.0839179 0.039998 0.0557694 0.467641 9.9973E-05
0.011617 0.0173826 0.469133 0.0648276 0.0051215 0.0214797 0.0169141 0.0809887 0.190584 0.121952
0.0267567 0.0400976 0.292247 0.0449346 0.0370053 0.0196432 0.0628181 0.0496807 0.356576 0.0702401
0.200554 9.9982E-05 0.434497 0.0670053 0.00154187 0.0578339 0.0661763 9.9982E-05 0.123431 0.0487605
9.9955E-05 9.9955E-05 0.389556 0.0502025 9.9955E-05 0.101765 9.9955E-05 0.0377922 0.420185 9.9955E-05
9.9946E-05 9.9946E-05 0.214741 0.0852587 9.9946E-05 9.9946E-05 9.9946E-05 9.9946E-05 0.650789 0.0486113
0.0395546 9.9955E-05 0.641991 0.0297846 9.9955E-05 9.9955E-05 9.9955E-05 0.0830576 0.205112 9.9955E-05
9.9973E-05 0.0385836 0.413334 0.10289 0.0252939 0.199594 0.0471364 9.9973E-05 0.172868 9.9973E-05
9.9955E-05 9.9955E-05 0.20087 9.9955E-05 9.9955E-05 0.0207665 9.9955E-05 0.0572344 0.690709 0.0299198
9.9955E-05 0.0349841 0.332501 0.0864777 9.9955E-05 9.9955E-05 9.9955E-05 9.9955E-05 0.48159 0.0639481
0.0263002 0.0627563 0.55425 0.0468628 0.0238513 0.0539695 9.9991E-05 0.0273159 0.193791 0.0108026
0.0260568 0.0052717 0.423889 0.00169771 0.082153 0.033012 0.0230226 0.0165529 0.388244 9.9991E-05
0.0321509 0.00558155 0.410947 0.0786092 0.0925871 0.0619355 0.232489 0.0401561 0.0444843 0.00105883
0.069458 9.9991E-05 0.233838 0.0720551 0.0463738 0.0790304 0.216738 0.0564142 0.149225 0.0767679
0.081573 9.9973E-05 0.308003 0.170913 0.123281 9.9973E-05 0.214471 0.00142357 0.100035 9.9973E-05
9.9982E-05 0.0485587 0.336773 0.111858 0.110719 0.0106612 0.22908 9.9982E-05 0.0600488 0.0921015
9.9964E-05 9.9964E-05 0.472992 0.0357299 0.141532 9.9964E-05 0.137925 0.0569491 9.9964E-05 0.154472
0.0886114 0.0654945 0.402751 9.9982E-05 0.0968793 0.0333131 0.137427 0.0368066 0.138518 9.9982E-05
0.130604 0.0401279 9.9964E-05 9.9964E-05 0.104782 9.9964E-05 0.096496 9.9964E-05 0.594312 0.0332776
9.9982E-05 0.0193366 0.545546 0.0635313 0.0668989 0.012412 0.178049 9.9982E-05 0.0528439 0.0611819
0.201172 0.00555558 9.9955E-05 9.9955E-05 0.302732 9.9955E-05 0.0924378 9.9955E-05 0.397603 9.9955E-05
0.0437671 9.9955E-05 0.521487 9.9955E-05 0.095974 9.9955E-05 0.0827078 9.9955E-05 0.255564 9.9955E-05
9.9937E-05 9.9937E-05 0.0803822 9.9937E-05 9.9937E-05 9.9937E-05 9.9937E-05 0.112387 0.806531 9.9937E-05
9.9946E-05 0.0135008 9.9946E-05 9.9946E-05 9.9946E-05 0.0156002 9.9946E-05 0.028834 0.941465 9.9946E-05
