0.0310112 0.725688 9.9982E-05 9.9982E-05 0.035437 0.121933 0.0835883 0.00214298
9.9973E-05 0.782472 9.9973E-05 0.0456523 0.013038 0.135571 0.0229665 9.9973E-05
0.116624 0.588518 9.9973E-05 9.9973E-05 9.9973E-05 0.143336 0.0359619 0.115261
0.108076 0.697332 9.9973E-05 0.0346025 9.9973E-05 0.128343 0.0313463 9.9973E-05
9.9964E-05 0.919802 9.9964E-05 0.0572817 9.9964E-05 0.0222847 0.000231615 9.9964E-05
0.00588524 0.631656 0.104785 0.0168624 9.9982E-05 0.180804 0.0598074 9.9982E-05
0.0603539 0.512477 0.165575 0.071442 9.9973E-05 0.189852 9.9973E-05 9.9973E-05
0.121985 0.713613 9.99819E-05 9.99819E-05 0.0562264 0.0376588 0.0128272 0.0574901
0.773632 9.9973E-05 0.104595 0.0305307 0.0847288 9.9973E-05 0.00621354 9.9973E-05
9.994E-05 9.994E-05 9.994E-05 9.994E-05 9.994E-05 9.994E-05 0.9993 9.994E-05
9.994E-05 9.994E-05 9.994E-05 9.994E-05 9.994E-05 9.994E-05 0.9993 9.994E-05
9.9955E-05 9.9955E-05 9.9955E-05 9.9955E-05 0.920247 0.0382153 9.9955E-05 0.0410379
0.454757 0.158872 0.140556 0.128022 0.0674233 0.0115261 0.0387425 9.9991E-05
0.612567 9.9955E-05 9.9955E-05 9.9955E-05 0.358421 9.9955E-05 0.0285124 9.9955E-05
0.0215254 9.9955E-05 9.9955E-05 9.9955E-05 0.956417 9.9955E-05 0.0215576 9.9955E-05
0.0276288 0.0310754 9.9955E-05 9.9955E-05 0.940796 9.9955E-05 9.9955E-05 9.9955E-05
9.9955E-05 0.029791 0.0987838 9.9955E-05 0.870925 9.9955E-05 9.9955E-05 9.9955E-05
0.133762 0.631745 9.9973E-05 9.9973E-05 9.9973E-05 0.201027 0.0240512 0.00911524
9.9955E-05 0.892875 9.9955E-05 9.9955E-05 9.9955E-05 0.0631633 0.0434623 9.9955E-05
9.9955E-05 0.955453 9.9955E-05 9.9955E-05 0.0226217 9.9955E-05 0.0214259 9.9955E-05
9.9955E-05 0.942112 9.9955E-05 9.9955E-05 0.022831 9.9955E-05 0.0345567 9.9955E-05
0.0309687 0.775522 9.9982E-05 0.0204492 9.9982E-05 0.09298 0.0271368 0.0527432
0.05618 0.861656 0.0145895 9.9982E-05 9.9982E-05 0.0241217 0.0148682 0.0283845
0.0501854 0.945306 9.9955E-05 9.9955E-05 9.9955E-05 9.9955E-05 9.9955E-05 0.00400923
0.299811 9.9973E-05 0.100961 0.219334 0.311152 9.9973E-05 9.9973E-05 0.0684424
0.247163 0.0971233 0.466816 0.0662724 0.110769 9.9982E-05 9.9982E-05 0.0116565
0.106195 0.0671148 0.632625 0.125001 0.00835555 9.9982E-05 0.0605084 9.9982E-05
0.0750621 0.089746 0.327868 0.0952326 0.271722 0.0099304 0.0576232 0.0728163
9.9955E-05 0.225575 0.0592651 9.9955E-05 9.9955E-05 9.9955E-05 9.9955E-05 0.71466
9.9964E-05 9.9964E-05 9.9964E-05 0.0254966 9.9964E-05 0.0489761 0.0210283 0.904099
0.0180582 9.9982E-05 0.795688 0.121799 9.9982E-05 0.045278 0.00270375 0.0162729
9.9964E-05 0.273509 0.594912 9.9964E-05 9.9964E-05 0.04658 9.9964E-05 0.084599
0.0413929 0.818619 0.0621041 0.0169973 0.0349875 0.0214365 9.9991E-05 0.00436213
9.9973E-05 0.85035 9.9973E-05 0.0198508 9.9973E-05 0.0386854 0.0590767 0.0317374
9.9955E-05 0.931015 9.9955E-05 9.9955E-05 0.0326023 9.9955E-05 0.0358827 9.9955E-05
0.091077 0.85537 9.9964E-05 0.0068493 9.9964E-05 9.9964E-05 0.0463041 9.9964E-05
9.9964E-05 0.754591 9.9964E-05 9.9964E-05 9.9964E-05 0.0558928 0.0778039 0.111312
9.9982E-05 0.867819 9.9982E-05 0.0351023 0.00834357 0.0576785 0.00363113 0.027226
0.0534161 0.852724 9.9973E-05 0.0101353 9.9973E-05 0.0802905 0.00313371 9.9973E-05
0.0950121 0.738676 9.9964E-05 9.9964E-05 9.9964E-05 0.0220285 9.9964E-05 0.143883
0.0238013 0.83282 9.9964E-05 0.0316972 9.9964E-05 0.111282 9.9964E-05 9.9964E-05
0.0609461 0.79245 9.9955E-05 9.9955E-05 9.9955E-05 9.9955E-05 9.9955E-05 0.146104
0.654758 0.314582 9.9955E-05 9.9955E-05 9.9955E-05 9.9955E-05 0.0301602 9.9955E-05
0.57558 0.269519 9.9973E-05 9.9973E-05 9.9973E-05 0.0916071 0.0322832 0.0307101
0.661453 0.224016 9.9964E-05 9.9964E-05 9.9964E-05 9.9964E-05 0.0104791 0.103651
0.759387 0.142436 9.9955E-05 9.9955E-05 9.9955E-05 0.0976777 9.9955E-05 9.9955E-05
9.9955E-05 9.9955E-05 9.9955E-05 0.104531 0.856281 0.0386888 9.9955E-05 9.9955E-05
0.820921 9.9946E-05 0.178479 9.9946E-05 9.9946E-05 9.9946E-05 9.9946E-05 9.9946E-05
0.990527 9.9946E-05 9.9946E-05 0.00887304 9.9946E-05 9.9946E-05 9.9946E-05 9.9946E-05
9.9973E-05 0.680227 9.9973E-05 9.9973E-05 0.0528409 0.128068 0.0608536 0.0777099
0.0718742 0.516203 0.0373555 0.0187299 0.0122128 0.214543 0.079639 0.0494434
0.672297 0.192921 9.9973E-05 0.0674087 9.9973E-05 0.0392132 0.0278604 9.9973E-05
0.0351731 9.9946E-05 9.9946E-05 9.9946E-05 9.9946E-05 9.9946E-05 0.964227 9.9946E-05
9.9964E-05 0.22997 0.176928 9.9964E-05 9.9964E-05 0.0821047 9.9964E-05 0.510597
0.0628371 9.9964E-05 9.9964E-05 0.363762 0.534961 9.9964E-05 9.9964E-05 0.0380404
0.196575 9.9991E-05 0.0232357 0.100176 0.554892 0.025447 0.00741825 0.0921553
9.9973E-05 0.792681 0.0681801 0.00539962 0.0588841 0.0745547 9.9973E-05 9.9973E-05
9.9973E-05 0.749329 0.0644331 0.0389173 0.026462 0.120559 9.9973E-05 9.9973E-05
9.9973E-05 0.74781 9.9973E-05 0.0575071 0.0686638 0.0856897 9.9973E-05 0.0400292
0.0137731 0.849172 9.9973E-05 0.0425826 0.0787592 9.9973E-05 0.0154134 9.9973E-05
9.9955E-05 0.918307 0.0414633 0.0397295 9.9955E-05 9.9955E-05 9.9955E-05 9.9955E-05
0.677458 9.9973E-05 0.111662 9.9973E-05 0.184956 9.9973E-05 0.020295 0.00532881
9.9964E-05 9.9964E-05 0.869928 0.0809442 0.0369577 0.0117707 9.9964E-05 9.9964E-05
0.0719868 9.9964E-05 0.783373 9.9964E-05 0.0868658 9.9964E-05 9.9964E-05 0.0573749
0.0816462 9.9973E-05 0.628777 0.111179 0.153798 9.9973E-05 0.0243 9.9973E-05
9.9964E-05 0.0279705 0.274663 9.9964E-05 0.198549 9.9964E-05 9.9964E-05 0.498417
9.9973E-05 0.239244 9.9973E-05 9.9973E-05 0.14415 0.0114068 0.00205927 0.60284
9.994E-05 9.994E-05 9.994E-05 0.9993 9.994E-05 9.994E-05 9.994E-05 9.994E-05
9.9946E-05 9.9946E-05 9.9946E-05 0.971862 9.9946E-05 0.0275387 9.9946E-05 9.9946E-05
0.0968953 0.102739 9.9982E-05 0.601569 9.9982E-05 0.000892858 0.0288779 0.168826
9.9964E-05 0.0470644 9.9964E-05 0.363653 9.9964E-05 0.142668 9.9964E-05 0.446214
9.995E-05 9.995E-05 0.0322425 0.874204 0.0930539 9.995E-05 9.995E-05 9.995E-05
9.994E-05 9.994E-05 9.994E-05 0.9993 9.994E-05 9.994E-05 9.994E-05 9.994E-05
0.100553 0.761479 9.9955E-05 9.9955E-05 9.9955E-05 0.137468 9.9955E-05 9.9955E-05
9.9964E-05 0.818004 9.9964E-05 9.9964E-05 9.9964E-05 0.0316208 0.100996 0.0489794
9.994E-05 9.994E-05 9.994E-05 9.994E-05 0.9993 9.994E-05 9.994E-05 9.994E-05
9.997E-05 9.997E-05 0.220916 9.997E-05 0.682372 0.0467389 0.0268769 0.0227968
9.9946E-05 9.9946E-05 9.9946E-05 9.9946E-05 0.955723 0.0436774 9.9946E-05 9.9946E-05
0.478691 0.434985 9.9973E-05 9.9973E-05 9.9973E-05 0.0299082 0.0212438 0.0348716
0.36566 0.426308 9.9973E-05 9.9973E-05 9.9973E-05 0.115629 0.035689 0.0564138
0.269114 0.53873 9.9964E-05 9.9964E-05 9.9964E-05 9.9964E-05 0.113252 0.0785033
0.280847 0.558948 9.9964E-05 9.9964E-05 9.9964E-05 9.9964E-05 0.0674578 0.0923478
0.0413032 9.9946E-05 9.9946E-05 9.9946E-05 9.9946E-05 9.9946E-05 9.9946E-05 0.958097
9.9946E-05 9.9946E-05 9.9946E-05 9.9946E-05 0.0160261 9.9946E-05 9.9946E-05 0.983374
9.9955E-05 9.9955E-05 9.9955E-05 9.9955E-05 9.9955E-05 0.0357624 0.0209451 0.942793
0.130075 0.720735 9.9982E-05 9.9982E-05 0.0966574 0.0102343 0.022225 0.0198732
0.859956 9.9964E-05 0.0124723 9.9964E-05 0.0774143 9.9964E-05 0.0497578 9.9964E-05
0.0359992 0.877856 0.0593491 9.9964E-05 9.9964E-05 0.0263959 9.9964E-05 9.9964E-05
0.153315 0.61856 0.060216 9.9991E-05 0.0103277 0.0947836 0.0495353 0.0131624
9.9964E-05 0.846859 9.9964E-05 9.9964E-05 0.036312 0.0849247 0.0315048 9.9964E-05
0.124618 0.644473 9.9982E-05 0.0424589 9.9982E-05 0.174935 0.00379563 0.00951978
0.108382 0.678278 0.0656036 9.9973E-05 9.9973E-05 0.140347 0.00709055 9.9973E-05
9.9973E-05 0.86844 9.9973E-05 0.0684167 9.9973E-05 0.0103063 0.0250391 0.0274977
9.9973E-05 0.851946 0.0612639 0.00491863 9.9973E-05 0.074194 0.00737772 9.9973E-05
0.0533373 0.771343 9.9973E-05 0.00255197 9.9973E-05 0.122096 0.0503712 9.9973E-05
0.0952429 0.729873 0.0472036 9.9973E-05 9.9973E-05 0.0725069 0.0548736 9.9973E-05
0.0361765 0.852727 0.0238737 9.9973E-05 9.9973E-05 0.0460629 9.9973E-05 0.0408597
0.0319807 0.803912 0.048377 9.9982E-05 9.9982E-05 0.0731742 0.0389832 0.00337252
0.0115404 9.9955E-05 9.9955E-05 9.9955E-05 9.9955E-05 0.971107 0.0168532 9.9955E-05
9.9964E-05 0.0773027 9.9964E-05 9.9964E-05 0.00887509 0.888528 0.0248942 9.9964E-05
9.9946E-05 9.9946E-05 9.9946E-05 9.9946E-05 9.9946E-05 0.989964 9.9946E-05 0.00943661
9.99566E-05 0.0614471 0.0209949 9.99566E-05 9.99566E-05 0.917058 9.99566E-05 9.99566E-05
9.994E-05 9.994E-05 9.994E-05 9.994E-05 9.994E-05 0.9993 9.994E-05 9.994E-05
9.9955E-05 0.00741059 0.98724 9.9955E-05 9.9955E-05 9.9955E-05 0.00484977 9.9955E-05
9.9973E-05 0.0198944 0.901792 9.9973E-05 9.9973E-05 0.0368318 0.0116005 0.0295815
9.994E-05 9.994E-05 0.9993 9.994E-05 9.994E-05 9.994E-05 9.994E-05 9.994E-05
9.9964E-05 0.043476 0.918994 9.9964E-05 9.9964E-05 0.0186941 9.9964E-05 0.0184365
9.9973E-05 0.0817864 9.9973E-05 9.9973E-05 0.11189 0.0312924 0.0405366 0.734195
