0.629762 0.0412364 9.9991E-05 0.0664862 0.165477 0.0295488 0.06739
0.701819 9.9982E-05 0.0155737 0.12879 0.143593 9.9982E-05 0.0100249
0.458425 0.126788 9.9991E-05 0.162318 0.186543 0.0382054 0.0276205
0.625873 0.0962653 9.9991E-05 0.0187057 0.148678 0.0561347 0.054244
0.801085 9.9964E-05 0.0420888 0.156427 9.9964E-05 9.9964E-05 9.9964E-05
0.612407 0.00652195 0.114392 9.9982E-05 0.214024 9.9982E-05 0.0524547
0.497784 0.0827221 0.160756 0.0126414 0.189716 0.01841 0.0379713
0.670348 0.161586 0.0109055 0.106088 0.0207336 0.00862765 0.021712
0.0650903 0.603832 0.3246 9.9973E-05 9.9973E-05 9.9973E-05 0.00617836
9.995E-05 9.995E-05 9.995E-05 9.995E-05 9.995E-05 9.995E-05 0.9994
9.995E-05 9.995E-05 9.995E-05 9.995E-05 9.995E-05 9.995E-05 0.9994
0.0831285 9.9964E-05 0.899341 0.0171306 9.9964E-05 9.9964E-05 9.9964E-05
0.0560133 0.424879 0.270287 0.110672 0.00180462 0.0947145 0.0416295
9.9973E-05 0.558729 0.368463 9.9973E-05 0.034679 9.9973E-05 0.0378282
9.9973E-05 0.0146732 0.908582 0.0608079 9.9973E-05 9.9973E-05 0.0156366
9.9964E-05 0.0757668 0.848177 0.0756566 9.9964E-05 9.9964E-05 9.9964E-05
0.072673 9.9955E-05 0.926827 9.9955E-05 9.9955E-05 9.9955E-05 9.9955E-05
0.48017 0.0754752 9.9982E-05 0.0322461 0.370494 9.9982E-05 0.0414146
0.772625 9.9973E-05 9.9973E-05 0.0227144 0.155226 9.9973E-05 0.0491349
0.831893 9.9973E-05 9.9973E-05 0.134905 9.9973E-05 0.0093274 0.023575
0.872178 9.9964E-05 9.9964E-05 0.101214 9.9964E-05 9.9964E-05 0.0262082
0.815024 9.9982E-05 0.0493219 0.0563287 0.0505549 9.9982E-05 0.0285706
0.805906 0.0105505 9.9991E-05 0.0150569 0.0989829 0.0566129 0.0127913
0.929805 9.9955E-05 9.9955E-05 0.0696952 9.9955E-05 9.9955E-05 9.9955E-05
9.9964E-05 0.38412 0.527094 9.9964E-05 9.9964E-05 0.0883863 9.9964E-05
0.0461468 0.304909 0.471787 9.9982E-05 9.9982E-05 0.158117 0.0188409
0.0274135 0.246883 0.493642 0.0123569 9.9991E-05 0.189022 0.0305825
0.0395892 0.0903303 0.521933 9.9991E-05 0.0150695 0.261275 0.0717026
0.191403 9.9955E-05 9.9955E-05 9.9955E-05 9.9955E-05 0.808097 9.9955E-05
9.9964E-05 9.9964E-05 9.9964E-05 9.9964E-05 0.107687 0.844074 0.0478395
9.9973E-05 0.120711 0.569847 9.9973E-05 9.9973E-05 0.307307 0.00183475
0.304055 9.9973E-05 0.386244 0.0539805 9.9973E-05 0.25542 9.9973E-05
0.719256 9.9982E-05 0.102225 0.0536977 0.0938683 0.0307536 9.9982E-05
0.869636 9.9982E-05 0.020155 0.0433754 0.000640396 9.9982E-05 0.0659932
0.9994 9.995E-05 9.995E-05 9.995E-05 9.995E-05 9.995E-05 9.995E-05
0.931073 0.0684268 9.9955E-05 9.9955E-05 9.9955E-05 9.9955E-05 9.9955E-05
0.794556 9.9973E-05 9.9973E-05 9.9973E-05 0.0974187 0.0434592 0.0642661
0.745895 9.9973E-05 9.9973E-05 0.19283 0.0118048 9.9973E-05 0.0491704
0.598396 0.0140417 9.9982E-05 0.192049 0.175083 0.0202306 9.9982E-05
0.721776 0.0725149 9.9982E-05 0.122967 9.9982E-05 0.0760294 0.00651268
0.701747 0.0525078 9.9964E-05 9.9964E-05 0.245346 9.9964E-05 9.9964E-05
0.57966 0.0363788 9.9982E-05 0.10891 0.140135 0.134717 9.9982E-05
0.388366 0.597685 9.9964E-05 9.9964E-05 9.9964E-05 9.9964E-05 0.0135483
0.275953 0.663903 9.9973E-05 9.9973E-05 0.0205979 9.9973E-05 0.0392461
0.213348 0.647903 9.9973E-05 0.114377 9.9973E-05 0.0240719 9.9973E-05
0.184725 0.713718 9.9964E-05 9.9964E-05 0.101157 9.9964E-05 9.9964E-05
9.9964E-05 0.00525539 0.981223 0.0131215 9.9964E-05 9.9964E-05 9.9964E-05
9.995E-05 0.9994 9.995E-05 9.995E-05 9.995E-05 9.995E-05 9.995E-05
9.995E-05 0.9994 9.995E-05 9.995E-05 9.995E-05 9.995E-05 9.995E-05
0.736723 9.9991E-05 0.0325859 0.0306202 0.0705023 0.0728224 0.0566462
0.498812 0.0774145 9.9991E-05 0.0220692 0.216221 0.139291 0.0460925
0.297688 0.579493 0.0609787 0.0191233 0.0188914 9.9991E-05 0.023726
9.9955E-05 0.0158048 9.9955E-05 9.9955E-05 9.9955E-05 9.9955E-05 0.983695
0.00968172 9.9973E-05 9.9973E-05 0.173124 0.131415 0.685479 9.9973E-05
9.9964E-05 0.151757 0.761204 9.9964E-05 9.9964E-05 0.0866392 9.9964E-05
9.9982E-05 0.189888 0.631452 9.9982E-05 0.0517998 0.111134 0.0155265
9.995E-05 9.995E-05 9.995E-05 0.9994 9.995E-05 9.995E-05 9.995E-05
9.9955E-05 9.9955E-05 9.9955E-05 0.926256 0.0732442 9.9955E-05 9.9955E-05
0.242149 9.9982E-05 0.0554128 0.534312 0.108311 0.0596162 9.9982E-05
9.9964E-05 9.9964E-05 0.0215425 0.955169 9.9964E-05 9.9964E-05 0.0228891
0.085263 9.9973E-05 9.9973E-05 0.870358 0.0122391 9.9973E-05 0.0318395
9.9973E-05 0.633879 0.224934 0.105913 9.9973E-05 9.9973E-05 0.0349737
9.9964E-05 0.0237645 0.768309 9.9964E-05 9.9964E-05 0.207527 9.9964E-05
9.9973E-05 0.13232 0.589483 9.9973E-05 9.9973E-05 0.271992 0.00590488
9.9982E-05 0.177419 0.668259 0.00216604 9.9982E-05 0.107845 0.0441117
9.9964E-05 9.9964E-05 0.22574 0.00799466 9.9964E-05 0.765865 9.9964E-05
0.131732 9.9982E-05 9.9982E-05 0.0458171 0.0804909 0.729266 0.0124942
9.9964E-05 0.0517408 0.898588 9.9964E-05 0.0492713 9.9964E-05 9.9964E-05
0.0658666 9.9973E-05 0.848587 0.025165 0.0600812 9.9973E-05 9.9973E-05
0.0455998 0.109809 0.489245 0.122016 0.0628274 0.141825 0.0286775
0.136135 9.9973E-05 0.292248 9.9973E-05 0.215341 0.355976 9.9973E-05
0.044102 9.9964E-05 0.949916 0.00558223 9.9964E-05 9.9964E-05 9.9964E-05
0.0377845 9.9964E-05 0.93652 9.9964E-05 9.9964E-05 9.9964E-05 0.0252953
0.6369 0.0411393 9.9982E-05 0.104543 0.204006 9.9982E-05 0.0132118
0.751251 9.9982E-05 9.9982E-05 0.0604429 0.0731606 0.057363 0.0575821
9.9955E-05 9.9955E-05 0.985494 0.0140059 9.9955E-05 9.9955E-05 9.9955E-05
9.9973E-05 9.9973E-05 0.749732 9.9973E-05 0.0716325 0.163277 0.0150588
9.9955E-05 9.9955E-05 0.922246 9.9955E-05 0.0772544 9.9955E-05 9.9955E-05
0.403214 0.420914 9.9982E-05 0.0888806 0.0810406 9.9982E-05 0.00575084
0.304343 0.308149 9.9991E-05 0.167369 0.124554 0.0502236 0.0452613
0.550349 0.265166 9.9982E-05 0.0467483 9.9982E-05 0.0279076 0.109629
0.684834 0.190587 9.9973E-05 0.0535837 9.9973E-05 9.9973E-05 0.0706952
9.9964E-05 0.0362725 9.9964E-05 0.0278535 9.9964E-05 0.935474 9.9964E-05
9.9964E-05 9.9964E-05 0.0327741 9.9964E-05 9.9964E-05 0.947119 0.0197067
9.9964E-05 9.9964E-05 9.9964E-05 9.9964E-05 0.0333407 0.933711 0.0325482
9.99639E-05 0.119132 9.99639E-05 0.863557 9.99639E-05 9.99639E-05 0.0169117
9.9973E-05 0.801322 0.106341 0.0647925 9.9973E-05 9.9973E-05 0.0272444
0.80126 9.9982E-05 0.0176986 0.144572 0.0151999 9.9982E-05 0.0210694
0.681208 0.131203 0.0588467 9.9982E-05 0.103313 9.9982E-05 0.02523
0.757912 0.0443939 9.9982E-05 0.130282 0.0359953 9.9982E-05 0.0312171
0.527502 0.14545 9.9982E-05 0.055571 0.268298 0.00297852 9.9982E-05
0.66389 0.0109963 9.9991E-05 0.0428215 0.14838 0.124782 0.00903101
0.7939 9.9982E-05 0.0476718 0.0145706 0.0621398 9.9982E-05 0.0815179
0.827448 9.9973E-05 0.0566706 0.0785579 0.0370237 9.9973E-05 9.9973E-05
0.851477 9.9982E-05 0.0132222 0.0509004 0.0569094 9.9982E-05 0.0272916
0.710456 0.0798054 9.9973E-05 0.14593 9.9973E-05 9.9973E-05 0.0635083
0.877444 0.0805841 9.9973E-05 9.9973E-05 0.032446 0.00922621 9.9973E-05
0.722889 0.0455307 0.00031385 0.111672 0.0775099 9.9991E-05 0.0419845
0.00277652 9.9973E-05 9.9973E-05 0.0116552 0.983788 9.9973E-05 0.00148055
9.9964E-05 9.9964E-05 9.9964E-05 9.9964E-05 0.993741 0.00215256 0.003707
9.9955E-05 9.9955E-05 9.9955E-05 9.9955E-05 0.970198 0.0293021 9.9955E-05
9.9964E-05 0.00225059 9.9964E-05 0.00552315 0.991826 9.9964E-05 9.9964E-05
9.995E-05 9.995E-05 9.995E-05 9.995E-05 0.9994 9.995E-05 9.995E-05
9.9982E-05 0.069737 0.647074 9.9982E-05 0.0260811 0.242206 0.0147011
9.9991E-05 0.0385521 0.48943 0.00939162 0.024856 0.429931 0.00773893
9.9973E-05 0.052773 0.635527 0.0172067 9.9973E-05 0.294194 9.9973E-05
9.9964E-05 0.0660137 0.537875 9.9964E-05 9.9964E-05 0.395712 9.9964E-05
0.024564 9.9991E-05 0.0753795 0.111056 0.0107589 0.742456 0.0356853
