0.0842114 0.00851264 9.9964E-05 9.9964E-05 0.766986 0.0458349 9.9964E-05 0.0940551 9.9964E-05
0.138134 9.9964E-05 0.108228 9.9964E-05 0.628769 9.9964E-05 9.9964E-05 0.100163 0.0243059
0.124239 0.122598 9.9973E-05 9.9973E-05 0.587945 0.00137657 0.0402526 0.123289 9.9973E-05
0.0293285 0.0974384 9.9973E-05 9.9973E-05 0.674471 0.0455932 0.00344534 0.149423 9.9973E-05
0.141871 9.9955E-05 0.0235841 9.9955E-05 0.810924 9.9955E-05 9.9955E-05 9.9955E-05 0.0231208
9.9973E-05 0.038065 0.0884493 0.134481 0.595728 0.064164 9.9973E-05 0.0788125 9.9973E-05
9.9973E-05 0.0945512 0.12341 0.212431 0.405508 9.9973E-05 0.0233131 0.140487 9.9973E-05
0.137011 0.111387 0.086336 9.9991E-05 0.534906 0.00773736 0.100629 0.0142728 0.00762068
9.9955E-05 0.681945 9.9955E-05 0.14126 9.9955E-05 0.0211359 9.9955E-05 9.9955E-05 0.155159
9.993E-05 9.993E-05 9.993E-05 9.993E-05 9.993E-05 0.999201 9.993E-05 9.993E-05 9.993E-05
9.993E-05 9.993E-05 9.993E-05 9.993E-05 9.993E-05 0.999201 9.993E-05 9.993E-05 9.993E-05
9.9955E-05 9.9955E-05 0.0443681 9.9955E-05 9.9955E-05 9.9955E-05 0.108059 0.0100268 0.837046
0.0872521 0.527015 9.9982E-05 0.00967356 0.0878813 0.0306005 0.0428354 9.9982E-05 0.214542
9.9964E-05 0.611769 9.9964E-05 0.029816 0.0395889 0.0361607 9.9964E-05 9.9964E-05 0.282266
0.0330733 0.0222357 0.00699351 9.9964E-05 9.9964E-05 0.0346059 9.9964E-05 9.9964E-05 0.902692
0.0940047 0.0328956 9.9946E-05 9.9946E-05 9.9946E-05 9.9946E-05 9.9946E-05 9.9946E-05 0.8725
9.9955E-05 9.9955E-05 0.0751945 0.0782871 0.00751576 9.9955E-05 9.9955E-05 9.9955E-05 0.838503
0.0381077 0.0349947 0.415841 9.9982E-05 0.20697 0.0226186 0.0820053 0.199263 9.9982E-05
0.0209201 9.9964E-05 0.825092 9.9964E-05 0.0688875 0.0395467 9.9964E-05 0.0451537 9.9964E-05
0.0406716 9.9955E-05 0.90451 9.9955E-05 9.9955E-05 0.00184962 0.0524691 9.9955E-05 9.9955E-05
0.01228 9.9946E-05 0.9777 9.9946E-05 9.9946E-05 0.00942085 9.9946E-05 9.9946E-05 9.9946E-05
9.99868E-05 9.99868E-05 0.752796 0.0266157 0.130308 0.00309002 0.010696 0.0609988 0.0152962
9.9973E-05 0.010564 0.883066 9.9973E-05 0.0411675 0.0153243 0.0332963 0.0162816 9.9973E-05
9.9937E-05 0.0313697 0.967931 9.9937E-05 9.9937E-05 9.9937E-05 9.9937E-05 9.9937E-05 9.9937E-05
9.9955E-05 0.414004 9.9955E-05 0.0470908 9.9955E-05 9.9955E-05 0.0614033 9.9955E-05 0.477002
0.0248211 0.369416 0.034572 0.387621 9.9973E-05 9.9973E-05 0.0833827 9.9973E-05 0.0998878
0.0183672 0.163499 0.0667222 0.583174 0.00246617 0.0352715 9.9982E-05 9.9982E-05 0.1303
9.9982E-05 0.0480762 9.9982E-05 0.282715 0.0956826 0.0398231 0.120368 0.0410832 0.372052
9.9946E-05 9.9946E-05 0.124125 9.9946E-05 0.0658558 9.9946E-05 0.80942 9.9946E-05 9.9946E-05
9.9946E-05 9.9946E-05 9.9946E-05 9.9946E-05 9.9946E-05 0.0144142 0.972567 0.0124194 9.9946E-05
9.9955E-05 0.0870007 9.9955E-05 0.669192 9.9955E-05 9.9955E-05 9.9955E-05 0.0765255 0.166782
0.0805315 9.9973E-05 0.169112 0.619349 0.0266143 9.9973E-05 0.0895077 0.014585 9.9973E-05
0.0865137 9.9964E-05 0.136123 0.0777989 0.660363 9.9964E-05 9.9964E-05 0.0388014 9.9964E-05
9.9946E-05 9.9946E-05 9.9946E-05 9.9946E-05 0.962087 0.0215336 9.9946E-05 9.9946E-05 0.0157793
9.993E-05 9.993E-05 9.993E-05 9.993E-05 0.999201 9.993E-05 9.993E-05 9.993E-05 9.993E-05
9.9964E-05 0.0464593 0.0151734 0.00328383 0.933594 0.00108981 9.9964E-05 9.9964E-05 9.9964E-05
9.9946E-05 9.9946E-05 9.9946E-05 9.9946E-05 0.916139 0.0273486 0.0559126 9.9946E-05 9.9946E-05
0.253308 9.9973E-05 0.0774619 9.9973E-05 0.62053 0.0102162 0.0326873 9.9973E-05 0.00549666
0.163339 9.9964E-05 0.346852 9.9964E-05 0.345068 9.9964E-05 0.0503958 0.0939463 9.9964E-05
0.080546 0.0542189 0.258632 9.9982E-05 0.462254 0.00526571 0.122261 0.0166231 9.9982E-05
0.0231265 9.9973E-05 0.207957 9.9973E-05 0.625087 9.9973E-05 0.0107624 0.0890127 0.0437539
0.145562 0.015478 0.181235 9.9964E-05 0.46989 9.9964E-05 0.187435 9.9964E-05 9.9964E-05
9.9964E-05 0.516227 0.434078 9.9964E-05 0.0222028 0.0128015 9.9964E-05 0.014291 9.9964E-05
9.9964E-05 0.550185 0.385518 9.9964E-05 0.0052516 0.0209697 9.9964E-05 0.0376756 9.9964E-05
0.0728046 0.557123 0.235829 9.9982E-05 0.035457 0.00111148 0.0966295 9.9982E-05 0.000845624
9.9964E-05 0.669767 0.148002 9.9964E-05 0.0990735 9.9964E-05 0.00207608 0.0806824 9.9964E-05
9.9946E-05 0.040687 9.9946E-05 9.9946E-05 9.9946E-05 9.9946E-05 9.9946E-05 0.0225935 0.93612
0.0191323 0.92694 9.9955E-05 0.0456815 9.9955E-05 9.9955E-05 9.9955E-05 0.0077461 9.9955E-05
9.993E-05 0.999201 9.993E-05 9.993E-05 9.993E-05 9.993E-05 9.993E-05 9.993E-05 9.993E-05
9.9982E-05 0.000358581 0.0903027 9.9982E-05 0.656897 0.0376269 0.0348697 0.10692 0.0728251
0.0175774 0.0810372 0.00799953 0.0418811 0.573959 0.0772764 9.9982E-05 0.200069 9.9982E-05
0.013172 0.587507 0.0724119 9.9982E-05 0.267352 0.0116884 9.9982E-05 0.00562221 0.0420459
9.9937E-05 0.0288255 9.9937E-05 9.9937E-05 9.9937E-05 0.970475 9.9937E-05 9.9937E-05 9.9937E-05
0.12007 9.9964E-05 9.9964E-05 0.0346258 0.0353873 9.9964E-05 0.694894 0.114623 9.9964E-05
9.9946E-05 0.140045 9.9946E-05 9.9946E-05 9.9946E-05 9.9946E-05 0.0917007 9.9946E-05 0.767654
9.9964E-05 0.34928 9.9964E-05 0.0159218 9.9964E-05 9.9964E-05 0.156416 0.00584456 0.472138
0.999201 9.993E-05 9.993E-05 9.993E-05 9.993E-05 9.993E-05 9.993E-05 9.993E-05 9.993E-05
0.983079 9.9937E-05 9.9937E-05 9.9937E-05 9.9937E-05 9.9937E-05 9.9937E-05 0.0162216 9.9937E-05
0.517911 9.9982E-05 0.0564594 0.00969532 0.221188 9.9982E-05 0.0828968 0.0751623 0.0364877
0.916551 9.9946E-05 0.0677937 9.9946E-05 9.9946E-05 9.9946E-05 9.9946E-05 9.9946E-05 0.0150556
0.889476 9.9955E-05 0.0152761 9.9955E-05 0.0888755 0.00587276 9.9955E-05 9.9955E-05 9.9955E-05
0.0694094 0.806196 9.9964E-05 0.0369974 9.9964E-05 0.0127948 9.9964E-05 9.9964E-05 0.0742029
9.9937E-05 9.9937E-05 9.9937E-05 0.955755 9.9937E-05 9.9937E-05 9.9937E-05 9.9937E-05 0.0435457
9.9955E-05 0.0886199 9.9955E-05 0.772705 9.9955E-05 0.0370264 9.9955E-05 9.9955E-05 0.101149
9.99639E-05 0.0413505 9.99639E-05 0.648639 9.99639E-05 0.0286296 9.99639E-05 0.0244083 0.256572
9.9955E-05 0.0166421 9.9955E-05 0.127841 9.9955E-05 9.9955E-05 0.672038 9.9955E-05 0.182979
0.0120216 9.9973E-05 9.9973E-05 9.9973E-05 0.190004 0.0222171 0.680282 0.0176468 0.077528
0.00237558 0.0818435 9.9964E-05 0.169643 9.9964E-05 9.9964E-05 9.9964E-05 0.0257005 0.720037
0.0275106 0.0681978 0.032981 0.110523 9.9973E-05 9.9973E-05 9.9973E-05 0.00314074 0.757347
0.0721538 0.240015 0.0177935 0.0353439 9.9982E-05 0.0390498 0.191527 9.9982E-05 0.403917
9.9955E-05 9.9955E-05 0.0598841 9.9955E-05 9.9955E-05 9.9955E-05 0.678022 0.0893343 0.17226
0.00537735 9.9964E-05 9.9964E-05 0.00567109 0.011973 0.0122204 9.9964E-05 9.9964E-05 0.964358
9.9946E-05 9.9946E-05 9.9946E-05 9.9946E-05 0.0586153 0.0234422 9.9946E-05 9.9946E-05 0.917343
0.0749247 0.0562549 0.2412 9.9973E-05 0.524771 0.00845932 9.9973E-05 0.0940899 9.9973E-05
0.0596415 9.9964E-05 0.333811 9.9964E-05 0.482692 0.107898 9.9964E-05 0.0155586 9.9964E-05
9.993E-05 9.993E-05 9.993E-05 9.993E-05 9.993E-05 9.993E-05 9.993E-05 9.993E-05 0.999201
9.9973E-05 0.00092675 9.9973E-05 0.114989 9.9973E-05 0.00770054 0.0223429 0.0849294 0.768811
9.9937E-05 9.9937E-05 9.9937E-05 9.9937E-05 9.9937E-05 9.9937E-05 9.9937E-05 0.094034 0.905266
0.0896595 0.404165 0.224833 9.9973E-05 0.226989 0.0399392 9.9973E-05 0.0141145 9.9973E-05
0.0697272 0.30912 0.239949 9.9982E-05 0.190282 0.0291573 0.0581626 0.103402 9.9982E-05
9.9964E-05 0.224679 0.216438 9.9964E-05 0.350779 0.128847 0.0788582 9.9964E-05 9.9964E-05
0.0410438 0.19941 0.301371 9.9973E-05 0.302067 0.0616893 0.0941183 9.9973E-05 9.9973E-05
0.0357841 0.0729469 9.9946E-05 9.9946E-05 9.9946E-05 9.9946E-05 0.890669 9.9946E-05 9.9946E-05
9.9946E-05 9.9946E-05 9.9946E-05 0.0758901 9.9946E-05 0.00989865 0.913612 9.9946E-05 9.9946E-05
9.9946E-05 9.9946E-05 9.9946E-05 9.9946E-05 0.0030279 0.042048 0.954324 9.9946E-05 9.9946E-05
0.857147 0.141958 9.99459E-05 9.99459E-05 9.99459E-05 0.000296214 9.99459E-05 9.99459E-05 9.99459E-05
0.0241683 0.951932 9.9946E-05 9.9946E-05 9.9946E-05 0.0232996 9.9946E-05 9.9946E-05 9.9946E-05
0.0970236 9.9973E-05 0.299013 0.00196304 0.543965 9.9973E-05 9.9973E-05 0.019852 0.0378832
9.9991E-05 0.102759 0.331282 0.0398903 0.398603 0.0353475 0.0462882 0.0301167 0.015613
0.0898549 9.9964E-05 0.224043 9.9964E-05 0.561225 0.0493749 9.9964E-05 0.0751029 9.9964E-05
0.121213 0.151326 0.0921234 9.9973E-05 0.453711 9.9973E-05 0.0167068 0.16462 9.9973E-05
0.0617464 0.102442 0.0662569 9.9973E-05 0.662069 0.00366199 9.9973E-05 0.103524 9.9973E-05
0.0551062 9.997E-05 0.106858 9.997E-05 0.749597 0.0193131 9.997E-05 0.0267705 0.0420549
9.9964E-05 9.9964E-05 0.952138 0.0324583 9.9964E-05 0.00282716 9.9964E-05 0.00993764 0.00223887
9.9955E-05 9.9955E-05 0.907524 9.9955E-05 0.00940066 9.9955E-05 9.9955E-05 0.0745486 0.00802708
0.0507048 0.0316308 0.845213 0.0277678 9.9973E-05 0.0318173 9.9973E-05 0.0125669 9.9973E-05
9.9955E-05 9.9955E-05 0.730671 0.0303354 0.206156 9.9955E-05 0.0323372 9.9955E-05 9.9955E-05
0.0235885 9.9964E-05 0.904107 0.00560037 9.9964E-05 0.00307505 9.9964E-05 0.0632291 9.9964E-05
9.9946E-05 9.9946E-05 9.9946E-05 9.9946E-05 0.0291544 0.0174485 9.9946E-05 0.952797 9.9946E-05
9.9964E-05 9.9964E-05 0.0875965 9.9964E-05 0.0594269 0.00382519 0.00773226 0.841019 9.9964E-05
9.9937E-05 9.9937E-05 9.9937E-05 9.9937E-05 9.9937E-05 9.9937E-05 0.0244304 0.97487 9.9937E-05
0.00596266 9.9955E-05 9.9955E-05 0.00727896 0.0161122 9.9955E-05 9.9955E-05 0.970146 9.9955E-05
9.993E-05 9.993E-05 9.993E-05 9.993E-05 9.993E-05 9.993E-05 9.993E-05 0.999201 9.993E-05
9.9937E-05 9.9937E-05 9.9937E-05 0.974468 9.9937E-05 0.0248324 9.9937E-05 9.9937E-05 9.9937E-05
0.0652256 9.995E-05 9.995E-05 0.897933 9.995E-05 0.000500801 9.995E-05 0.0358406 9.995E-05
9.993E-05 9.993E-05 9.993E-05 0.999201 9.993E-05 9.993E-05 9.993E-05 9.993E-05 9.993E-05
0.0037538 9.9946E-05 9.9946E-05 0.942644 0.0530028 9.9946E-05 9.9946E-05 9.9946E-05 9.9946E-05
0.0648709 0.0852808 9.9991E-05 0.0375613 0.0157596 0.0130341 0.715912 0.022287 0.0451942
