0.0992988 0.900601 9.9991E-05
0.0444366 0.945982 0.00958096
0.167484 0.832416 9.9991E-05
0.175746 0.820541 0.00371289
0.152265 0.847635 9.9991E-05
0.111622 0.691544 0.196834
0.0641181 0.905786 0.0300961
0.0841346 0.81886 0.0970057
9.9991E-05 0.93723 0.0626702
0.186085 0.735926 0.0779889
0.0486735 0.807822 0.143504
0.147852 0.0780433 0.774104
0.396027 0.0352834 0.56869
0.161166 0.117131 0.721703
0.299515 0.0880422 0.612443
0.304336 0.140496 0.555168
0.362248 0.0554515 0.5823
0.335683 0.0403065 0.62401
0.222486 0.19284 0.584674
9.9991E-05 0.252833 0.747067
0.33611 0.0311772 0.632713
0.303974 0.0185452 0.677481
0.344993 0.00988967 0.645118
0.174507 0.0952676 0.730225
0.431978 0.00217304 0.565849
0.422805 0.0169582 0.560237
0.139795 0.135525 0.72468
0.223833 0.150057 0.62611
0.161798 0.127082 0.711121
0.222402 0.777498 9.9991E-05
0.216149 0.783751 9.9991E-05
0.199879 0.749593 0.0505287
0.2342 0.748348 0.0174522
0.374515 9.9991E-05 0.625385
0.303101 0.0467716 0.650128
0.342334 9.9991E-05 0.657566
0.000355872 0.275849 0.723795
0.18426 9.9991E-05 0.81564
0.336352 0.068374 0.595274
0.380487 9.9991E-05 0.619413
0.342736 0.0818756 0.575389
0.404025 0.0736979 0.522277
0.0146826 0.0485545 0.936763
0.472605 9.9991E-05 0.527295
0.411728 9.9991E-05 0.588172
0.385528 0.0722295 0.542243
0.160538 9.9991E-05 0.839362
0.399962 9.9991E-05 0.599938
0.395204 0.0924512 0.512345
9.9991E-05 0.184865 0.815035
0.00974124 0.119241 0.871018
0.0382923 0.134044 0.827664
0.448289 0.0111632 0.540548
0.403807 0.0110252 0.585168
0.376517 0.0127004 0.610783
0.035869 0.184056 0.780075
0.322397 9.9991E-05 0.677503
0.437893 0.0602693 0.501838
0.184093 0.154957 0.660949
0.0373246 0.348557 0.614118
0.322415 0.0647988 0.612786
0.271142 0.141855 0.587003
9.9991E-05 0.202912 0.796988
0.246406 0.0254548 0.728139
0.409767 9.9991E-05 0.590133
0.383492 0.0701544 0.546354
0.176001 0.0874072 0.736591
0.336197 9.9991E-05 0.663703
0.382925 0.0517545 0.565321
9.9991E-05 0.15107 0.84883
0.295581 9.9991E-05 0.704319
0.081561 0.020516 0.897923
0.35026 0.0403361 0.609404
9.9991E-05 0.0739161 0.925984
9.9991E-05 0.0361971 0.963703
0.0922221 9.9991E-05 0.907678
0.249371 9.9991E-05 0.750529
0.362249 0.123313 0.514438
0.305733 9.9991E-05 0.694167
0.0823661 0.0864513 0.831183
0.0837356 0.0871428 0.829122
0.323033 0.052857 0.62411
0.203566 0.0143397 0.782095
0.240837 9.9991E-05 0.759063
0.165501 9.9991E-05 0.834399
9.9991E-05 0.0739123 0.925988
0.390477 9.9991E-05 0.609423
0.188305 0.796961 0.0147338
0.130109 0.869791 9.9991E-05
0.168805 0.831095 9.9991E-05
0.110242 0.889658 9.9991E-05
0.155463 0.844437 9.9991E-05
0.13515 0.86475 9.9991E-05
0.126153 0.873747 9.9991E-05
0.305282 0.110886 0.583832
0.380819 0.0932414 0.52594
9.9991E-05 0.0504153 0.949485
0.38328 0.0984643 0.518256
0.253883 9.9991E-05 0.746017
0.378249 9.9991E-05 0.621651
0.327762 9.9991E-05 0.672138
0.361318 9.9991E-05 0.638582
9.9991E-05 0.114276 0.885624
0.438764 0.0960915 0.465145
0.379623 0.0308572 0.589519
0.424708 0.020911 0.554381
0.185048 0.000934526 0.814018
0.287817 9.9991E-05 0.712083
0.215491 9.9991E-05 0.784409
0.249465 9.9991E-05 0.750435
0.249312 0.0427483 0.70794
0.329488 0.0611414 0.60937
0.0868942 0.157187 0.755919
0.291999 0.123844 0.584157
0.339539 0.0949969 0.565464
0.381869 0.0708331 0.547298
0.239252 0.1182 0.642548
0.362142 0.0495046 0.588354
0.261379 0.0405292 0.698092
0.302882 0.0893804 0.607737
0.396307 0.0716296 0.532064
0.361675 9.99967E-05 0.638225
0.225347 9.9991E-05 0.774553
0.377255 9.9991E-05 0.622645
0.387179 0.0690213 0.5438
0.387071 9.9991E-05 0.612829
0.399087 0.0483774 0.552536
0.401416 9.9991E-05 0.598484
0.23556 0.155435 0.609004
0.457389 9.9991E-05 0.542511
0.431132 9.9991E-05 0.568768
0.163195 0.0867728 0.750032
0.0622392 0.160481 0.77728
0.320701 0.0385949 0.640704
0.0453159 0.0788142 0.87587
0.0590204 0.109739 0.831241
0.164096 0.0563599 0.779544
0.115817 0.119419 0.764764
0.106743 0.103958 0.789299
0.462824 0.0148768 0.522299
0.380968 0.0896209 0.529411
0.330214 0.0448892 0.624897
0.0630329 0.129292 0.807675
0.368968 0.186953 0.444079
0.340508 0.0634228 0.596069
9.9991E-05 0.309969 0.689931
0.364969 0.0467627 0.588269
0.198955 0.101854 0.69919
0.349464 0.101603 0.548933
0.12546 0.179098 0.695442
9.9991E-05 0.213739 0.786161
0.182148 0.113524 0.704328
0.336721 0.134284 0.528995
0.334454 0.16402 0.501526
0.143314 0.182678 0.674008
0.398514 0.0283489 0.573137
0.151459 9.9991E-05 0.848441
0.228834 9.9991E-05 0.771066
0.383979 0.0735969 0.542424
0.415087 0.394819 0.190094
0.194559 0.74928 0.0561615
0.133029 0.670042 0.196929
0.425322 0.441003 0.133675
0.360131 9.9991E-05 0.639769
0.371996 0.0696613 0.558343
0.869868 9.9991E-05 0.130032
0.707392 0.0572416 0.235366
0.647964 0.0863622 0.265674
0.159167 0.0711568 0.769677
0.390523 9.9991E-05 0.609377
0.103406 0.0999515 0.796643
0.361012 9.9991E-05 0.638888
0.273672 0.056762 0.669566
0.39412 0.0249816 0.580898
0.0829578 0.0934379 0.823604
0.45915 9.9991E-05 0.54075
0.316022 0.0224788 0.661499
0.957422 0.0424782 9.9991E-05
0.976788 0.0231119 9.9991E-05
0.70682 0.120634 0.172546
0.898535 9.9991E-05 0.101365
0.895332 0.104568 9.9991E-05
0.929791 0.0701086 9.9991E-05
0.916556 0.0833436 9.9991E-05
0.9998 9.999E-05 9.999E-05
0.994689 0.00521061 9.9991E-05
0.947174 0.0527262 9.9991E-05
0.935428 0.064472 9.9991E-05
0.876752 0.051513 0.0717348
0.860836 0.139064 9.9991E-05
0.932647 0.0672531 9.9991E-05
0.615443 0.087427 0.29713
0.798147 0.0792035 0.122649
0.863901 0.0994466 0.0366525
0.910956 0.0889441 9.9991E-05
0.963185 0.0367153 9.9991E-05
0.8694 0.1305 9.9991E-05
0.957817 0.0420827 9.9991E-05
0.738457 0.0959788 0.165564
0.88985 0.110051 9.9991E-05
0.0345134 0.528179 0.437308
0.304647 0.177561 0.517793
0.312424 0.275604 0.411972
0.219237 0.342432 0.438331
0.413943 0.0957414 0.490316
0.251251 0.292334 0.456415
0.281686 0.224211 0.494103
0.359245 0.18857 0.452185
0.407367 0.142719 0.449913
0.500847 0.18136 0.317793
0.353001 0.201088 0.445911
0.0965477 0.850546 0.0529061
0.0895199 0.91038 9.9991E-05
0.0229458 0.976954 9.9991E-05
0.0590152 0.940885 9.9991E-05
0.0967241 0.903176 9.9991E-05
0.140176 0.859724 9.9991E-05
0.150814 0.849086 9.9991E-05
0.0796056 0.901956 0.0184384
0.0969069 0.902993 9.9991E-05
0.159615 0.840285 9.9991E-05
9.9991E-05 0.749975 0.249925
9.9991E-05 0.698068 0.301832
9.9991E-05 0.663379 0.336521
9.9991E-05 0.618242 0.381658
0.331558 9.9991E-05 0.668342
0.328025 9.9991E-05 0.671875
0.31776 9.9991E-05 0.68214
0.146884 0.0287795 0.824337
0.0053856 0.124255 0.87036
0.449806 9.9991E-05 0.550094
0.348534 9.9991E-05 0.651366
0.274123 9.9991E-05 0.725777
0.258567 9.9991E-05 0.741333
0.411888 0.0308915 0.55722
0.242934 0.0072165 0.749849
9.9991E-05 0.0571553 0.942745
0.342363 9.9991E-05 0.657537
0.106258 0.0205846 0.873157
0.313323 9.9991E-05 0.686577
9.9991E-05 0.112846 0.887054
9.9991E-05 0.326181 0.673719
9.9991E-05 0.321621 0.678279
9.9991E-05 0.277499 0.722401
9.9991E-05 0.304985 0.694915
9.9991E-05 0.231762 0.768138
9.9991E-05 0.319937 0.679963
0.167998 0.831902 9.9991E-05
0.139843 0.843842 0.0163148
0.245664 0.754236 9.9991E-05
0.245529 0.754371 9.9991E-05
0.202096 0.766983 0.0309214
9.9991E-05 0.574644 0.425256
9.9991E-05 0.61262 0.38728
9.9991E-05 0.596467 0.403433
0.203731 0.796169 9.9991E-05
9.9991E-05 0.546418 0.453482
0.596893 0.263695 0.139412
0.548739 0.098321 0.35294
0.672372 0.125835 0.201793
0.483146 0.225916 0.290937
0.502387 0.0966852 0.400927
0.345772 0.582231 0.0719964
0.191251 0.0132431 0.795506
0.204039 0.0612862 0.734675
0.132983 0.187093 0.679924
0.29722 0.00154644 0.701233
9.9991E-05 0.0826669 0.917233
0.351928 0.0537305 0.594342
0.316348 0.0260926 0.65756
0.126167 0.135371 0.738463
0.379962 0.0663636 0.553674
0.0079181 0.115086 0.876996
0.295772 9.9991E-05 0.704128
0.317193 9.9991E-05 0.682707
0.405463 0.146042 0.448495
0.203356 9.9991E-05 0.796544
0.241778 0.0516957 0.706527
0.361019 0.0489333 0.590048
0.29854 9.9991E-05 0.70136
0.48063 9.9991E-05 0.51927
0.419916 0.0705053 0.509579
0.390462 0.00807306 0.601465
0.256949 0.742951 9.9991E-05
0.151353 0.848547 9.9991E-05
0.11325 0.813774 0.0729763
0.119834 0.823735 0.056431
0.180743 0.819157 9.9991E-05
0.0143748 0.160935 0.82469
0.341013 0.0860556 0.572931
0.424343 0.143453 0.432204
0.444738 9.9991E-05 0.555162
0.295656 9.9991E-05 0.704244
0.153741 0.0952506 0.751008
9.9991E-05 0.272319 0.727581
0.279234 0.0247737 0.695992
0.0646128 0.192453 0.742934
0.22494 0.0986424 0.676417
9.9991E-05 0.310412 0.689488
0.393487 0.0745483 0.531965
0.0518181 0.232173 0.716009
0.192986 0.0975056 0.709509
0.267915 0.0995083 0.632576
0.157786 0.123297 0.718918
0.386704 9.9991E-05 0.613196
0.371836 0.086571 0.541593
0.142776 0.0626485 0.794576
0.357091 0.126504 0.516404
0.300525 9.9991E-05 0.699375
9.9991E-05 0.0883134 0.911587
0.0712788 0.067779 0.860942
0.245204 0.024109 0.730687
0.0168101 0.112659 0.870531
0.194864 0.0610993 0.744036
0.00614592 0.237442 0.756412
0.0957785 9.9991E-05 0.904122
0.221255 0.102573 0.676172
0.417682 0.0270789 0.555239
0.0412434 0.0760163 0.88274
0.361832 0.0608833 0.577285
0.401738 0.0176878 0.580574
0.359164 0.0225562 0.61828
0.335042 0.0479827 0.616976
0.238289 0.0753653 0.686346
0.169231 0.0216633 0.809106
0.20554 0.0876485 0.706811
0.400566 9.9991E-05 0.599334
0.347759 0.0491229 0.603118
0.235084 0.0566153 0.708301
0.369391 9.9991E-05 0.630509
0.221996 0.0864044 0.6916
0.373809 9.9991E-05 0.626091
0.34175 0.0608389 0.597411
0.370062 0.079306 0.550632
0.409664 0.343363 0.246973
0.536724 0.119998 0.343278
0.475513 0.0995642 0.424923
0.492827 0.0646864 0.442486
0.509331 0.181199 0.30947
0.266998 9.9991E-05 0.732902
0.437669 0.1451 0.417231
0.131723 0.386274 0.482003
0.495248 0.0855037 0.419248
0.558561 0.0821723 0.359267
0.527331 0.087259 0.38541
0.375811 0.232831 0.391358
0.447859 0.166871 0.38527
0.536826 0.101227 0.361947
0.199571 0.635569 0.16486
0.537319 0.106785 0.355896
0.525196 0.146979 0.327825
0.410584 0.0374564 0.551959
0.587677 0.16598 0.246344
0.509486 0.0803277 0.410186
0.269167 0.0566548 0.674178
0.31905 0.0479412 0.633009
9.9991E-05 0.0242468 0.975653
9.9991E-05 0.110042 0.889858
0.358727 0.0240923 0.617181
0.5842 0.0979181 0.317882
0.58811 0.114963 0.296927
0.413239 0.282784 0.303977
0.501336 0.184737 0.313927
0.16793 0.207792 0.624278
0.226528 0.195256 0.578216
0.399005 9.9991E-05 0.600895
0.385083 0.0438255 0.571092
0.229401 0.112793 0.657807
0.397615 0.0317588 0.570626
0.425585 9.9991E-05 0.574315
0.436256 0.0274888 0.536256
0.144472 0.0574052 0.798123
0.221977 9.9991E-05 0.777923
0.330643 0.0375941 0.631763
0.275761 0.0545024 0.669737
0.303647 0.0679194 0.628433
0.269519 9.9991E-05 0.730381
0.0990778 0.0104183 0.890504
0.367671 9.9991E-05 0.632229
0.427948 0.0610779 0.510974
0.123481 0.0366818 0.839837
0.218691 0.00654203 0.774767
0.370961 0.0527013 0.576338
0.331341 0.0427695 0.62589
0.475336 0.124144 0.40052
0.376585 0.0689003 0.554515
0.485214 0.176329 0.338457
0.42616 0.205918 0.367922
0.444168 0.201137 0.354695
0.434319 0.142147 0.423534
0.0986288 0.331235 0.570136
0.525436 0.0542295 0.420334
0.133213 0.545123 0.321663
0.545341 9.9991E-05 0.454559
0.00568945 0.021659 0.972652
9.9991E-05 0.126346 0.873554
0.279301 9.9991E-05 0.720599
0.405381 9.9991E-05 0.594519
0.151543 9.9991E-05 0.848357
0.258962 0.015503 0.725535
0.306512 9.9991E-05 0.693388
0.152708 0.802864 0.0444281
0.194301 0.72188 0.083819
0.125664 0.874236 9.9991E-05
0.0758614 0.924039 9.9991E-05
0.313868 9.9991E-05 0.686032
0.316555 9.9991E-05 0.683345
0.335273 9.9991E-05 0.664627
0.347246 0.00189746 0.650857
0.335272 0.0404039 0.624324
0.0555304 0.0781304 0.866339
0.322431 9.9991E-05 0.677469
0.18604 9.9991E-05 0.81386
0.491201 0.227394 0.281405
0.325694 9.9991E-05 0.674206
0.183804 9.9991E-05 0.816096
0.326907 9.9991E-05 0.672993
0.236924 9.9991E-05 0.762976
0.316774 9.9991E-05 0.683126
0.372885 0.0172624 0.609853
9.999E-05 9.999E-05 0.9998
0.15553 0.00810232 0.836367
0.206688 9.9991E-05 0.793212
9.9991E-05 0.0186028 0.981297
0.201824 9.9991E-05 0.798076
9.9991E-05 0.0440209 0.955879
9.9991E-05 0.0784481 0.921452
0.360145 0.0144137 0.625442
0.090182 0.0637349 0.846083
0.266347 9.9991E-05 0.733553
0.396909 0.0582832 0.544808
0.291506 0.00849298 0.700001
0.228279 9.9991E-05 0.771621
0.331051 9.9991E-05 0.668849
0.282367 0.0298472 0.687786
0.144526 9.9991E-05 0.855374
0.404205 0.0100727 0.585722
9.9991E-05 0.781238 0.218662
0.0789528 0.790318 0.130729
9.9991E-05 0.905041 0.0948586
0.00186468 0.897181 0.100954
9.9991E-05 0.804035 0.195865
0.0419451 0.100214 0.857841
0.0255654 0.112847 0.861588
0.0917157 9.9991E-05 0.908184
0.431543 0.0354128 0.533044
0.407681 0.0676541 0.524665
0.213184 9.9991E-05 0.786716
0.421222 9.9991E-05 0.578678
0.262999 0.0109794 0.726021
0.327671 9.9991E-05 0.672229
0.418886 9.9991E-05 0.581014
0.161081 0.02808 0.810839
0.150908 9.9991E-05 0.848992
0.183258 0.00931281 0.807429
0.345599 0.0932608 0.56114
0.19999 9.9991E-05 0.79991
0.30609 9.9991E-05 0.69381
0.743301 0.088277 0.168422
0.766234 0.123681 0.110085
0.729691 0.0940722 0.176237
0.744426 0.151777 0.103796
0.631701 0.105966 0.262333
0.320416 0.0219744 0.65761
0.688585 0.311315 9.9991E-05
0.711942 0.178086 0.109972
0.36516 0.217219 0.417621
0.344743 0.16984 0.485417
0.225164 0.150898 0.623938
0.458772 0.0486136 0.492614
0.427223 0.0381836 0.534594
0.717213 0.233704 0.0490831
0.584189 0.172174 0.243637
0.815805 0.0550803 0.129115
0.557762 0.177254 0.264984
0.75519 0.131092 0.113718
0.616841 0.121943 0.261216
0.712886 0.211309 0.075805
0.677511 0.106366 0.216123
0.363099 0.0616613 0.57524
0.606394 0.166444 0.227162
0.770536 0.229364 9.9991E-05
0.564243 0.136712 0.299044
0.0340512 0.281724 0.684225
0.435362 0.0216691 0.542969
0.543339 0.181196 0.275465
0.420394 0.0634924 0.516114
0.293753 0.148342 0.557904
0.453727 0.129699 0.416575
0.525613 0.229602 0.244785
0.436979 0.0522988 0.510722
0.653676 0.153204 0.19312
0.774329 0.102473 0.123197
0.738253 0.234337 0.0274095
0.421348 0.0578992 0.520753
0.227455 0.116447 0.656097
0.0978294 0.26557 0.636601
0.397319 0.0899078 0.512773
0.316541 0.155793 0.527665
0.440666 0.18769 0.371644
0.423398 0.0869944 0.489607
0.190949 0.491907 0.317144
0.148639 0.519787 0.331574
0.291182 0.240486 0.468332
0.247188 0.45704 0.295772
0.301342 0.564944 0.133714
0.351471 0.198173 0.450356
0.427254 0.224682 0.348064
0.272337 0.353307 0.374356
0.200601 0.416579 0.38282
0.410995 0.0992378 0.489767
0.235668 0.320344 0.443988
0.0873502 0.634102 0.278548
0.415959 0.130209 0.453832
0.459664 0.221025 0.319311
0.474528 0.310298 0.215174
0.622868 0.0955936 0.281538
0.386491 0.171638 0.441871
0.524119 0.120196 0.355685
0.511731 0.11973 0.368539
0.534791 0.345881 0.119328
0.49572 0.157688 0.346592
0.571189 0.184719 0.244092
0.445912 0.276453 0.277635
0.300155 0.192593 0.507252
0.482088 0.143634 0.374278
0.498156 0.112427 0.389417
0.443841 0.0616703 0.494489
0.547069 0.289238 0.163693
0.521922 0.141885 0.336193
0.36278 0.421685 0.215535
0.53796 0.197492 0.264548
0.488931 0.328851 0.182218
0.0530257 0.838222 0.108753
9.9991E-05 0.29189 0.70801
9.9991E-05 0.248856 0.751044
9.9991E-05 0.266942 0.732958
9.9991E-05 0.211725 0.788175
9.9991E-05 0.272731 0.727169
9.9991E-05 0.252391 0.747509
9.9991E-05 0.297063 0.702837
9.9991E-05 0.467048 0.532852
0.108656 0.891244 9.9991E-05
0.0823983 0.850836 0.0667654
0.113574 0.886326 9.9991E-05
0.0387627 0.849298 0.111939
0.0925729 0.907327 9.9991E-05
0.0552905 0.929989 0.0147203
0.208382 0.750924 0.0406936
0.148091 0.851809 9.9991E-05
0.130398 0.728487 0.141115
0.102015 0.897885 9.9991E-05
0.0327612 0.967139 9.9991E-05
0.156908 0.821808 0.0212841
0.0363019 0.963598 9.9991E-05
0.133041 0.866859 9.9991E-05
0.148723 0.851177 9.9991E-05
0.220806 0.779094 9.9991E-05
0.236509 0.763391 9.9991E-05
0.235474 0.764426 9.9991E-05
0.2328 0.759196 0.00800322
0.237553 0.18323 0.579216
0.389172 9.9991E-05 0.610728
0.37637 0.0215234 0.602107
0.0459226 0.171523 0.782554
0.338206 0.0917819 0.570012
0.0633182 0.301325 0.635357
0.453532 0.0282094 0.518259
0.228516 0.133294 0.63819
0.316264 0.0835755 0.60016
0.307633 9.9991E-05 0.692267
0.234018 0.127842 0.63814
0.346999 0.00796805 0.645033
0.316736 0.111052 0.572212
9.9991E-05 0.1168 0.8831
9.9991E-05 0.221732 0.778168
0.0395864 0.231291 0.729123
0.400082 0.0778354 0.522083
0.27774 0.0672436 0.655016
0.306458 0.087618 0.605924
0.31282 0.0865307 0.600649
0.488531 0.142569 0.3689
0.556291 0.0792788 0.36443
0.260577 0.447082 0.292341
0.444667 0.0136268 0.541706
0.42289 0.210003 0.367107
0.1772 0.572375 0.250424
0.447619 0.267886 0.284495
0.338536 0.371742 0.289722
0.399179 0.295444 0.305377
0.55586 0.0574182 0.386722
0.460995 0.163403 0.375602
0.540707 0.0728913 0.386401
0.403192 0.169841 0.426967
0.403512 0.438117 0.158372
