0.173811 9.9991E-05 0.742785 0.0833043
0.256156 0.0140789 0.729665 9.9991E-05
0.230366 9.9991E-05 0.644773 0.124761
0.0952947 9.9991E-05 0.781311 0.123294
0.321483 9.9991E-05 0.614585 0.0638319
9.9991E-05 0.0645086 0.870995 0.0643961
0.0480014 0.136838 0.689092 0.126068
0.163934 9.9991E-05 0.658597 0.177369
9.9982E-05 0.185632 9.9982E-05 0.814168
9.9982E-05 9.9982E-05 0.967806 0.0319937
9.9982E-05 9.9982E-05 0.941554 0.0582459
0.0310253 0.91049 0.0542651 0.00421974
0.122605 0.271392 0.103906 0.502097
9.9982E-05 0.305098 9.9982E-05 0.694702
9.9982E-05 0.890471 9.9982E-05 0.109329
0.0203405 0.887079 9.9991E-05 0.0924803
0.0204928 0.929681 0.0103865 0.0394397
0.0753094 9.9991E-05 0.802977 0.121614
0.109831 9.9982E-05 0.889969 9.9982E-05
0.170535 9.9982E-05 0.829265 9.9982E-05
0.160974 9.9982E-05 0.838826 9.9982E-05
0.0903325 0.0394087 0.84734 0.0229187
0.0960291 9.9982E-05 0.903771 9.9982E-05
0.14228 9.9991E-05 0.815358 0.0422618
9.9982E-05 0.64591 9.9982E-05 0.35389
0.0455499 0.530131 0.0898649 0.334454
0.0999042 0.554493 0.00159706 0.344005
9.9991E-05 0.701955 0.231677 0.066268
0.0135195 0.315348 0.671032 9.9991E-05
9.9982E-05 0.406627 0.593173 9.9982E-05
9.9991E-05 0.845766 0.147238 0.00689508
0.122266 0.549036 0.328598 9.9991E-05
0.130893 0.0749533 0.722577 0.0715762
0.081038 0.0214702 0.897392 9.9991E-05
0.00868582 9.9991E-05 0.958252 0.0329622
9.9982E-05 9.9982E-05 0.880544 0.119256
0.049328 0.0144305 0.936142 9.9991E-05
0.218355 0.0210661 0.760479 9.9991E-05
0.259608 9.9991E-05 0.723291 0.0170006
0.107947 0.0201515 0.810386 0.0615156
0.0301116 9.9991E-05 0.8903 0.079488
0.199613 9.9991E-05 0.694416 0.105872
9.9982E-05 9.9982E-05 0.442581 0.557219
9.9982E-05 9.9982E-05 0.371314 0.628486
0.0970949 9.9991E-05 0.237825 0.664981
9.9982E-05 9.9982E-05 0.305128 0.694672
9.9982E-05 0.953929 9.9982E-05 0.0458712
9.998E-05 9.998E-05 9.998E-05 0.9997
9.998E-05 9.998E-05 9.998E-05 0.9997
0.0815391 0.0814415 0.836919 9.9991E-05
0.133178 9.9991E-05 0.72384 0.142882
0.0303209 9.9991E-05 0.275267 0.694313
9.9982E-05 9.9982E-05 0.891208 0.108592
0.173854 0.329639 0.496407 9.9991E-05
9.9982E-05 0.808938 9.9982E-05 0.190862
0.0157648 0.713926 9.9991E-05 0.270209
0.9997 9.998E-05 9.998E-05 9.998E-05
0.9997 9.998E-05 9.998E-05 9.998E-05
0.543879 0.0900318 0.365989 9.9991E-05
0.981885 9.9982E-05 9.9982E-05 0.0179147
0.925695 9.9991E-05 0.0664545 0.00775092
0.0792556 0.239876 9.9991E-05 0.680769
0.06694 0.879317 9.9991E-05 0.0536428
9.9982E-05 0.780425 9.9982E-05 0.219375
9.9991E-05 0.793826 0.0528558 0.153219
0.0276878 0.676973 0.295239 9.9991E-05
0.020316 0.374133 0.605451 9.9991E-05
9.9982E-05 0.923164 9.9982E-05 0.0766364
0.0145388 0.866694 0.0340095 0.0847582
0.102332 0.610207 0.20958 0.0778805
9.9982E-05 0.529794 0.470006 9.9982E-05
0.0398591 0.933175 9.9991E-05 0.0268662
9.9982E-05 0.964962 0.0348383 9.9982E-05
0.210169 9.9991E-05 0.736656 0.0530743
0.155192 9.9982E-05 0.844608 9.9982E-05
9.998E-05 0.9997 9.998E-05 9.998E-05
0.0223282 0.839762 0.0347853 0.103124
9.9991E-05 0.964593 0.00371002 0.0315967
0.17837 9.9991E-05 0.406421 0.415109
0.231875 9.9991E-05 0.494418 0.273607
0.108178 9.9991E-05 0.560266 0.331457
0.137921 9.9991E-05 0.632704 0.229275
0.0906446 0.505738 0.403517 9.9991E-05
9.9982E-05 0.535265 0.464535 9.9982E-05
0.00534878 0.465879 0.528672 9.9991E-05
0.889055 9.9982E-05 9.9982E-05 0.110745
0.0158562 0.0491715 9.9991E-05 0.934872
0.345254 0.00881957 0.639546 0.00638014
0.0323252 9.9991E-05 0.721212 0.246363
0.221129 9.9991E-05 0.72536 0.0534115
0.190367 9.9991E-05 0.672604 0.136929
0.124517 9.9991E-05 0.801304 0.074079
0.109779 0.0445556 0.836215 0.00945081
0.137187 0.0363238 0.826389 9.9991E-05
0.110849 9.9991E-05 0.85653 0.0325208
0.26462 9.9991E-05 0.657642 0.0776378
0.0719998 9.9991E-05 0.862324 0.0655758
0.207722 9.9991E-05 0.73201 0.060168
0.105094 0.0213243 0.860451 0.0131302
0.0939069 0.0291732 0.87682 9.9991E-05
0.168811 0.063434 0.767655 9.9991E-05
0.168544 0.0423831 0.788973 9.9991E-05
0.136593 0.0772842 0.786023 9.9991E-05
0.0819233 0.833132 9.9991E-05 0.0848445
0.0509653 0.804023 0.144912 9.9991E-05
0.0798632 0.89047 0.0112103 0.0184563
0.0208106 0.833976 0.145113 9.9991E-05
0.167704 0.415898 0.416298 9.9991E-05
