0.0316244 9.9991E-05 0.0338511 0.312424 0.622001
0.0326328 9.9991E-05 0.0103178 0.245289 0.711661
0.0801651 0.0191206 0.0358269 0.314945 0.549942
0.0138821 0.0513147 0.0388429 0.269453 0.626507
0.0310012 9.9991E-05 0.0234097 0.203731 0.741758
0.0784111 0.0571881 0.0424482 0.064578 0.757375
0.0970728 0.149436 9.9991E-05 0.179011 0.57438
0.0803402 0.0559709 0.00310427 0.168372 0.692213
9.9982E-05 0.708065 0.0401705 9.9982E-05 0.251565
9.997E-05 9.997E-05 0.9996 9.997E-05 9.997E-05
9.997E-05 9.997E-05 0.9996 9.997E-05 9.997E-05
0.164201 0.814939 9.9982E-05 0.0206602 9.9982E-05
9.9991E-05 0.598685 0.0294623 0.0328875 0.338865
9.9982E-05 0.741068 0.0559284 9.9982E-05 0.202803
9.9982E-05 0.983109 0.0134501 0.00324112 9.9982E-05
9.9973E-05 0.955336 9.9973E-05 0.0443637 9.9973E-05
0.0780595 0.884842 9.9982E-05 9.9982E-05 0.0368985
9.999E-05 0.0468681 0.03941 0.195534 0.718087
9.9982E-05 9.9982E-05 0.0548437 0.0973029 0.847653
0.0406303 9.9991E-05 0.0392753 0.0607267 0.859268
0.00438024 9.9991E-05 0.0310273 0.0363673 0.928125
9.999E-05 0.0213579 0.0136329 0.10408 0.860829
0.0518879 9.9991E-05 0.0162143 0.00431156 0.927486
9.9973E-05 9.9973E-05 0.00041266 9.9973E-05 0.999287
0.141974 0.799816 0.0580102 9.9982E-05 9.9982E-05
0.14786 0.665868 0.0217983 9.9991E-05 0.164374
0.140238 0.686038 0.0538922 0.00710639 0.112726
0.280825 0.600047 0.0595132 0.0120525 0.0475622
0.748921 9.9973E-05 9.9973E-05 9.9973E-05 0.25078
0.861339 9.9982E-05 0.0415817 9.9982E-05 0.0968795
0.30084 0.69367 9.9982E-05 0.00528999 9.9982E-05
0.454992 0.331474 9.9991E-05 0.15366 0.0597736
0.0265783 0.0743182 9.9991E-05 0.177138 0.721866
0.0339796 9.9991E-05 0.0757951 0.1561 0.734025
0.0541865 9.9982E-05 9.9982E-05 0.120001 0.825613
9.997E-05 9.997E-05 9.997E-05 9.997E-05 0.9996
0.130206 9.9991E-05 0.0609024 0.144839 0.663952
0.0121709 9.9991E-05 0.0440459 0.265328 0.678355
0.0186542 9.9991E-05 0.0118621 0.332868 0.636515
0.126435 9.9991E-05 0.00691009 0.143286 0.723269
0.0276268 9.9982E-05 9.9982E-05 0.173335 0.798838
0.10734 9.9982E-05 9.9982E-05 0.207029 0.685431
9.9982E-05 0.252033 0.04691 9.9982E-05 0.700857
9.9982E-05 0.270828 0.00989786 9.9982E-05 0.719074
0.00153971 0.364885 0.00723373 9.9991E-05 0.626242
9.9973E-05 0.39926 9.9973E-05 9.9973E-05 0.60044
9.997E-05 0.9996 9.997E-05 9.997E-05 9.997E-05
9.9982E-05 0.657073 9.9982E-05 0.147327 0.1954
9.9982E-05 0.674436 9.9982E-05 0.0291576 0.296206
0.0879824 0.0160024 0.0316115 0.0428649 0.821539
9.9991E-05 0.0699015 0.0548593 0.1259 0.749239
9.9982E-05 0.39624 0.0304745 9.9982E-05 0.573086
9.997E-05 9.997E-05 0.9996 9.997E-05 9.997E-05
0.731289 9.9982E-05 9.9982E-05 0.22772 0.0407906
0.0745086 0.925192 9.9973E-05 9.9973E-05 9.9973E-05
0.15721 0.754673 9.9982E-05 0.0879171 9.9982E-05
9.997E-05 9.997E-05 9.997E-05 0.9996 9.997E-05
9.997E-05 9.997E-05 9.997E-05 0.9996 9.997E-05
0.123037 0.0276462 9.9991E-05 0.592256 0.256961
9.9991E-05 0.0597949 0.00788241 0.856998 0.0752242
9.9982E-05 9.9982E-05 0.00772965 0.895013 0.0970575
9.9991E-05 0.68911 0.052081 0.0388723 0.219836
0.142628 0.851228 0.00590037 0.000143118 9.9991E-05
0.226498 0.745779 0.0275225 9.9982E-05 9.9982E-05
0.139702 0.819501 0.0405968 9.9982E-05 9.9982E-05
0.740065 0.259635 9.9973E-05 9.9973E-05 9.9973E-05
0.739636 0.0234239 9.9991E-05 0.0383784 0.198462
9.9973E-05 0.990876 9.9973E-05 0.00882394 9.9973E-05
9.9982E-05 0.906035 9.9982E-05 0.0207145 0.0730506
0.27967 0.525426 0.0312014 0.0310941 0.132609
0.7957 0.102646 0.00620141 0.0392492 0.0562036
0.00323238 0.97096 0.0256076 9.9982E-05 9.9982E-05
9.9973E-05 0.965736 0.0339639 9.9973E-05 9.9973E-05
9.9973E-05 9.9973E-05 9.9973E-05 0.269204 0.730496
0.015294 9.9991E-05 0.115002 0.157266 0.712338
0.00978827 0.986903 0.00310907 9.9982E-05 9.9982E-05
0.159539 0.811567 9.9982E-05 0.0286944 9.9982E-05
0.0471789 0.917842 9.9982E-05 0.034779 9.9982E-05
0.01914 0.225794 0.0437517 0.0496476 0.661667
0.00522032 0.146012 0.0382149 0.154501 0.656052
0.110738 0.0650916 0.113305 9.9991E-05 0.710765
0.0796277 0.0569012 0.0875764 0.100204 0.675691
0.970668 0.00628637 0.0169382 0.00600721 9.9991E-05
0.973001 9.9973E-05 0.0266996 9.9973E-05 9.9973E-05
0.928615 9.9973E-05 0.0710849 9.9973E-05 9.9973E-05
9.9991E-05 0.0969323 0.0307507 0.810234 0.0619831
9.9991E-05 0.643403 0.105289 0.00201954 0.249189
9.9991E-05 0.00879274 0.0069646 0.22484 0.759303
9.9991E-05 0.088217 0.0362893 0.0728739 0.80252
9.9982E-05 9.9982E-05 0.0358639 0.168428 0.795509
9.9991E-05 0.0531072 0.0197684 0.242936 0.684089
0.0142177 0.0361294 0.0119598 0.23125 0.706443
0.0446397 0.00708641 0.0448701 0.136298 0.767105
9.9982E-05 0.0217591 9.9982E-05 0.0780922 0.899949
9.9982E-05 9.9982E-05 0.0114775 0.134888 0.853435
9.9991E-05 0.0368312 0.040898 0.118593 0.803578
0.0784991 9.9973E-05 9.9973E-05 9.9973E-05 0.921201
9.9982E-05 9.9982E-05 0.0528709 0.110926 0.836004
9.9982E-05 9.9982E-05 0.0705432 0.836165 0.0930921
0.0783123 9.9991E-05 0.0485273 0.733165 0.139895
0.145337 9.9973E-05 9.9973E-05 0.854363 9.9973E-05
0.0573156 9.9991E-05 0.00175329 0.870747 0.0700841
9.9973E-05 9.9973E-05 0.0545447 0.945155 9.9973E-05
0.34713 0.645694 0.00697575 9.9982E-05 9.9982E-05
0.418255 0.556904 9.9982E-05 0.0246405 9.9982E-05
0.275184 0.724516 9.9973E-05 9.9973E-05 9.9973E-05
0.322822 0.676878 9.9973E-05 9.9973E-05 9.9973E-05
0.798678 0.0464297 9.9991E-05 0.0690539 0.0857383
