0.277897 0.060356 9.9991E-05 0.661647
0.325046 0.0131847 9.9991E-05 0.66167
0.391211 0.0234112 0.00260094 0.582777
0.254385 0.0646105 0.0122199 0.668784
0.193416 0.0167431 9.9991E-05 0.789741
0.11915 0.0866528 0.0555661 0.738631
0.310565 0.0249513 0.175613 0.488871
0.177364 0.0237147 0.0868733 0.712048
9.999E-05 0.028747 0.701963 0.26919
9.998E-05 0.9997 9.998E-05 9.998E-05
9.998E-05 0.9997 9.998E-05 9.998E-05
0.111779 9.9982E-05 0.888021 9.9982E-05
9.999E-05 0.0520774 0.53671 0.411113
9.999E-05 0.0503125 0.726879 0.222708
9.999E-05 0.0402774 0.946964 0.0126585
0.0444559 9.9982E-05 0.955344 9.9982E-05
0.0611862 9.9982E-05 0.938614 9.9982E-05
0.210344 0.0323426 0.0277536 0.72956
0.11254 0.0504357 9.9991E-05 0.836924
0.104273 0.0601943 9.9991E-05 0.835432
0.0547285 0.0393114 9.9991E-05 0.90586
0.116136 0.0186086 0.00105051 0.864205
0.0617683 9.9982E-05 9.9982E-05 0.938032
9.998E-05 9.998E-05 9.998E-05 0.9997
9.9991E-05 0.0671179 0.90101 0.0317723
9.9991E-05 0.0209686 0.741627 0.237305
0.0493317 0.0585751 0.777766 0.114328
0.138779 0.076897 0.720343 0.0639811
0.497598 9.9991E-05 0.248256 0.254046
0.686502 0.0361391 0.277259 9.9991E-05
0.142747 0.0278734 0.82928 9.9991E-05
0.498534 9.9991E-05 0.497565 0.00380106
0.198368 9.9991E-05 0.0526418 0.74889
0.189351 0.0711384 9.9991E-05 0.739411
0.106889 0.0193294 9.9991E-05 0.873681
9.9982E-05 0.0255047 9.9982E-05 0.974295
0.293352 0.0835418 9.9991E-05 0.623006
0.296586 0.0270034 9.9991E-05 0.676311
0.38749 0.0124464 9.9991E-05 0.599963
0.149218 0.00371227 0.0309735 0.816097
0.190941 9.9982E-05 9.9982E-05 0.808859
0.30411 9.9991E-05 0.0113048 0.684486
9.9991E-05 0.0180857 0.262893 0.718921
9.9991E-05 0.00572896 0.255672 0.738499
9.9982E-05 9.9982E-05 0.360203 0.639597
9.9982E-05 9.9982E-05 0.352021 0.647779
9.998E-05 9.998E-05 0.9997 9.998E-05
9.9982E-05 9.9982E-05 0.626806 0.372994
9.9982E-05 9.9982E-05 0.59692 0.40288
0.105314 0.0609523 0.0130244 0.82071
0.221903 0.0943144 0.0526282 0.631154
9.9991E-05 0.00994445 0.369525 0.620431
9.9982E-05 0.996871 0.00292911 9.9982E-05
0.741781 0.005261 0.24363 0.0093281
9.998E-05 9.998E-05 0.9997 9.998E-05
0.135378 0.0246194 0.839903 9.9991E-05
0.9997 9.998E-05 9.998E-05 9.998E-05
0.9997 9.998E-05 9.998E-05 9.998E-05
0.618892 9.9991E-05 0.0451022 0.335906
0.633717 0.034372 0.0360366 0.295874
0.744386 0.0161397 9.9991E-05 0.239374
9.9991E-05 0.0409157 0.687031 0.271953
0.0558848 0.0207762 0.923239 9.9991E-05
0.067075 0.0499576 0.882867 9.9991E-05
0.0833461 0.0607382 0.855816 9.9991E-05
0.40967 9.9982E-05 0.59013 9.9982E-05
0.577562 0.0210273 0.307434 0.0939774
0.0217402 9.9982E-05 0.97806 9.9982E-05
0.0245864 9.9991E-05 0.922658 0.0526555
0.292357 0.0207156 0.631864 0.055063
0.525939 0.0407485 0.417803 0.0155097
9.9982E-05 0.0325289 0.967271 9.9982E-05
9.9991E-05 0.0634136 0.931863 0.0046229
0.284851 0.00877345 9.9991E-05 0.706276
0.180781 0.0953385 9.9991E-05 0.723781
9.998E-05 9.998E-05 0.9997 9.998E-05
0.0911217 0.0251269 0.883651 9.9991E-05
0.0754355 9.9982E-05 0.924365 9.9982E-05
0.00414477 0.0298522 0.187509 0.778494
0.146944 0.0323632 0.122363 0.69833
9.9991E-05 0.10999 0.0977431 0.792167
0.10093 0.103317 0.0928397 0.702913
0.600704 0.00496615 0.39423 9.9991E-05
0.534424 0.0352703 0.430206 9.9991E-05
0.632116 0.0509672 0.316817 9.9991E-05
0.701303 0.0234552 0.0692394 0.206003
9.9991E-05 0.0684068 0.574134 0.357359
0.131299 0.0378589 9.9991E-05 0.830742
0.0273414 0.0588296 0.07375 0.840079
0.0931831 0.0326921 9.9991E-05 0.874025
0.23837 0.0180682 0.0491204 0.694442
0.270741 9.9991E-05 0.0116464 0.717512
0.226993 0.0153415 9.9991E-05 0.757565
0.0809077 0.00630108 0.00357822 0.909213
0.115888 0.0116163 9.9991E-05 0.872396
0.0612902 0.0627059 0.0211676 0.854836
0.048946 9.9982E-05 9.9982E-05 0.950854
0.160203 0.0382085 9.9991E-05 0.801488
0.840296 0.0523709 9.9991E-05 0.107233
0.879537 0.0210279 9.9991E-05 0.0993349
0.9997 9.998E-05 9.998E-05 9.998E-05
0.933652 0.0194806 9.9991E-05 0.0467676
0.963401 0.0363995 9.9982E-05 9.9982E-05
0.108608 0.0391991 0.852093 9.9991E-05
0.267456 9.9982E-05 0.732344 9.9982E-05
0.116876 0.0150947 0.86793 9.9991E-05
0.17513 9.9991E-05 0.819327 0.00544297
0.59807 0.0122188 0.38826 0.00145108
