9.9991E-05 0.0135024 0.925865 0.0605323
9.9982E-05 9.9982E-05 0.945356 0.0544437
0.0556849 0.0938676 0.847667 0.00278042
0.0123148 0.110874 0.819006 0.0578053
0.0415764 0.061294 0.89703 9.9991E-05
0.0402651 0.0904871 0.613428 0.25582
0.0361937 0.00388077 0.874541 0.0853847
0.0210809 0.0469393 0.732026 0.199954
9.9982E-05 9.9982E-05 0.847072 0.152728
0.0763908 0.117871 0.732258 0.0734798
0.0471069 9.9991E-05 0.791513 0.16128
0.309831 0.121539 0.0150275 0.553603
0.567753 0.0853306 0.0798246 0.267091
0.377129 0.0423933 0.119811 0.460667
0.350973 0.166221 0.101076 0.38173
0.38895 0.181566 0.151078 0.278406
0.529068 0.205224 0.0493931 0.216315
0.473823 0.143544 0.0107665 0.371867
0.401552 0.0362544 0.222078 0.340116
0.12861 0.0247079 0.142158 0.704524
0.48042 0.150225 0.00780936 0.361545
0.438093 0.173954 0.0296096 0.358343
0.640834 0.0760274 0.0120011 0.271137
0.377399 0.105172 0.0283823 0.489046
0.562317 0.241916 0.144838 0.0509294
0.588761 0.0951196 0.0819196 0.2342
0.290733 0.12411 0.073805 0.511352
0.304399 0.160911 0.106851 0.427838
0.329519 0.0258753 0.0753211 0.569285
0.0504656 0.114248 0.835186 9.9991E-05
0.109483 0.051022 0.839396 9.9991E-05
0.166389 0.0263104 0.8072 9.9991E-05
0.191093 0.0736369 0.73517 9.9991E-05
0.703006 9.9991E-05 0.0399235 0.25697
0.596758 0.0383177 0.0761168 0.288808
0.792624 9.9991E-05 0.0414905 0.165785
0.287305 9.9991E-05 0.178815 0.533779
0.580189 9.9982E-05 9.9982E-05 0.419611
0.618603 0.0609039 0.100983 0.21951
0.7971 0.0377621 0.023502 0.141636
0.751413 0.0182754 0.133835 0.0964768
0.721821 0.0396248 0.11746 0.121094
0.401098 9.9991E-05 0.0101786 0.588624
0.671767 0.107931 0.102193 0.118109
0.740694 0.0197027 0.00262849 0.236975
0.618279 0.105866 0.122322 0.153533
0.627184 9.9982E-05 9.9982E-05 0.372616
0.756386 0.0163562 0.0369597 0.190298
0.575835 0.194613 0.0768943 0.152658
0.0865724 9.9991E-05 0.0548093 0.858518
0.313281 0.0138253 9.9991E-05 0.672793
0.0740059 0.129173 0.0346718 0.76215
0.672612 0.129372 0.0756098 0.122406
0.640988 0.111656 0.171624 0.075731
0.653803 0.0954177 0.0238347 0.226944
0.268502 9.9991E-05 0.164008 0.56739
0.634213 0.0387765 0.0613395 0.265671
0.565183 0.155927 0.0825247 0.196365
0.466109 0.0314648 0.135271 0.367155
0.167355 0.0391071 0.237962 0.555575
0.596573 0.0536608 0.154166 0.1956
0.511976 0.0769895 0.0786702 0.332364
0.153622 9.9991E-05 0.0766002 0.769678
0.533603 0.112145 9.9991E-05 0.354153
0.555358 0.183314 0.00984874 0.251479
0.628607 0.0895082 0.144895 0.13699
0.33203 0.0715425 0.0472979 0.549129
0.474875 0.146204 9.9991E-05 0.378821
0.703989 0.01753 0.0874394 0.191041
0.323414 9.9991E-05 0.117642 0.558845
0.789254 9.9991E-05 0.00436895 0.206277
0.515754 9.9982E-05 9.9982E-05 0.484046
0.627723 0.0478617 0.104394 0.220021
0.270649 9.9982E-05 9.9982E-05 0.729151
0.230665 9.9982E-05 9.9982E-05 0.769135
0.593464 9.9982E-05 9.9982E-05 0.406336
0.660491 9.9991E-05 0.0333615 0.306048
0.637484 0.0759138 0.132235 0.154367
0.628754 0.0232534 0.0702599 0.277732
0.423218 9.9991E-05 0.0550624 0.52162
0.454807 9.9991E-05 0.0707678 0.474326
0.675944 0.0601253 0.114055 0.149876
0.5315 0.0441119 0.0187626 0.405625
0.610017 9.9991E-05 0.0443062 0.345577
0.656312 9.9982E-05 9.9982E-05 0.343488
0.175481 0.0310854 9.9991E-05 0.793334
0.68649 0.0919516 0.0252011 0.196357
0.130714 0.0369561 0.832229 9.9991E-05
0.058677 9.9982E-05 0.941123 9.9982E-05
0.0733542 0.0628384 0.863707 9.9991E-05
0.0572806 0.0101388 0.932481 9.9991E-05
0.0492019 0.0694696 0.881229 9.9991E-05
0.0540886 0.0335422 0.912269 9.9991E-05
0.0512398 0.011018 0.937642 9.9991E-05
0.632843 0.107811 0.12304 0.136305
0.580612 0.121989 0.0283082 0.269091
0.359742 9.9982E-05 9.9982E-05 0.640058
0.675979 0.0734034 0.114385 0.136232
0.678472 9.9991E-05 0.0242196 0.297208
0.803732 0.0155491 0.0883621 0.092357
0.733846 9.9991E-05 0.0159092 0.250145
0.60985 0.0967803 9.9991E-05 0.29327
0.23831 9.9991E-05 0.0231911 0.738399
0.72388 9.9991E-05 0.168975 0.107045
0.732702 0.0456402 0.0445569 0.177101
0.638372 0.12865 0.0639123 0.169066
0.549458 0.0105485 9.9991E-05 0.439893
0.720238 0.00981218 9.9991E-05 0.26985
0.544913 9.9991E-05 0.0609676 0.394019
0.61877 0.0114758 9.9991E-05 0.369654
0.645264 9.9991E-05 0.0817622 0.272874
0.554741 0.111709 0.160206 0.173344
0.325057 0.0610908 0.103211 0.510641
0.436276 0.107187 0.217051 0.239485
0.643411 0.135305 0.0593569 0.161927
0.652621 0.0924717 0.0722815 0.182626
0.568522 0.0141534 0.0611333 0.356191
0.693875 0.0400152 0.0115576 0.254552
0.622435 9.9991E-05 0.108248 0.269217
0.677183 9.9991E-05 0.0785144 0.244203
0.602389 0.0398927 0.0705186 0.287199
0.78175 9.9991E-05 0.0884115 0.129739
0.63794 9.9982E-05 9.9982E-05 0.36186
0.691775 0.126504 0.0196019 0.16212
0.585924 0.202059 0.0592182 0.152799
0.612995 0.148173 9.9991E-05 0.238732
0.59705 0.0748774 0.115944 0.212128
0.532543 0.120429 0.0601192 0.286909
0.390952 0.0777612 0.150943 0.380344
0.615802 0.137585 9.9991E-05 0.246513
0.632315 0.157392 0.0194988 0.190795
0.370548 0.0848871 0.0320361 0.512529
0.223702 0.10664 0.0854922 0.584166
0.581999 0.0760105 0.119548 0.222443
0.137926 0.123022 9.9991E-05 0.738952
0.401543 9.9991E-05 0.0800591 0.518298
0.514143 9.9991E-05 0.0592172 0.426539
0.474569 9.9991E-05 0.0656878 0.459643
0.377938 9.9991E-05 0.0503226 0.57164
0.563398 0.1167 0.0373841 0.282519
0.621717 0.0700531 0.166031 0.142198
0.539557 0.140652 0.0715501 0.248241
0.149216 0.11275 0.0370096 0.701024
0.507038 0.0316261 0.194016 0.26732
0.603444 0.0923782 0.0548999 0.249278
0.0272764 0.067827 0.171006 0.73389
0.676486 0.0947002 0.128269 0.100544
0.366005 0.0848642 0.093522 0.455609
0.5445 0.0525452 0.141462 0.261493
0.31179 0.080677 0.0992407 0.508292
0.272775 9.9991E-05 0.109146 0.61798
0.50518 0.0134137 0.0479243 0.433482
0.462407 0.177721 0.0623564 0.297516
0.425137 0.0346263 0.224293 0.315944
0.04249 0.220031 0.0876552 0.649824
0.552958 0.127126 0.10213 0.217786
0.528348 9.9982E-05 9.9982E-05 0.471452
0.563741 0.0386878 0.0284233 0.369148
0.608265 0.110647 0.125146 0.155942
0.156821 0.309903 0.317863 0.215413
9.9991E-05 0.213699 0.595736 0.190465
9.9991E-05 0.241886 0.473863 0.284152
0.0143758 0.399224 0.405388 0.181013
0.67586 0.0861288 9.9991E-05 0.237911
0.54276 0.167762 0.103298 0.186181
0.28719 0.71261 9.9982E-05 9.9982E-05
0.395226 0.447948 0.098355 0.0584704
0.408668 0.460608 0.0627008 0.0680233
0.395116 0.0821148 9.9991E-05 0.522669
0.577322 0.1207 0.0902788 0.211699
0.247691 0.141993 9.9991E-05 0.610216
0.668891 0.0692402 0.0744745 0.187394
0.52489 0.118904 0.0487368 0.307469
0.629947 0.119642 9.9991E-05 0.250312
0.280523 0.0736317 9.9991E-05 0.645745
0.672164 0.132043 0.0894416 0.106351
0.631266 0.0781798 0.0658029 0.224752
0.0568814 0.942919 9.9982E-05 9.9982E-05
0.0876361 0.912164 9.9982E-05 9.9982E-05
0.33778 0.599194 0.0409884 0.0220383
0.267042 0.732758 9.9982E-05 9.9982E-05
0.123294 0.868267 0.00271876 0.00572061
9.998E-05 0.9997 9.998E-05 9.998E-05
9.9982E-05 0.98561 0.0141902 9.9982E-05
0.176533 0.823267 9.9982E-05 9.9982E-05
0.0112786 0.988521 9.9982E-05 9.9982E-05
9.998E-05 0.9997 9.998E-05 9.998E-05
9.998E-05 0.9997 9.998E-05 9.998E-05
0.165463 0.813581 0.0208554 9.9991E-05
0.124897 0.779182 0.0958215 9.9991E-05
0.00287416 0.975218 9.9991E-05 0.0218082
0.363382 0.44803 0.0468612 0.141727
0.272735 0.608614 0.100925 0.0177269
0.136998 0.803794 0.0256326 0.0335755
0.106181 0.893619 9.9982E-05 9.9982E-05
0.0269354 0.972865 9.9982E-05 9.9982E-05
0.0537855 0.869325 0.076789 9.9991E-05
9.998E-05 0.9997 9.998E-05 9.998E-05
0.248918 0.67432 0.0766624 9.9991E-05
0.04287 0.889078 0.00451115 0.0635412
9.9991E-05 0.128577 0.356435 0.514888
0.409885 0.135551 0.176792 0.277773
0.415842 0.118773 0.262034 0.203351
0.190885 0.169027 0.249222 0.390866
0.472183 0.160717 0.173482 0.193618
0.214707 0.183915 0.274364 0.327014
0.469579 0.145999 0.199 0.185422
0.345109 0.213403 0.183113 0.258375
0.444124 0.198752 0.165651 0.191473
0.263327 0.301848 0.197448 0.237378
0.35544 0.238492 0.13154 0.274528
0.0507011 9.9991E-05 0.856036 0.0931627
9.9982E-05 0.0450767 0.954723 9.9982E-05
0.00822642 9.9982E-05 0.991574 9.9982E-05
0.0209511 9.9991E-05 0.955905 0.0230435
9.9991E-05 0.0843357 0.907421 0.00814357
9.9982E-05 0.0859277 0.913872 9.9982E-05
9.9982E-05 0.0871754 0.912625 9.9982E-05
0.00909089 9.9991E-05 0.974558 0.016251
0.0540589 0.0259387 0.919902 9.9991E-05
9.9991E-05 0.113293 0.86843 0.0181768
9.9982E-05 9.9982E-05 0.67787 0.32193
9.9982E-05 9.9982E-05 0.649443 0.350357
9.9982E-05 9.9982E-05 0.60692 0.39288
9.9982E-05 9.9982E-05 0.552064 0.447736
0.671427 9.9991E-05 0.0899118 0.238561
0.700829 0.0620486 0.0079994 0.229123
0.644013 0.0479613 0.0345472 0.273478
0.529342 9.9991E-05 0.0971138 0.373444
0.316663 9.9991E-05 0.0277592 0.655478
0.75824 0.0451867 9.9991E-05 0.196473
0.713701 0.0778295 9.9991E-05 0.208369
0.652628 0.0611051 9.9991E-05 0.286167
0.617916 0.0167804 9.9991E-05 0.365204
0.793161 0.00617148 0.0883566 0.112311
0.697859 9.9991E-05 0.015114 0.286927
0.148373 9.9982E-05 9.9982E-05 0.851427
0.589035 0.0379428 0.0955626 0.277459
0.494406 0.0121879 9.9991E-05 0.493306
0.653798 0.0470179 9.9991E-05 0.299084
0.330826 9.9991E-05 0.0466258 0.622448
0.0297548 9.9991E-05 0.248494 0.721651
0.0758747 0.00202283 0.216931 0.705171
0.0645399 9.9991E-05 0.166529 0.768831
0.0198261 9.9991E-05 0.226864 0.75321
0.0368739 0.0351063 0.127081 0.800939
0.124294 0.0298658 0.190867 0.654973
0.0883098 0.0473434 0.864247 9.9991E-05
0.0936651 0.0271991 0.879036 9.9991E-05
0.0652688 0.180665 0.753966 9.9991E-05
0.0637164 0.0868476 0.849336 9.9991E-05
0.102476 0.0605269 0.836897 9.9991E-05
9.9982E-05 9.9982E-05 0.505056 0.494744
9.9982E-05 9.9982E-05 0.544621 0.455179
9.9982E-05 9.9982E-05 0.549641 0.450159
0.0792069 0.0830033 0.83769 9.9991E-05
9.9982E-05 9.9982E-05 0.450925 0.548876
0.233391 0.460021 0.211964 0.0946232
0.640398 0.218679 0.140823 9.9991E-05
0.485602 0.30387 0.210428 9.9991E-05
0.397968 0.246684 0.300605 0.0547437
0.494892 0.185758 0.212402 0.106947
9.9991E-05 0.37152 0.455722 0.172657
0.558834 9.9991E-05 0.051824 0.389242
0.382897 0.0536743 0.00853486 0.554894
0.362365 9.9991E-05 0.163976 0.47356
0.557558 0.0402334 9.9991E-05 0.402109
9.9982E-05 0.012132 9.9982E-05 0.987668
0.493558 0.201833 0.00177498 0.302834
0.545137 0.0640817 0.0427398 0.348042
0.472639 9.9991E-05 0.0831684 0.444093
0.594632 0.0992179 0.0965811 0.209569
0.21328 0.069695 0.0117745 0.705251
0.422597 0.104586 9.9991E-05 0.472717
0.574187 0.08378 0.0283715 0.313661
0.409083 0.251043 0.11346 0.226414
0.394457 0.0903269 9.9991E-05 0.515116
0.495284 0.103949 0.0191881 0.381579
0.501311 0.13842 9.9991E-05 0.360168
0.652358 9.9991E-05 0.0512349 0.296307
0.670868 0.109053 0.0171661 0.202913
0.523505 0.156721 0.041557 0.278217
0.523507 0.168576 0.0371089 0.270808
0.101757 0.118109 0.780034 9.9991E-05
0.0554982 0.0856589 0.850432 0.00841136
0.0578785 0.0321555 0.824257 0.0857087
0.0378687 0.0395448 0.853497 0.0690899
0.115301 0.0507841 0.833815 9.9991E-05
0.21993 0.0841659 0.0991188 0.596785
0.586451 0.104099 0.0705847 0.238865
0.407615 0.21652 0.190387 0.185478
0.745174 0.0947911 0.00537679 0.154658
0.624619 0.0651107 0.089401 0.22087
0.379314 0.0535092 0.0787076 0.488469
0.0814707 9.9991E-05 0.224468 0.693961
0.627187 0.0427306 0.103946 0.226136
0.224758 0.0441047 0.143454 0.587683
0.515254 0.103585 0.0569742 0.324187
0.159192 0.0611935 0.159124 0.620491
0.643343 0.119655 0.119799 0.117203
0.273922 0.00713959 0.163786 0.555153
0.33233 0.143905 0.0526672 0.471098
0.549935 0.0630039 0.0809248 0.306136
0.301318 0.0806775 0.0549919 0.563012
0.623839 0.0502319 0.0812768 0.244652
0.587476 0.0873204 0.134353 0.190851
0.368658 0.0690146 9.9991E-05 0.562227
0.545345 0.0734322 0.120672 0.260551
0.653069 9.9991E-05 0.146645 0.200186
0.240501 9.9982E-05 9.9982E-05 0.759299
0.382428 0.0254036 9.9991E-05 0.592068
0.599915 0.0293789 0.0339941 0.336712
0.26459 9.9991E-05 0.0286194 0.706691
0.559726 0.0288335 0.0301274 0.381313
0.184137 0.0234989 0.117162 0.675202
0.336461 0.0501843 9.9991E-05 0.613254
0.447257 0.0454872 0.0879376 0.419318
0.677552 0.153412 0.0193188 0.149716
0.325874 0.0422785 9.9991E-05 0.631747
0.430355 0.146874 0.171959 0.250811
0.583174 0.206137 0.0121892 0.1985
0.600212 0.0834543 0.0793932 0.236941
0.510761 0.113167 0.0703423 0.30573
0.488339 0.0512514 0.0843557 0.376054
0.267058 0.135434 9.9991E-05 0.597408
0.3376 0.115014 0.0310942 0.516291
0.694549 0.0462921 9.9991E-05 0.259059
0.511982 0.118585 0.14018 0.229253
0.495342 0.038768 0.137859 0.328031
0.571387 0.126207 9.9991E-05 0.302306
0.448636 0.0202428 0.130183 0.400938
0.768628 0.0316252 0.0497207 0.150026
0.587586 0.104962 0.0671313 0.240322
0.545837 0.0516969 0.127019 0.275447
0.522533 0.0683609 0.409006 9.9991E-05
0.513036 0.247847 0.138455 0.100662
0.525515 0.220355 0.14294 0.11119
0.584389 0.204532 0.11635 0.0947286
0.508586 0.263143 0.20318 0.0250906
0.484549 0.0895146 9.9991E-05 0.425836
0.590222 0.142324 0.155641 0.111814
9.9991E-05 0.24113 0.28596 0.472811
0.512168 0.238223 0.148868 0.100741
0.590575 0.242194 0.0847431 0.0824881
0.528991 0.280884 0.10092 0.0892046
0.322285 0.173239 0.235398 0.269078
0.611155 0.188602 0.143307 0.0569355
0.533086 0.273021 0.167922 0.0259715
9.9991E-05 0.236524 0.515808 0.247568
0.544631 0.19712 0.192818 0.0654311
0.554982 0.224153 0.215284 0.00558161
0.656028 0.163577 0.126575 0.0538199
0.554118 0.267191 0.178591 9.9991E-05
0.576663 0.161314 0.215627 0.0463957
0.526744 0.11789 0.043291 0.312075
0.596407 0.0822699 0.103118 0.218205
0.134055 0.0290414 9.9991E-05 0.836803
0.0872651 0.0540747 9.9991E-05 0.85856
0.479567 0.192547 0.0534 0.274486
0.34241 0.441218 0.0974295 0.118942
0.355413 0.449349 0.0562541 0.138984
0.0826849 0.415742 0.222493 0.27908
0.406963 0.311587 0.245276 0.0361751
0.115112 0.199956 0.0982714 0.586661
0.175624 0.198168 0.0879282 0.538279
0.606559 0.184457 0.0245941 0.184389
0.472777 0.181775 0.0118112 0.333637
0.266676 0.222179 0.0600736 0.451071
0.590272 0.137761 0.101045 0.170922
0.639077 0.178854 9.9991E-05 0.181969
0.52093 0.197622 0.114096 0.167352
0.483121 9.9991E-05 0.0337719 0.483007
0.441485 0.0759514 9.9991E-05 0.482463
0.59671 0.186611 9.9991E-05 0.216579
0.481963 0.149959 0.0402484 0.32783
0.48859 0.128969 0.116587 0.265854
0.582967 0.023923 9.9991E-05 0.39301
0.346552 0.0166168 9.9991E-05 0.636731
0.618138 0.0749906 0.0314051 0.275466
0.573754 0.0556519 0.0904251 0.280169
0.391282 0.0440197 9.9991E-05 0.564599
0.544149 0.09432 0.0450313 0.3165
0.572895 0.140554 0.0581378 0.228414
0.621403 0.0305535 0.0233123 0.324731
0.452195 0.315235 0.138568 0.0940014
0.381635 0.228498 0.190774 0.199093
0.264142 0.345129 0.177479 0.21325
0.324353 0.298863 0.157919 0.218866
0.499431 0.257494 0.111499 0.131576
0.338594 0.282315 0.122835 0.256256
9.9991E-05 0.242569 0.163004 0.594327
0.498938 0.331581 0.0650063 0.104475
9.9991E-05 0.208574 0.391931 0.399395
0.505025 0.275228 0.0826962 0.137051
0.344774 0.00446793 9.9991E-05 0.650658
0.125849 0.00910271 9.9991E-05 0.864949
0.613044 9.9982E-05 9.9982E-05 0.386756
0.745147 0.0851576 0.0530452 0.11665
0.601287 9.9982E-05 9.9982E-05 0.398514
0.632558 0.0492801 9.9991E-05 0.318062
0.699054 0.046396 9.9991E-05 0.25445
0.0714291 0.0571807 0.847779 0.0236116
9.9991E-05 0.119862 0.750501 0.129537
9.9982E-05 0.0810699 0.91873 9.9982E-05
0.0304264 9.9982E-05 0.969374 9.9982E-05
0.637946 0.0170218 0.102075 0.242957
0.680876 0.0614871 0.0799181 0.177719
0.696225 9.9991E-05 0.0423359 0.261339
0.732207 9.9991E-05 0.139479 0.128214
0.720755 0.00777803 0.0994633 0.172003
0.465145 9.9991E-05 0.0122927 0.522462
0.842567 0.0220274 9.9991E-05 0.135306
0.608657 9.9982E-05 9.9982E-05 0.391143
0.46601 0.197982 0.277953 0.0580545
0.584682 0.0703213 9.9991E-05 0.344897
0.604601 9.9982E-05 9.9982E-05 0.395199
0.749865 9.9982E-05 9.9982E-05 0.249935
0.642654 9.9982E-05 9.9982E-05 0.357146
0.773632 0.0400135 0.022008 0.164346
0.774196 9.9991E-05 0.104492 0.121212
0.411796 9.9982E-05 9.9982E-05 0.588004
0.441334 0.023639 9.9991E-05 0.534927
0.570618 9.9991E-05 0.00560615 0.423676
0.162659 9.9982E-05 9.9982E-05 0.837141
0.597352 9.9991E-05 0.0305709 0.371977
0.327478 9.9982E-05 9.9982E-05 0.672322
0.178525 9.9982E-05 9.9982E-05 0.821275
0.735618 0.0499305 0.00907702 0.205375
0.447385 9.9991E-05 0.08495 0.467565
0.597921 0.069978 0.00888466 0.323217
0.69086 0.0452342 0.139519 0.124388
0.753289 9.9991E-05 0.0116572 0.234954
0.368424 0.101788 9.9991E-05 0.529688
0.726178 0.00866469 0.0326191 0.232538
0.674351 0.0341616 0.0498566 0.241631
0.534432 9.9982E-05 9.9982E-05 0.465368
0.602309 0.138364 0.0948894 0.164438
0.00449091 9.9991E-05 0.703949 0.29146
0.0826977 9.9991E-05 0.801893 0.11531
9.9982E-05 9.9982E-05 0.840141 0.159659
9.9982E-05 9.9982E-05 0.853005 0.146795
0.0224025 9.9991E-05 0.78922 0.188277
0.39991 9.9991E-05 0.0240987 0.575892
0.415647 9.9982E-05 9.9982E-05 0.584153
0.426143 9.9982E-05 9.9982E-05 0.573657
0.62255 0.089494 0.135349 0.152607
0.589373 0.149208 0.146312 0.115107
0.503043 0.0470587 0.0580232 0.391875
0.658096 0.124639 9.9991E-05 0.217165
0.641006 0.0161521 0.0153548 0.327487
0.75684 0.0431915 0.0238447 0.176124
0.687215 0.0514191 0.0119726 0.249394
0.51667 9.9982E-05 9.9982E-05 0.48313
0.620343 9.9982E-05 9.9982E-05 0.379457
0.573 9.9991E-05 0.00903083 0.417869
0.745724 9.9991E-05 0.12316 0.131016
0.636764 9.9991E-05 0.0150339 0.348102
0.659533 0.00993106 0.0155162 0.315019
0.343894 0.492788 0.0593107 0.104007
0.401394 0.438593 0.148743 0.0112697
0.365171 0.556198 0.0785315 9.9991E-05
0.35628 0.514062 0.129558 9.9991E-05
0.501555 0.358746 0.139599 9.9991E-05
0.693951 0.0285932 0.0563946 0.221061
0.0935516 0.638657 0.267691 9.9991E-05
0.402597 0.458701 0.138602 9.9991E-05
0.493001 0.110839 0.218376 0.177784
0.63327 0.0617625 0.184572 0.120396
0.547243 0.0418536 0.183508 0.227395
0.568926 0.117693 0.142246 0.171135
0.702927 0.0249792 0.190684 0.08141
0.318175 0.484025 0.1977 9.9991E-05
0.344922 0.381049 0.201318 0.0727118
0.377006 0.584944 0.0379501 9.9991E-05
0.553524 0.289649 0.144144 0.0126832
0.275894 0.56415 0.159856 9.9991E-05
0.401402 0.389648 0.123303 0.0856472
0.23695 0.609775 0.0960093 0.0572657
0.385621 0.487806 0.0479669 0.0786058
0.553016 0.115529 0.0880589 0.243396
0.295731 0.42704 0.192638 0.0845904
0.0831391 0.699108 0.217652 9.9991E-05
0.39465 0.423899 0.111971 0.0694802
0.23935 0.017771 0.233873 0.509006
0.575337 0.179093 0.000780486 0.244789
0.470758 0.360098 0.169044 9.9991E-05
0.662451 0.0716732 0.128409 0.137467
0.595344 0.0128362 0.211906 0.179913
0.417117 0.278069 0.147692 0.157122
0.340302 0.331007 0.256969 0.0717227
0.595334 0.248106 0.0658756 0.0906845
0.331675 0.444944 0.0979307 0.12545
0.366382 0.551923 0.0815952 9.9991E-05
0.169257 0.58432 0.246323 9.9991E-05
0.600724 0.138436 0.112992 0.147848
0.608349 9.9991E-05 0.16559 0.225961
0.150249 0.162405 0.124147 0.563199
0.722774 0.0893509 0.132021 0.0558544
0.455767 0.0857802 0.106774 0.351679
0.459191 0.186048 0.190919 0.163842
0.510482 0.169008 0.149159 0.171351
9.9991E-05 0.288587 0.338593 0.37272
9.9991E-05 0.228325 0.331899 0.439676
0.286346 0.206512 0.12873 0.378412
9.9991E-05 0.289179 0.328803 0.381919
9.9991E-05 0.32463 0.46383 0.211441
0.406991 0.197043 0.17215 0.223816
0.40067 0.184098 0.281786 0.133446
0.186277 0.260526 0.278657 0.27454
0.113793 0.269601 0.292002 0.324603
0.405201 0.266456 0.105404 0.222939
0.159832 0.254706 0.202681 0.38278
9.9991E-05 0.176272 0.472012 0.351617
0.505786 0.282788 0.124866 0.0865606
0.380287 0.334699 0.133704 0.15131
0.481757 0.18105 0.337093 9.9991E-05
0.530257 0.238798 0.230845 9.9991E-05
0.550256 0.132606 0.234406 0.0827319
0.542528 0.2594 0.171603 0.0264696
0.409507 0.357435 0.115421 0.117637
0.307341 0.249967 0.421096 0.0215955
0.585877 0.180124 0.205638 0.0283605
0.462402 0.296151 0.241347 9.9991E-05
0.273561 0.334878 0.20504 0.186522
0.315234 0.179897 0.186515 0.318354
0.526536 0.178796 0.239099 0.0555694
0.541474 0.188635 0.192298 0.0775932
0.728015 0.0928858 0.1323 0.0467991
0.321823 0.362677 0.25538 0.060121
0.56784 0.191276 0.210088 0.0307967
0.201884 0.251561 0.397861 0.148695
0.541674 0.252698 0.168281 0.0373479
0.126203 0.43934 0.245113 0.189344
9.9991E-05 0.0362472 0.815678 0.147975
0.2041 9.9991E-05 0.18989 0.60591
9.9982E-05 9.9982E-05 0.194842 0.804958
0.0519945 9.9991E-05 0.198199 0.749706
0.0637765 9.9991E-05 0.118993 0.817131
0.124628 0.00367674 0.19611 0.675585
0.143726 9.9991E-05 0.166882 0.689292
0.00758128 9.9991E-05 0.172573 0.819746
0.10912 9.9991E-05 0.334344 0.556436
0.0311461 0.0125109 0.951251 0.00509186
0.0308861 0.0159081 0.839851 0.113355
0.0414411 0.0672146 0.891244 9.9991E-05
0.0219191 9.9991E-05 0.893469 0.0845114
9.9991E-05 0.047113 0.932701 0.0200857
0.00269283 0.00703292 0.938636 0.0516379
0.0463775 0.145225 0.76045 0.0479476
0.0287287 0.0611325 0.910039 9.9991E-05
0.0779949 0.0789132 0.709911 0.133181
0.0103208 0.0589492 0.93063 9.9991E-05
9.9982E-05 9.9982E-05 0.960933 0.0388673
0.00317211 0.0725093 0.852973 0.0713459
9.9982E-05 0.0172888 0.982511 9.9982E-05
0.0278807 0.0496616 0.922358 9.9991E-05
0.0760257 0.0266893 0.897185 9.9991E-05
0.0955041 0.0727438 0.831652 9.9991E-05
0.0446599 0.175026 0.780214 9.9991E-05
0.105874 0.0874445 0.806581 9.9991E-05
0.0937148 0.0659087 0.840277 9.9991E-05
0.477499 0.0573033 0.180161 0.285037
0.796905 9.9991E-05 0.164227 0.0387685
0.636194 0.138506 0.0802987 0.145002
0.188143 0.0998442 0.0670061 0.645007
0.646352 0.0153203 0.136098 0.202229
0.0835738 0.138516 0.180506 0.597404
0.712965 0.091135 0.0701921 0.125708
0.489288 9.9991E-05 0.166434 0.344179
0.65085 0.0313229 0.0867414 0.231086
0.633533 0.0172894 0.107668 0.24151
0.546917 0.0411345 0.144756 0.267193
0.805911 9.9991E-05 0.0897546 0.104234
0.622877 0.0201437 0.160169 0.19681
0.141102 0.0715276 0.0237994 0.763571
9.9991E-05 0.0655709 0.0683 0.866029
0.152151 0.11954 0.0488365 0.679472
0.656159 0.0996177 0.104533 0.13969
0.555589 0.0532609 0.141111 0.250039
0.558462 0.055835 0.161211 0.224492
0.682238 0.079792 0.077598 0.160372
0.537696 0.253018 0.196663 0.012623
0.541478 0.205677 0.173084 0.0797607
0.170506 0.158066 0.446177 0.225251
0.580005 0.125425 0.213118 0.0814511
0.420857 0.200471 0.17144 0.207232
9.9991E-05 0.222624 0.43805 0.339226
0.34352 0.231525 0.314086 0.110869
0.369914 0.176415 0.375764 0.077907
0.472386 0.0819067 0.353762 0.0919457
0.439027 0.274651 0.163397 0.122925
0.621931 0.18784 0.19013 9.9991E-05
0.618025 0.208324 0.147303 0.0263487
0.373356 0.233529 0.138936 0.25418
0.268505 0.253702 0.446725 0.0310678
