9.9964E-05 0.0134044 0.323424 0.538139 9.9964E-05 0.0033246 9.9964E-05 0.0829045 9.9964E-05 0.0384035
0.0210315 0.00775568 0.345503 0.60935 9.9964E-05 0.0069912 9.9964E-05 9.9964E-05 9.9964E-05 0.00896874
9.9964E-05 9.9964E-05 0.258845 0.544128 9.9964E-05 9.9964E-05 0.0933496 0.0471976 0.00702569 0.0490537
0.0159558 9.9964E-05 0.249635 0.553382 9.9964E-05 9.9964E-05 9.9964E-05 0.0191758 0.0698356 0.0916164
0.00338331 9.9964E-05 0.432372 0.47334 9.9964E-05 9.9964E-05 0.0397877 9.9964E-05 0.0324049 0.0183123
9.9955E-05 0.0218692 0.827803 9.9955E-05 0.0580373 0.0634618 9.9955E-05 9.9955E-05 9.9955E-05 0.0283291
9.9937E-05 0.0158065 0.955107 9.9937E-05 0.0283866 9.9937E-05 9.9937E-05 9.9937E-05 9.9937E-05 9.9937E-05
9.9937E-05 0.0623699 0.880316 9.9937E-05 9.9937E-05 9.9937E-05 9.9937E-05 9.9937E-05 9.9937E-05 0.0566143
9.99549E-05 9.99549E-05 0.237898 0.57621 9.99549E-05 0.0338782 9.99549E-05 0.0537895 9.99549E-05 0.0977249
9.9946E-05 9.9946E-05 0.816213 9.9946E-05 0.0796738 9.9946E-05 0.0737725 9.9946E-05 0.0297413 9.9946E-05
9.9937E-05 9.9937E-05 0.843023 9.9937E-05 0.0828542 9.9937E-05 9.9937E-05 9.9937E-05 9.9937E-05 0.0734236
9.9964E-05 0.831611 0.0306276 9.9964E-05 0.026825 9.9964E-05 0.0879835 9.9964E-05 0.0154836 0.0070697
9.9964E-05 0.345976 9.9964E-05 0.0583886 9.9964E-05 9.9964E-05 0.449252 0.0146483 0.0263109 0.105025
0.0298851 0.718099 9.9964E-05 9.9964E-05 0.0346401 9.9964E-05 0.0552412 0.119178 0.0425571 9.9964E-05
9.9955E-05 0.666516 0.0779637 9.9955E-05 9.9955E-05 9.9955E-05 0.097228 0.00783449 0.149958 9.9955E-05
9.9973E-05 0.385233 0.129089 9.9973E-05 0.0557588 0.00285493 0.312589 0.0598907 0.0542844 9.9973E-05
9.9964E-05 0.287641 0.0591988 9.9964E-05 0.10523 9.9964E-05 0.453664 0.00168507 0.0921811 9.9964E-05
9.9973E-05 0.369754 9.9973E-05 0.0634587 0.0200867 0.177299 0.277473 9.9973E-05 0.0725948 0.0190346
9.9955E-05 0.613798 0.0896666 0.0726333 9.9955E-05 9.9955E-05 0.207025 0.0163771 9.9955E-05 9.9955E-05
9.9946E-05 0.744881 9.9946E-05 0.0361678 0.130066 9.9946E-05 9.9946E-05 9.9946E-05 9.9946E-05 0.0882859
0.0131377 0.433513 9.9982E-05 0.0190635 0.0403347 0.0724096 0.234765 9.9982E-05 0.145286 0.0412902
0.106341 0.302639 9.9964E-05 0.0479678 0.111957 0.0118895 0.418805 9.9964E-05 9.9964E-05 9.9964E-05
9.9973E-05 0.227053 0.065387 0.00143863 0.0776338 0.115258 0.450177 9.9973E-05 9.9973E-05 0.0627529
9.9946E-05 0.779315 9.9946E-05 9.9946E-05 0.0781366 9.9946E-05 0.0423304 9.9946E-05 0.0996185 9.9946E-05
0.00447128 0.27362 0.0656487 9.9973E-05 9.9973E-05 0.0411604 0.522035 0.059282 0.0334826 9.9973E-05
9.9964E-05 0.477103 0.0296162 9.9964E-05 0.00343245 9.9964E-05 0.413805 0.0236333 0.0520108 9.9964E-05
9.99459E-05 0.806826 9.99459E-05 0.0157531 0.0970961 9.99459E-05 9.99459E-05 9.99459E-05 0.0797251 9.99459E-05
9.9937E-05 0.816692 0.0285563 9.9937E-05 9.9937E-05 9.9937E-05 9.9937E-05 9.9937E-05 0.154052 9.9937E-05
9.9964E-05 0.739609 9.9964E-05 0.0522972 0.101389 0.0225401 0.0644572 9.9964E-05 0.0193078 9.9964E-05
9.9937E-05 0.0593239 9.9937E-05 0.807351 9.9937E-05 9.9937E-05 9.9937E-05 9.9937E-05 0.132625 9.9937E-05
9.9937E-05 0.064002 9.9937E-05 0.829248 9.9937E-05 9.9937E-05 9.9937E-05 9.9937E-05 0.10605 9.9937E-05
9.9955E-05 0.0278437 9.9955E-05 0.801004 9.9955E-05 0.00416518 0.157999 9.9955E-05 0.00848865 9.9955E-05
9.9973E-05 9.9973E-05 0.227417 0.524399 9.9973E-05 0.023117 0.0977361 0.0426093 0.0683259 0.0160961
9.9964E-05 0.169104 9.9964E-05 0.00726461 0.103801 0.202657 0.476506 9.9964E-05 9.9964E-05 0.0402683
9.9973E-05 9.9973E-05 0.124566 0.0359664 0.00679607 0.365433 0.425328 9.9973E-05 0.026332 0.0152785
9.9946E-05 9.9946E-05 0.0620229 9.9946E-05 0.0295169 0.365753 0.542108 9.9946E-05 9.9946E-05 9.9946E-05
0.0421727 0.576403 9.9964E-05 0.0908847 9.9964E-05 9.9964E-05 0.0757552 9.9964E-05 0.0107245 0.20366
0.0727328 9.9955E-05 9.9955E-05 9.9955E-05 9.9955E-05 0.513881 0.347083 0.0390532 0.0267506 9.9955E-05
9.9973E-05 0.119563 0.046385 0.0400791 9.9973E-05 0.140662 0.496243 0.118152 9.9973E-05 0.0386159
9.9973E-05 9.9973E-05 0.00946192 0.0174089 0.0629914 0.169003 0.647006 0.0485027 9.9973E-05 0.0453258
0.000313391 0.0718679 9.9973E-05 0.122639 0.299374 0.0175051 0.484625 9.9973E-05 0.00337604 9.9973E-05
9.9973E-05 0.0922877 0.013137 0.152274 0.11448 0.0781993 0.54528 9.9973E-05 0.00404253 9.9973E-05
9.9964E-05 0.17032 9.9964E-05 0.0110687 9.9964E-05 0.654551 0.0879848 0.0751905 0.000485087 9.9964E-05
9.9955E-05 0.0173611 9.9955E-05 9.9955E-05 0.319492 0.117401 0.433096 9.9955E-05 0.112151 9.9955E-05
0.0286617 0.100377 9.9973E-05 0.0262761 0.0249461 0.208314 0.435881 9.9973E-05 0.175244 9.9973E-05
0.0626895 0.0338614 9.9982E-05 0.175454 0.0301899 0.132616 0.517611 0.0462911 9.9982E-05 0.00108815
9.9937E-05 9.9937E-05 9.9937E-05 9.9937E-05 9.9937E-05 0.675751 0.290789 0.0327605 9.9937E-05 9.9937E-05
9.9964E-05 9.9964E-05 0.022224 0.0122025 9.9964E-05 0.348319 0.54855 0.0569736 9.9964E-05 0.0113304
0.00600623 0.0325597 9.9991E-05 0.123308 0.0118825 0.184112 0.500071 0.00935038 0.0622967 0.0703141
0.112988 9.9937E-05 9.9937E-05 9.9937E-05 9.9937E-05 0.675389 9.9937E-05 0.210923 9.9937E-05 9.9937E-05
0.0315765 0.319334 9.9973E-05 9.9973E-05 0.0221301 0.217358 0.10991 0.0906006 9.9973E-05 0.20879
0.1078 0.396625 0.071534 9.9964E-05 0.222178 0.100212 9.9964E-05 0.101251 9.9964E-05 9.9964E-05
0.00266781 0.171998 9.9982E-05 0.0559067 9.9982E-05 0.0561141 0.451636 0.0292272 0.158782 0.0734682
0.083308 0.118797 0.0584575 0.0682997 0.0950534 9.9964E-05 0.575684 9.9964E-05 9.9964E-05 9.9964E-05
9.9964E-05 0.10154 9.9964E-05 0.0548446 0.208639 9.9964E-05 0.540251 0.0664314 9.9964E-05 0.027894
0.115327 0.233265 9.9982E-05 0.0564421 0.00887084 0.239409 0.105138 0.0748586 9.9982E-05 0.16649
9.9964E-05 0.180695 9.9964E-05 9.9964E-05 0.0390233 0.00272203 0.570287 0.0422971 9.9964E-05 0.164576
9.9973E-05 0.142742 0.0724645 0.0618377 9.9973E-05 0.0959553 0.548515 0.0627043 9.9973E-05 0.0154814
0.0348854 0.284856 0.0903727 0.0737609 0.116449 0.136798 0.262578 9.9973E-05 9.9973E-05 9.9973E-05
0.0674112 0.476592 0.171592 9.9973E-05 0.0169462 0.0503566 9.9973E-05 0.174007 9.9973E-05 0.0427948
0.10262 0.104946 0.0211984 0.070814 9.9982E-05 0.172703 0.492531 0.0293019 0.0056852 9.9982E-05
0.0186144 0.368168 0.0311748 0.00858081 9.9973E-05 9.9973E-05 0.365842 0.133048 9.9973E-05 0.074272
0.0236325 0.629823 9.9973E-05 0.0610448 0.034415 0.110116 9.9973E-05 0.0161619 9.9973E-05 0.124507
0.0762698 0.41481 9.9955E-05 9.9955E-05 9.9955E-05 0.0314768 0.395677 0.0812668 9.9955E-05 9.9955E-05
0.133166 9.9982E-05 0.0469633 0.0203239 0.00263269 0.186268 0.552261 0.0580134 9.9982E-05 0.000172491
0.0325216 0.229007 0.0173029 0.0291317 0.034632 0.0256786 0.527041 0.0352403 0.026418 0.043027
0.0380599 0.438504 0.0217179 9.9973E-05 9.9973E-05 0.178009 0.112435 0.148919 0.0620558 9.9973E-05
9.9946E-05 0.397965 9.9946E-05 9.9946E-05 9.9946E-05 0.0424604 0.443545 0.11543 9.9946E-05 9.9946E-05
9.9964E-05 0.153464 0.0569025 9.9964E-05 9.9964E-05 0.0977991 0.554726 0.0275873 9.9964E-05 0.109121
0.048396 0.614492 9.9973E-05 9.9973E-05 0.0859086 0.043332 0.08363 0.0665012 9.9973E-05 0.0574399
9.9937E-05 0.0430125 9.9937E-05 9.9937E-05 9.9937E-05 0.436235 0.520053 9.9937E-05 9.9937E-05 9.9937E-05
9.9946E-05 0.176695 0.055718 9.9946E-05 9.9946E-05 0.6142 0.152787 9.9946E-05 9.9946E-05 9.9946E-05
9.9973E-05 0.0181994 9.9973E-05 0.0467426 0.038624 0.0809693 0.562152 0.165615 9.9973E-05 0.087398
9.9937E-05 9.9937E-05 9.9937E-05 9.9937E-05 0.0527218 0.861857 9.9937E-05 0.0847218 9.9937E-05 9.9937E-05
0.052265 0.0183296 0.00756243 9.9964E-05 0.0356834 0.850042 9.9964E-05 0.0357177 9.9964E-05 9.9964E-05
0.0505126 9.9946E-05 9.9946E-05 9.9946E-05 0.0214418 0.650978 0.276468 9.9946E-05 9.9946E-05 9.9946E-05
9.9973E-05 0.0341994 9.9973E-05 0.0369265 0.0648775 0.416179 0.402226 9.9973E-05 0.0150819 0.0302098
0.0124129 9.9991E-05 0.0641525 0.0867936 0.0267572 0.060881 0.609434 0.0326509 0.0187473 0.0880708
9.9964E-05 0.106497 0.011544 0.00220289 9.9964E-05 0.353013 0.439109 0.0872351 9.9964E-05 9.9964E-05
9.9964E-05 0.093413 0.0174881 9.9964E-05 9.9964E-05 0.660203 0.0849544 9.9964E-05 0.0781438 0.065398
9.9964E-05 0.0476181 0.0516435 9.9964E-05 9.9964E-05 0.50035 0.209687 9.9964E-05 0.000107813 0.190194
0.048861 0.0467377 9.9982E-05 0.0450291 0.0375978 0.265601 0.431094 9.9982E-05 0.0862125 0.0386671
9.9964E-05 0.148512 0.0253869 9.9964E-05 0.00524306 0.507208 0.274477 9.9964E-05 0.0387729 9.9964E-05
9.9964E-05 0.0770589 0.11321 9.9964E-05 0.0230792 0.403815 0.360198 9.9964E-05 9.9964E-05 0.0222389
9.9937E-05 9.9937E-05 9.9937E-05 9.9937E-05 0.0331895 0.61773 0.348381 9.9937E-05 9.9937E-05 9.9937E-05
0.131895 9.9964E-05 9.9964E-05 9.9964E-05 0.0737372 0.713981 9.9964E-05 0.0622374 0.00772444 0.0100245
9.9964E-05 0.143047 9.9964E-05 0.0998938 0.0565456 0.172124 0.503759 9.9964E-05 0.02423 9.9964E-05
9.9964E-05 0.0293427 0.229803 0.591493 9.9964E-05 9.9964E-05 0.0802487 9.9964E-05 0.0648717 0.00384069
9.9937E-05 9.9937E-05 0.146778 0.781891 9.9937E-05 9.9937E-05 0.0706315 9.9937E-05 9.9937E-05 9.9937E-05
9.9946E-05 9.9946E-05 0.0243868 0.845897 9.9946E-05 9.9946E-05 0.100323 9.9946E-05 0.0287929 9.9946E-05
9.9946E-05 9.9946E-05 0.248038 0.681194 9.9946E-05 9.9946E-05 0.0073907 0.0627775 9.9946E-05 9.9946E-05
9.9973E-05 0.00726318 0.144343 0.712689 9.9973E-05 0.0123844 0.0714853 0.00957807 0.0419572 9.9973E-05
9.9964E-05 9.9964E-05 0.254469 0.611941 9.9964E-05 9.9964E-05 0.0226332 0.0517109 0.0257816 0.0330646
0.0267705 9.9946E-05 0.270168 0.656992 9.9946E-05 9.9946E-05 0.0454696 9.9946E-05 9.9946E-05 9.9946E-05
0.00755158 0.107281 0.0294528 0.0880718 0.0195219 0.180443 0.52406 0.00455231 0.0386552 0.000410489
0.0591239 0.0724949 9.9991E-05 0.062672 0.0438142 0.147124 0.517767 0.0407962 0.0329043 0.0232035
0.00594924 0.148778 9.9955E-05 0.0600234 9.9955E-05 0.743921 0.0408287 9.9955E-05 9.9955E-05 9.9955E-05
9.9982E-05 0.0382408 0.0594665 0.0128777 9.9982E-05 0.156077 0.594204 0.104079 0.0242204 0.0106349
9.9955E-05 0.205267 9.9955E-05 0.00676174 9.9955E-05 0.413415 0.343188 9.9955E-05 0.0308689 9.9955E-05
9.9946E-05 9.9946E-05 9.9946E-05 0.084959 0.0456225 0.260896 0.607923 9.9946E-05 9.9946E-05 9.9946E-05
0.102203 0.0390145 0.010466 0.0374323 0.0584677 0.265832 0.457042 9.9982E-05 0.0293419 9.9982E-05
9.9955E-05 9.9955E-05 0.00965954 9.9955E-05 0.0342925 0.406793 0.451409 9.9955E-05 0.0973456 9.9955E-05
9.9946E-05 0.152116 0.0778754 9.9946E-05 9.9946E-05 0.679273 9.9946E-05 9.9946E-05 9.9946E-05 0.0901355
0.0062842 9.9982E-05 0.068364 0.05928 0.0624023 0.256499 0.39492 9.9982E-05 0.0541251 0.0979249
9.9973E-05 9.9973E-05 9.9973E-05 0.116758 0.0801603 0.206324 0.558958 0.00292969 0.0076396 0.0269303
0.0286241 9.9973E-05 0.0284401 9.9973E-05 9.9973E-05 0.160438 0.458496 0.113962 0.070608 0.139132
9.9964E-05 9.9964E-05 9.9964E-05 0.054634 0.104369 0.611901 0.188443 0.0135183 0.0267342 9.9964E-05
0.0971011 9.9964E-05 0.0383194 0.0297177 9.9964E-05 0.37551 0.43063 9.9964E-05 0.0283227 9.9964E-05
0.00296548 0.151949 0.0252426 9.9973E-05 0.0114202 0.38581 0.412179 9.9973E-05 0.0101337 9.9973E-05
0.0181862 9.9946E-05 9.9946E-05 9.9946E-05 9.9946E-05 0.621207 0.226969 9.9946E-05 0.133038 9.9946E-05
9.9955E-05 9.9955E-05 0.0311481 0.0302562 9.9955E-05 0.488929 0.445072 9.9955E-05 9.9955E-05 0.00409504
0.0239752 0.0941769 0.0145921 0.141502 0.0363477 0.0649624 0.548999 9.9982E-05 9.9982E-05 0.0752453
0.194383 0.335288 9.9973E-05 0.00254801 9.9973E-05 9.9973E-05 0.151484 0.165933 0.0261274 0.123936
9.9973E-05 0.222611 0.0133274 0.047451 0.125735 9.9973E-05 0.410015 0.0547429 9.9973E-05 0.125818
0.055059 0.0975834 9.9991E-05 0.155602 0.0476561 0.0467485 0.558168 0.0212437 0.000981415 0.0168573
0.107531 9.9982E-05 0.100556 9.9982E-05 0.0226209 0.148416 0.548466 0.0207402 0.0272017 0.024268
0.0231664 0.342808 9.9964E-05 0.0807126 9.9964E-05 9.9964E-05 0.40124 0.0564816 9.9964E-05 0.0951914
0.000760535 0.154009 0.0318234 0.064856 0.00564149 0.0105375 0.539837 0.0355312 0.043407 0.113596
0.0224732 0.317797 0.0445464 0.0337857 9.9973E-05 9.9973E-05 0.382392 9.9973E-05 0.00844896 0.190257
0.127385 0.0964089 0.0429298 0.0543038 9.9982E-05 9.9982E-05 0.489618 0.0708601 0.00631651 0.111978
0.0697966 0.0979427 9.9964E-05 0.103517 9.9964E-05 9.9964E-05 0.614451 0.023205 9.9964E-05 0.0906883
9.9964E-05 0.250028 9.9964E-05 0.0829873 0.0357244 0.108939 0.514527 9.9964E-05 9.9964E-05 0.00739424
0.0329534 0.231914 9.9964E-05 9.9964E-05 9.9964E-05 0.0224705 0.493656 0.0613195 9.9964E-05 0.157287
0.0651859 9.9973E-05 0.0851103 0.0135556 9.9973E-05 0.0304716 0.631515 0.0273622 9.9973E-05 0.1465
0.047976 9.9982E-05 9.9982E-05 0.0932727 0.140034 0.0310337 0.517717 0.0930448 0.0388848 0.0378373
0.198159 0.109351 0.0181355 9.9964E-05 9.9964E-05 9.9964E-05 0.596311 9.9964E-05 0.00483643 0.0728075
0.0211481 0.093224 0.0580469 9.9973E-05 9.9973E-05 9.9973E-05 0.602011 0.116885 0.0299033 0.078482
0.161613 0.0941994 9.9973E-05 0.0333737 9.9973E-05 0.00600705 0.519689 9.9973E-05 0.085217 0.0996004
0.134596 0.252986 9.9973E-05 0.13167 0.0799397 9.9973E-05 0.293529 0.0521276 9.9973E-05 0.0548524
9.9964E-05 0.134619 9.9964E-05 0.0508974 0.0274283 9.9964E-05 0.699842 0.03134 9.9964E-05 0.0554734
0.14843 0.0663069 9.9955E-05 9.9955E-05 9.9955E-05 9.9955E-05 0.583989 0.0557667 9.9955E-05 0.145007
0.0625539 0.38326 0.0541399 0.0238011 9.9982E-05 0.130653 0.172074 9.9982E-05 0.0659203 0.107398
0.227969 0.294266 9.9964E-05 9.9964E-05 0.114817 9.9964E-05 0.116991 0.150375 9.9964E-05 0.0951806
9.9973E-05 0.173555 9.9973E-05 9.9973E-05 0.0249097 0.112512 0.462152 0.0383919 0.0476104 0.140569
0.272693 0.135932 9.9964E-05 9.9964E-05 9.9964E-05 0.0924845 0.0831805 0.151331 9.9964E-05 0.263978
0.0684764 0.410403 9.9964E-05 0.0796848 9.9964E-05 0.0504316 0.235225 9.9964E-05 9.9964E-05 0.15538
0.0447938 0.296176 0.0120581 0.0330908 0.0468696 0.0473154 0.381413 9.9982E-05 9.9982E-05 0.138083
0.0308052 0.35168 9.9964E-05 0.0703278 9.9964E-05 0.0337351 0.289137 9.9964E-05 9.9964E-05 0.223915
0.0745419 0.471694 9.9973E-05 0.0151755 0.0149346 9.9973E-05 0.220137 9.9973E-05 0.000737652 0.20248
0.0495513 0.0712533 9.9982E-05 0.0407359 0.105429 0.0527063 0.542568 9.9982E-05 0.0327718 0.104784
0.05265 0.0352221 0.161149 9.9973E-05 9.9973E-05 0.0582574 0.519806 9.9973E-05 0.051902 0.120714
0.0287558 0.320111 0.0462896 0.0387837 9.9973E-05 9.9973E-05 0.464417 9.9973E-05 0.0314257 0.0699175
0.0990485 0.279745 9.9982E-05 9.9982E-05 0.0106748 0.108776 0.134361 0.194346 0.00364018 0.169208
0.040601 9.9982E-05 0.0376894 0.139996 0.0808622 0.119015 0.494368 0.0329933 9.9982E-05 0.0542753
0.0318952 9.9973E-05 0.00193467 0.059173 0.214163 0.0640122 0.495472 0.13305 9.9973E-05 9.9973E-05
0.108976 0.0768921 0.0930826 9.9973E-05 0.283968 0.106241 9.9973E-05 0.26438 9.9973E-05 0.0661607
0.0588044 9.9973E-05 0.0719353 0.0883425 0.0481223 0.0604729 0.66261 0.00941302 9.9973E-05 9.9973E-05
0.0590443 0.0248535 0.115179 0.0186837 0.02923 0.322819 0.305193 0.119285 9.9991E-05 0.00561191
0.0953255 0.0891503 9.9982E-05 0.0528847 0.137401 0.0884993 0.367156 0.0989563 0.0704275 9.9982E-05
0.0368257 0.0141295 9.9973E-05 9.9973E-05 0.237015 0.0239489 0.274539 0.260367 9.9973E-05 0.152875
0.188431 0.109488 9.9982E-05 0.0814178 0.305689 0.0749164 0.092053 0.0784646 9.9982E-05 0.0693395
0.137109 0.0365538 9.9973E-05 9.9973E-05 0.232279 0.0244604 0.386981 0.0797589 9.9973E-05 0.102558
0.00256895 0.015502 0.0103806 0.0203316 0.109775 0.0607225 0.559983 0.155135 0.0221442 0.0434573
0.0152994 0.17952 0.0923903 0.0542447 0.0321565 0.0326601 0.378059 0.0856224 0.0811649 0.0488825
0.0718838 0.168013 9.9964E-05 9.9964E-05 0.25066 0.238661 9.9964E-05 0.164611 0.105771 9.9964E-05
0.0671091 0.0244774 0.120033 0.0210949 0.159271 0.07376 0.417893 9.9991E-05 0.0841045 0.0321574
0.0579679 0.0888069 9.9973E-05 9.9973E-05 0.340087 0.233412 0.249908 0.00152529 9.9973E-05 0.0279923
0.123774 0.066859 9.9973E-05 9.9973E-05 0.183226 0.146414 0.400338 0.0351034 9.9973E-05 0.0439863
0.0861772 0.0216719 0.093171 0.0293406 0.0755432 0.0811234 0.539957 0.00376429 0.0311585 0.0380934
9.9982E-05 0.0601472 0.116878 0.102204 0.173652 9.9982E-05 0.0757266 0.190935 0.278156 0.00209965
9.9955E-05 9.9955E-05 0.197167 0.232345 0.0482556 9.9955E-05 9.9955E-05 0.427263 0.0944693 9.9955E-05
0.0104444 9.9964E-05 0.0919552 0.20547 0.116529 9.9964E-05 9.9964E-05 0.475497 0.0997045 9.9964E-05
9.9973E-05 0.0509912 0.0825747 0.174857 9.9973E-05 9.9973E-05 0.0646377 0.324047 0.287767 0.0148249
9.99461E-05 9.99461E-05 0.00805931 9.99461E-05 0.427697 0.0386232 0.525021 9.99461E-05 9.99461E-05 9.99461E-05
0.00286993 9.9982E-05 0.0091432 0.123599 0.176284 0.0886998 0.549798 9.9982E-05 0.00705975 0.0423469
9.9937E-05 0.0547656 9.9937E-05 9.9937E-05 9.9937E-05 9.9937E-05 0.290265 9.9937E-05 0.65427 9.9937E-05
0.025002 0.173534 9.9964E-05 0.0787805 9.9964E-05 0.0293241 0.33221 9.9964E-05 0.360749 9.9964E-05
0.0379694 0.0536549 9.9982E-05 0.132685 0.0591759 0.0397195 0.360151 0.0302348 0.286209 9.9982E-05
0.097779 0.0298914 9.9973E-05 9.9973E-05 0.483259 0.106862 0.188802 0.0457874 0.0473199 9.9973E-05
0.0797288 9.9982E-05 0.034314 9.9982E-05 0.077681 0.151192 0.463705 0.107306 0.026457 0.0594164
0.237859 0.0607989 9.9964E-05 9.9964E-05 0.499863 0.00985224 0.137087 0.05414 9.9964E-05 9.9964E-05
9.9973E-05 0.0354218 0.0207398 9.9973E-05 0.257363 0.100934 0.541319 0.0130889 9.9973E-05 0.030834
0.186833 0.0954189 9.9973E-05 0.0507135 0.195204 0.0674883 0.391589 0.0124528 9.9973E-05 9.9973E-05
0.0141737 0.0791497 9.9973E-05 9.9973E-05 0.301282 0.0682448 0.490848 9.9973E-05 0.0167183 0.0292839
0.16211 0.106244 9.9973E-05 9.9973E-05 0.50703 0.0497226 0.0753477 0.0966424 9.9973E-05 0.00260368
0.0318321 0.032082 0.0500779 0.0692714 0.0545415 0.0737161 0.636937 9.9991E-05 0.0127032 0.0387388
0.017594 0.0464774 9.9991E-05 0.00480834 0.260911 0.0140498 0.468702 0.0560618 0.07584 0.0554554
9.9937E-05 9.9937E-05 9.9937E-05 9.9937E-05 0.00682209 0.0119853 9.9937E-05 9.9937E-05 0.980493 9.9937E-05
0.02987 9.9964E-05 9.9964E-05 0.00277552 0.00622055 9.9964E-05 0.0501055 9.9964E-05 0.901116 0.00951271
9.9955E-05 9.9955E-05 0.0834624 0.00412963 9.9955E-05 0.0808503 0.241125 9.9955E-05 0.589933 9.9955E-05
0.0250324 9.99462E-05 9.99462E-05 9.99462E-05 9.99462E-05 9.99462E-05 0.274043 9.99462E-05 0.689215 0.01111
9.9946E-05 9.9946E-05 0.0192674 9.9946E-05 9.9946E-05 0.0705369 0.113454 9.9946E-05 0.796142 9.9946E-05
9.99201E-05 9.99201E-05 9.99201E-05 9.99201E-05 9.99201E-05 9.99201E-05 9.99201E-05 9.99201E-05 0.999101 9.99201E-05
0.0299476 9.9937E-05 9.9937E-05 9.9937E-05 9.9937E-05 9.9937E-05 9.9937E-05 9.9937E-05 0.962261 0.00709135
9.9928E-05 9.9928E-05 9.9928E-05 9.9928E-05 9.9928E-05 9.9928E-05 0.149203 9.9928E-05 0.849997 9.9928E-05
9.9928E-05 9.9928E-05 9.9928E-05 9.9928E-05 9.9928E-05 9.9928E-05 0.0639408 9.9928E-05 0.93526 9.9928E-05
9.9928E-05 9.9928E-05 0.0166451 9.9928E-05 9.9928E-05 9.9928E-05 9.9928E-05 9.9928E-05 0.982555 9.9928E-05
9.9928E-05 9.9928E-05 9.9928E-05 9.9928E-05 9.9928E-05 9.9928E-05 9.9928E-05 0.0074853 0.991715 9.9928E-05
9.9955E-05 0.102685 9.9955E-05 0.0284296 0.0479722 9.9955E-05 0.121421 9.9955E-05 0.698992 9.9955E-05
9.9955E-05 0.00030101 9.9955E-05 0.110861 0.0629759 9.9955E-05 0.0364472 9.9955E-05 0.788915 9.9955E-05
9.9928E-05 9.9928E-05 9.9928E-05 9.9928E-05 9.9928E-05 0.0126267 9.9928E-05 9.9928E-05 0.986574 9.9928E-05
0.111559 0.100211 0.0149673 0.062258 9.9973E-05 0.00385199 0.318038 9.9973E-05 0.388815 9.9973E-05
9.9964E-05 9.9964E-05 9.9964E-05 0.010485 9.9964E-05 0.0175589 0.163662 0.0148486 0.710051 0.0829946
9.9955E-05 9.9955E-05 0.0993948 9.9955E-05 0.00325472 0.0662638 0.119067 9.9955E-05 0.71152 9.9955E-05
9.9955E-05 9.9955E-05 0.00361345 0.0572291 0.0162124 9.9955E-05 0.0296259 9.9955E-05 0.892819 9.9955E-05
9.9946E-05 9.9946E-05 9.9946E-05 9.9946E-05 9.9946E-05 9.9946E-05 0.0159425 0.0425034 0.936932 0.00402232
9.9955E-05 9.9955E-05 0.0500912 9.9955E-05 9.9955E-05 9.9955E-05 0.0874077 0.0565709 0.787717 0.0177134
9.9928E-05 9.9928E-05 0.0200084 9.9928E-05 9.9928E-05 9.9928E-05 9.9928E-05 9.9928E-05 0.979192 9.9928E-05
0.00354723 0.0283436 0.0547799 0.0126824 9.9973E-05 9.9973E-05 0.281779 0.0484539 0.570114 9.9973E-05
0.0172777 0.0849985 0.0451298 9.9955E-05 9.9955E-05 9.9955E-05 9.9955E-05 0.0108174 0.841277 9.9955E-05
0.0448245 9.9955E-05 0.0673096 0.17522 0.441938 9.9955E-05 9.9955E-05 0.270209 9.9955E-05 9.9955E-05
0.0454266 0.139633 0.0653606 0.0844766 0.153103 9.9991E-05 0.360616 0.0973518 0.000788366 0.0531445
9.9982E-05 9.9982E-05 0.0909693 0.144257 0.246616 0.0132657 0.312238 0.0342016 0.0703598 0.0878926
0.0411634 9.9964E-05 9.9964E-05 0.174711 0.38614 9.9964E-05 0.0957935 0.257881 0.0439116 9.9964E-05
9.9964E-05 9.9964E-05 0.151403 0.0598328 0.14805 0.0106157 0.511141 0.118557 9.9964E-05 9.9964E-05
9.9982E-05 0.0440038 0.0596287 0.118999 0.342094 0.0498657 0.139736 0.191075 0.0543981 9.9982E-05
0.08007 0.0213791 0.107279 0.0952768 0.019228 0.0162583 0.433743 0.0637162 0.0764768 0.0865727
9.9973E-05 9.9973E-05 0.0213138 0.0701131 0.366017 0.0569843 0.197725 0.111503 0.176044 9.9973E-05
0.029719 9.9973E-05 0.0719958 0.0859507 0.155801 9.9973E-05 0.499268 0.112312 0.0446532 9.9973E-05
9.9955E-05 9.9955E-05 0.129817 9.9955E-05 0.345613 9.9955E-05 0.19858 0.117008 0.208482 9.9955E-05
0.0106109 9.9973E-05 0.146319 9.9973E-05 0.18058 0.0822208 0.41286 0.156184 0.0109248 9.9973E-05
9.9973E-05 9.9973E-05 0.042165 0.768773 0.0558141 9.9973E-05 0.0199772 0.00185684 0.0154595 0.0956548
9.9946E-05 9.9946E-05 9.9946E-05 0.886834 0.0222762 9.9946E-05 9.9946E-05 0.0524897 0.0378005 9.9946E-05
9.9928E-05 9.9928E-05 9.9928E-05 0.94378 9.9928E-05 9.9928E-05 9.9928E-05 0.0554201 9.9928E-05 9.9928E-05
9.99451E-05 9.99451E-05 9.99451E-05 0.946652 9.99451E-05 9.99451E-05 9.99451E-05 9.99451E-05 0.00198074 0.0506677
9.9955E-05 0.0061604 9.9955E-05 0.850817 9.9955E-05 9.9955E-05 9.9955E-05 0.091829 0.0168629 0.0338313
0.0021503 9.9955E-05 0.174544 0.690431 9.9955E-05 9.9955E-05 9.9955E-05 0.0898719 0.0425031 9.9955E-05
9.9955E-05 9.9955E-05 0.343766 0.571129 9.9955E-05 9.9955E-05 0.0301841 0.00141747 0.0530033 9.9955E-05
0.0467365 9.9964E-05 0.171063 0.707909 0.00687346 0.00735732 9.9964E-05 0.0596613 9.9964E-05 9.9964E-05
9.9955E-05 9.9955E-05 0.068269 0.832716 9.9955E-05 0.00752809 0.0351813 0.0558061 9.9955E-05 9.9955E-05
9.9955E-05 0.0127577 0.129098 0.678784 9.9955E-05 9.9955E-05 9.9955E-05 0.101879 0.0769821 9.9955E-05
9.9946E-05 0.146127 9.9946E-05 0.636334 9.9946E-05 0.0878062 9.9946E-05 9.9946E-05 9.9946E-05 0.129133
9.9964E-05 0.0995931 0.0239466 0.544913 9.9964E-05 0.0673343 9.9964E-05 0.0187888 9.9964E-05 0.245024
0.0428225 0.150918 0.00468557 0.560696 0.0601938 0.0123646 9.9982E-05 0.0292717 9.9982E-05 0.138848
0.0819866 0.231785 0.0802826 0.429148 0.0538271 9.9964E-05 9.9964E-05 9.9964E-05 9.9964E-05 0.122571
0.000791382 0.242363 0.00347376 0.034912 0.0459673 0.195259 0.45822 0.0188131 9.9982E-05 9.9982E-05
0.0907353 0.109889 9.9955E-05 9.9955E-05 9.9955E-05 0.219694 0.515651 9.9955E-05 9.9955E-05 0.063531
0.0836 0.0642617 9.9973E-05 0.0576192 0.0641159 0.099505 0.521329 9.9973E-05 9.9973E-05 0.10927
0.0124434 0.201789 9.9973E-05 0.00499987 9.9973E-05 0.22563 0.325875 0.0485481 9.9973E-05 0.180415
0.00797639 0.495834 9.9973E-05 0.0124418 0.0059626 0.0942629 0.083785 9.9973E-05 9.9973E-05 0.299437
0.0226151 0.030911 0.0016079 0.0607805 0.0945422 0.222294 0.518191 9.9991E-05 0.0402511 0.00870691
9.9964E-05 0.147918 9.9964E-05 0.00639173 9.9964E-05 0.278296 0.502358 0.01745 9.9964E-05 0.0471872
9.9955E-05 0.0566875 9.9955E-05 9.9955E-05 9.9955E-05 0.294474 0.483486 0.0825258 9.9955E-05 0.0823266
9.9955E-05 9.9955E-05 9.9955E-05 9.9955E-05 0.0258074 0.526013 0.366634 9.9955E-05 0.0358688 0.045177
9.9973E-05 9.9973E-05 0.00848655 9.9973E-05 0.0467297 0.0448405 0.641341 0.032164 0.00442419 0.221714
0.026154 0.0687084 9.9973E-05 0.0391925 9.9973E-05 0.418031 0.316199 9.9973E-05 0.0632966 0.0681191
0.25982 9.9946E-05 0.0052743 9.9946E-05 9.9946E-05 0.686182 9.9946E-05 9.9946E-05 9.9946E-05 0.0481234
0.0949721 0.062597 0.105627 9.9982E-05 9.9982E-05 0.122098 0.424355 0.0934425 0.0177886 0.078919
0.150006 9.9964E-05 9.9964E-05 9.9964E-05 0.0849897 0.451822 0.243863 0.054894 9.9964E-05 0.0140254
0.0752128 9.9964E-05 0.0444792 9.9964E-05 0.0464792 0.365838 0.44898 9.9964E-05 9.9964E-05 0.0186114
0.0403196 0.10447 9.9964E-05 0.0325069 9.9964E-05 0.63187 0.106108 9.9964E-05 9.9964E-05 0.0843253
9.9964E-05 9.9964E-05 0.0298887 0.0151543 0.104422 9.9964E-05 0.000763837 9.9964E-05 0.0272718 0.822099
9.9955E-05 9.9955E-05 0.0780221 9.9955E-05 0.1175 9.9955E-05 0.0230478 9.9955E-05 0.00162152 0.779309
9.9937E-05 9.9937E-05 0.0243382 9.9937E-05 0.0508807 9.9937E-05 9.9937E-05 9.9937E-05 9.9937E-05 0.924082
9.9946E-05 9.9946E-05 9.9946E-05 0.0300413 0.110183 0.00532464 9.9946E-05 9.9946E-05 9.9946E-05 0.853852
0.00495199 9.9964E-05 9.9964E-05 9.9964E-05 0.0893607 9.9964E-05 0.0619472 0.011442 0.0211515 0.810747
9.9946E-05 9.9946E-05 0.0386397 9.9946E-05 9.9946E-05 9.9946E-05 0.0728958 9.9946E-05 0.0516353 0.83623
0.00125919 9.9946E-05 9.9946E-05 0.864498 9.9946E-05 9.9946E-05 0.0803644 9.9946E-05 0.0532789 9.9946E-05
9.9955E-05 9.9955E-05 9.9955E-05 0.861473 9.9955E-05 9.9955E-05 0.0789293 0.00361165 0.0206957 0.0347902
9.9955E-05 0.03265 0.00693434 0.761395 9.9955E-05 9.9955E-05 0.127119 9.9955E-05 0.071402 9.9955E-05
9.9937E-05 0.103371 9.9937E-05 0.731692 9.9937E-05 9.9937E-05 9.9937E-05 9.9937E-05 0.164238 9.9937E-05
9.9955E-05 9.9955E-05 9.9955E-05 0.749619 0.089312 9.9955E-05 0.0387179 9.9955E-05 0.119256 0.00259576
9.9973E-05 0.027158 0.215156 0.16305 0.0248531 0.0162171 9.9973E-05 0.0444804 9.9973E-05 0.508786
0.0290328 9.9964E-05 0.0776234 0.408031 0.0253123 0.0796786 9.9964E-05 9.9964E-05 9.9964E-05 0.379922
0.0659486 0.0457391 0.126202 0.3472 9.9955E-05 9.9955E-05 9.9955E-05 9.9955E-05 9.9955E-05 0.414411
9.9946E-05 0.104953 9.9946E-05 0.806577 9.9946E-05 9.9946E-05 0.0189206 9.9946E-05 0.0689493 9.9946E-05
9.9964E-05 9.9964E-05 0.160254 0.173829 0.0170019 0.117039 9.9964E-05 0.0215999 9.9964E-05 0.509877
9.9955E-05 9.9955E-05 0.134833 0.0412659 9.9955E-05 9.9955E-05 0.315898 0.251058 0.256445 9.9955E-05
9.9982E-05 0.0482304 0.164065 0.0018571 0.0292224 9.9982E-05 0.550147 0.008905 0.143085 0.0542874
9.9946E-05 9.9946E-05 0.0652535 0.147424 9.9946E-05 9.9946E-05 0.556423 9.9946E-05 0.2303 9.9946E-05
9.9982E-05 9.9982E-05 0.113265 0.0678362 0.0334157 0.0332298 0.339243 0.16439 0.188757 0.0596638
9.9982E-05 0.050064 0.213737 0.043119 0.0878905 0.015035 0.493761 9.9982E-05 0.0815133 0.0146805
9.9973E-05 9.9973E-05 0.269387 0.0907937 0.0122289 9.9973E-05 0.00464294 0.384953 0.221023 0.0166717
0.052097 0.251297 0.0416186 9.9973E-05 0.0790414 0.0500194 0.375033 9.9973E-05 9.9973E-05 0.150594
0.197752 0.0596373 9.9964E-05 9.9964E-05 9.9964E-05 0.0774675 0.412607 0.0609837 9.9964E-05 0.191153
0.0481652 0.514792 0.0493855 0.0681368 0.00609677 9.9973E-05 0.204895 9.9973E-05 9.9973E-05 0.108229
0.251344 0.0480701 9.9964E-05 9.9964E-05 9.9964E-05 0.0556353 0.489525 0.0503204 9.9964E-05 0.104705
0.540194 0.0265102 9.9955E-05 9.9955E-05 9.9955E-05 0.19378 9.9955E-05 0.158824 9.9955E-05 0.0801912
0.0954261 0.0357954 0.0296835 9.9982E-05 0.0805434 0.0165498 0.535345 0.081493 9.9982E-05 0.124964
0.207042 0.0861281 9.9982E-05 0.0690218 0.0406078 0.074398 0.432365 0.0344519 9.9982E-05 0.0557861
0.00578019 0.413046 0.065804 0.00477801 0.0337119 0.0786084 0.246259 9.9982E-05 9.9982E-05 0.151812
9.9982E-05 0.184471 0.0661021 9.9982E-05 0.0574536 0.0149263 0.451302 0.0370477 0.0984974 0.0899993
0.231689 0.440522 9.9964E-05 9.9964E-05 0.0486371 0.0683668 0.0428097 0.167576 9.9964E-05 9.9964E-05
0.209458 0.0361612 0.041957 9.9991E-05 0.0513892 0.0101784 0.478815 0.0544157 0.019064 0.0984609
9.9964E-05 0.111438 9.9964E-05 9.9964E-05 9.9964E-05 0.128045 0.522245 0.0182944 0.0388072 0.18077
9.9973E-05 0.0164781 0.101324 9.9973E-05 9.9973E-05 0.1526 0.400602 0.0942957 0.148325 0.0860754
0.163044 0.291282 9.9973E-05 9.9973E-05 0.0516792 0.0151204 0.304436 0.0743781 9.9973E-05 0.0997607
0.0882034 0.161407 9.9982E-05 0.0508639 9.9982E-05 0.140827 0.400539 0.0146007 0.0275668 0.115792
0.0437887 0.138951 9.9982E-05 9.9982E-05 0.0849037 0.135909 0.393196 0.0470244 0.0894073 0.0666199
0.0860601 0.0501607 9.9982E-05 0.0298894 0.114696 0.0694295 0.528885 0.0174399 9.9982E-05 0.103239
0.0064256 0.0936266 9.9982E-05 0.0410553 0.06672 0.0830546 0.647447 0.0351613 9.9982E-05 0.0263098
9.9964E-05 0.139233 9.9964E-05 0.045107 9.9964E-05 0.114458 0.575046 0.060757 0.0649993 9.9964E-05
9.9964E-05 0.203726 9.9964E-05 0.128514 0.158584 0.0352002 0.433228 9.9964E-05 9.9964E-05 0.0403485
9.9937E-05 9.9937E-05 0.901846 9.9937E-05 9.9937E-05 9.9937E-05 0.0852776 9.9937E-05 0.0121765 9.9937E-05
9.9937E-05 9.9937E-05 0.90699 0.0579982 9.9937E-05 9.9937E-05 0.0343122 9.9937E-05 9.9937E-05 9.9937E-05
9.9964E-05 0.0305273 0.439511 0.380398 9.9964E-05 0.0526182 9.9964E-05 0.082682 9.9964E-05 0.0138628
0.00378458 9.9955E-05 0.863305 0.0844652 9.9955E-05 0.024758 9.9955E-05 9.9955E-05 9.9955E-05 0.0231875
9.9937E-05 9.9937E-05 0.692644 0.213039 9.9937E-05 9.9937E-05 0.0936175 9.9937E-05 9.9937E-05 9.9937E-05
9.9955E-05 0.615518 9.9955E-05 9.9955E-05 9.9955E-05 9.9955E-05 0.0910631 0.0685212 0.0391679 0.18523
0.0553711 0.0723236 9.9991E-05 0.0506635 0.0408305 0.0709687 0.53603 0.0782344 0.0433955 0.0520822
0.0858731 9.9973E-05 0.105241 0.103245 0.0053026 9.9973E-05 0.434232 0.0476634 0.218142 9.9973E-05
9.9964E-05 0.181551 9.9964E-05 9.9964E-05 0.00853067 9.9964E-05 0.607358 0.0775691 0.0478632 0.0767282
0.059193 0.244093 9.9964E-05 0.0567189 9.9964E-05 0.0553856 0.447356 9.9964E-05 9.9964E-05 0.136854
0.139483 0.281463 9.9964E-05 9.9964E-05 0.0459487 9.9964E-05 0.254003 0.14326 9.9964E-05 0.135443
9.9964E-05 0.52591 0.0168905 0.108019 9.9964E-05 0.0869979 9.9964E-05 0.0783827 9.9964E-05 0.1834
0.0926739 0.17702 9.9973E-05 0.0686962 9.9973E-05 0.0290654 0.467496 9.9973E-05 0.023572 0.141176
0.193278 0.344809 9.9973E-05 0.0386685 0.0279995 9.9973E-05 0.0147345 9.9973E-05 0.100545 0.279666
0.148822 0.0807284 9.9991E-05 0.0251113 0.0978877 0.0180651 0.365492 0.0311642 0.049708 0.182922
0.145543 0.512851 0.0409066 0.104186 9.9973E-05 0.00775841 9.9973E-05 0.0570924 9.9973E-05 0.131362
0.0296033 0.224198 0.0355708 0.0963817 0.0290856 9.9973E-05 0.564655 9.9973E-05 9.9973E-05 0.0202056
9.9973E-05 0.619298 0.0582473 0.0615957 0.0685552 9.9973E-05 0.0900217 0.0135891 9.9973E-05 0.0883929
0.0872935 0.364594 9.9982E-05 0.00282063 0.138204 9.9982E-05 0.245041 0.00868235 0.0989153 0.0542481
0.0263086 0.130453 0.0172075 0.0525085 0.274775 0.00649441 0.351491 0.0348088 0.0357418 0.0702122
0.129973 0.0287737 9.9982E-05 9.9982E-05 0.501319 0.0200099 0.195273 0.0155179 0.0511046 0.0578295
0.00020658 0.16278 0.0571665 9.9964E-05 0.332506 0.014012 0.432929 9.9964E-05 9.9964E-05 9.9964E-05
9.9964E-05 0.00764658 9.9964E-05 0.145903 0.267253 0.139508 0.408262 9.9964E-05 0.0310273 9.9964E-05
0.0703067 0.0483455 9.9955E-05 9.9955E-05 0.552998 9.9955E-05 0.241335 9.9955E-05 9.9955E-05 0.0865153
0.0526922 0.0459831 9.9982E-05 0.105646 0.202001 0.0938662 0.382426 0.0699388 0.0472466 9.9982E-05
0.0521359 9.9982E-05 0.0311636 0.0492427 0.274065 0.0322589 0.475508 0.00166873 9.9982E-05 0.0837571
0.176873 0.11172 9.9946E-05 9.9946E-05 0.616742 0.0940651 9.9946E-05 9.9946E-05 9.9946E-05 9.9946E-05
0.121683 9.9955E-05 9.9955E-05 9.9955E-05 0.633666 0.0721661 0.147442 0.0245424 9.9955E-05 9.9955E-05
0.0250055 0.0256082 0.0328339 9.9964E-05 0.408064 9.9964E-05 0.469495 9.9964E-05 9.9964E-05 0.0385931
0.130955 0.0871284 9.9973E-05 9.9973E-05 0.546049 0.146166 0.0406077 0.0332999 9.9973E-05 0.0154935
9.9955E-05 0.151418 9.9955E-05 9.9955E-05 0.369842 0.0218759 0.37837 0.0779943 9.9955E-05 9.9955E-05
0.00839142 0.59859 9.9973E-05 0.0215659 9.9973E-05 0.0620252 0.00696801 0.0720094 9.9973E-05 0.23015
0.309064 0.23556 9.9955E-05 9.9955E-05 9.9955E-05 9.9955E-05 0.226815 0.0456592 9.9955E-05 0.182401
0.115094 0.339266 0.0285257 0.0686296 9.9973E-05 9.9973E-05 0.290944 9.9973E-05 0.0365184 0.120723
9.9973E-05 0.257068 0.0158948 9.9973E-05 0.0153308 9.9973E-05 0.555007 0.00646868 0.0461515 0.103779
9.9955E-05 0.499758 9.9955E-05 9.9955E-05 0.0684624 0.0490561 0.184602 9.9955E-05 9.9955E-05 0.197622
0.0812554 0.0386737 0.00918181 9.9982E-05 9.9982E-05 0.0752498 0.525487 0.109624 0.0399548 0.120374
9.9964E-05 0.137919 9.9964E-05 9.9964E-05 9.9964E-05 0.0246483 0.566807 0.0402729 0.0633809 0.166573
9.9964E-05 0.375114 9.9964E-05 0.0371926 9.9964E-05 9.9964E-05 0.410005 0.0548267 0.039285 0.0831768
0.0327581 0.269187 0.0339589 9.9973E-05 9.9973E-05 0.126743 0.310875 9.9973E-05 0.14425 0.0819284
0.0202065 0.21512 0.060316 0.0417856 9.9982E-05 0.155179 0.316322 9.9982E-05 0.0751757 0.115696
9.9955E-05 0.518163 9.9955E-05 9.9955E-05 9.9955E-05 0.144205 0.072107 9.9955E-05 0.0836388 0.181386
9.9955E-05 0.29779 9.9955E-05 9.9955E-05 9.9955E-05 0.0501073 0.350738 0.0404787 9.9955E-05 0.260386
0.130531 0.169849 9.9964E-05 9.9964E-05 9.9964E-05 9.9964E-05 0.554568 0.0330438 0.00298547 0.108623
9.9964E-05 0.244229 9.9964E-05 9.9964E-05 9.9964E-05 0.0300579 0.579252 0.0767242 0.0549288 0.0144084
0.11933 0.125512 0.0267685 9.9973E-05 9.9973E-05 0.0232082 0.394088 0.0905305 9.9973E-05 0.220263
0.149396 0.121864 9.9964E-05 9.9964E-05 9.9964E-05 9.9964E-05 0.509347 0.0872743 0.044014 0.087705
9.9973E-05 0.265649 0.0394236 0.0263581 0.0757935 9.9973E-05 0.352229 0.0378815 9.9973E-05 0.202365
0.00324821 0.281367 0.0348485 9.9964E-05 9.9964E-05 0.00666766 0.586259 9.9964E-05 9.9964E-05 0.0872094
0.00591864 0.0946344 0.0633056 9.9982E-05 0.0756796 0.0516966 0.466197 9.9982E-05 0.0913239 0.151044
0.0547464 0.091112 0.0784561 0.0256195 0.027121 0.0157801 0.469547 0.0621976 0.105367 0.0700531
9.9982E-05 0.0225825 0.250933 0.117534 0.0233541 0.000143776 0.433983 0.103672 0.047597 9.9982E-05
0.0396281 9.9964E-05 0.171989 9.9964E-05 9.9964E-05 0.0569154 0.490941 0.100807 0.13932 9.9964E-05
0.0199019 0.0632698 0.0622926 0.13299 0.0513999 0.034353 0.453998 0.015457 0.166238 9.9991E-05
0.103393 0.129879 0.0747719 0.0635706 9.9973E-05 9.9973E-05 0.535513 0.0665683 0.0260043 9.9973E-05
0.0873664 0.101292 0.0724007 0.130107 9.9982E-05 0.0078284 0.42399 0.0381198 0.138696 9.9982E-05
0.143555 0.218981 9.9973E-05 9.9973E-05 0.188183 0.0117091 0.384029 9.9973E-05 0.0314605 0.0217819
0.116309 0.100445 0.157014 0.012731 9.9973E-05 9.9973E-05 0.516797 0.0791172 0.0172876 9.9973E-05
0.0209959 0.0519319 9.9973E-05 0.167265 0.217895 0.133586 9.9973E-05 0.304738 0.103289 9.9973E-05
9.99812E-05 0.0580749 0.14272 9.99812E-05 9.99812E-05 0.0762359 0.474061 0.0786688 0.138608 0.0313312
0.139389 0.050553 9.9973E-05 0.133285 0.015577 9.9973E-05 0.418119 0.0515061 0.191271 9.9973E-05
0.0537694 0.0736322 9.9982E-05 0.0666189 0.0985246 9.9982E-05 0.469383 0.02103 0.175174 0.0416675
0.0161868 0.120353 0.192916 9.9973E-05 0.0172798 0.0296387 0.366181 0.257144 9.9973E-05 9.9973E-05
9.9973E-05 0.00867055 0.155024 0.0860535 0.0854562 9.9973E-05 0.475544 0.04259 0.146362 9.9973E-05
0.0262652 9.9973E-05 0.0653847 0.124058 0.06234 9.9973E-05 0.606021 0.0218049 0.0938263 9.9973E-05
0.0573916 9.9964E-05 0.079237 0.253784 9.9964E-05 0.0199935 9.9964E-05 0.474422 0.114772 9.9964E-05
9.9955E-05 9.9955E-05 9.9955E-05 0.176778 0.0208918 9.9955E-05 0.383524 0.185356 0.23295 9.9955E-05
9.9982E-05 0.0139621 0.0180784 0.0852027 0.0392539 0.00316017 0.542067 0.132396 0.16568 9.9982E-05
9.9973E-05 9.9973E-05 0.057289 0.0830775 0.137597 0.00805889 0.550209 0.0285741 0.134895 9.9973E-05
9.9955E-05 9.9955E-05 0.102308 0.0540764 9.9955E-05 9.9955E-05 0.606205 0.153912 0.0829998 9.9955E-05
9.9991E-05 0.00960541 0.026269 0.0959644 0.0272536 0.109485 0.441306 0.0592595 0.20275 0.0280062
0.380024 9.9982E-05 0.025244 9.9982E-05 0.0284005 0.0810332 0.342733 0.00776392 0.116385 0.0182162
0.17365 0.139771 9.9973E-05 0.0275628 0.112894 9.9973E-05 0.391181 0.0809079 0.073734 9.9973E-05
0.68665 0.172036 9.9946E-05 9.9946E-05 0.107188 0.0335271 9.9946E-05 9.9946E-05 9.9946E-05 9.9946E-05
0.865863 9.99549E-05 9.99549E-05 0.0552007 0.0143581 0.0287392 9.99549E-05 9.99549E-05 9.99549E-05 0.0353393
0.238697 0.113664 0.104586 9.9964E-05 9.9964E-05 9.9964E-05 0.453357 0.0184325 0.070864 9.9964E-05
0.0719033 9.9973E-05 0.0816719 9.9973E-05 0.0303894 9.9973E-05 0.406127 0.108624 0.256814 0.04417
0.0884713 9.9955E-05 0.018784 9.9955E-05 9.9955E-05 9.9955E-05 0.410501 0.220647 0.261098 9.9955E-05
0.170122 0.0425289 0.0616839 0.126354 0.0127602 9.9982E-05 0.12532 0.184312 0.276719 9.9982E-05
0.0857746 0.0536057 0.0445485 0.111497 9.9973E-05 9.9973E-05 0.366213 0.127385 0.210676 9.9973E-05
0.543868 9.9964E-05 0.130828 9.9964E-05 0.0270483 9.9964E-05 0.123781 0.146989 0.0270863 9.9964E-05
0.570559 9.9955E-05 9.9955E-05 0.0749918 9.9955E-05 9.9955E-05 0.110213 0.141151 0.102586 9.9955E-05
0.245991 0.015608 9.9982E-05 0.0122462 9.9982E-05 0.0349638 0.553325 0.0530738 0.0823655 0.00222663
0.388359 9.9955E-05 0.101543 0.0101339 9.9955E-05 9.9955E-05 0.472169 9.9955E-05 0.0272953 9.9955E-05
0.583448 9.9964E-05 0.0347549 0.0733813 9.9964E-05 9.9964E-05 0.224713 0.0410826 0.0422209 9.9964E-05
0.320861 0.060065 0.0698219 9.9964E-05 9.9964E-05 9.9964E-05 0.466024 9.9964E-05 0.0587755 0.0240526
0.258183 9.9955E-05 0.00522794 9.9955E-05 0.120026 9.9955E-05 0.42592 9.9955E-05 0.190143 9.9955E-05
0.188334 0.107057 0.0358221 0.066457 0.0705263 9.9982E-05 0.464631 0.0117795 0.0551929 9.9982E-05
0.626346 0.00645579 9.9946E-05 9.9946E-05 9.9946E-05 9.9946E-05 0.312887 9.9946E-05 9.9946E-05 0.0537119
0.409499 0.100973 9.9964E-05 9.9964E-05 0.125149 0.0649023 0.183423 9.9964E-05 0.115653 9.9964E-05
0.290994 9.9964E-05 9.9964E-05 0.0384337 0.0821981 9.9964E-05 0.497192 9.9964E-05 0.0295075 0.0612748
0.299905 9.9964E-05 9.9964E-05 0.0894992 9.9964E-05 0.0412275 0.358483 9.9964E-05 0.0545177 0.155967
0.17344 9.9982E-05 9.9982E-05 0.0342336 0.0263989 0.041984 0.444197 0.0722806 0.0897935 0.117473
0.474108 9.9955E-05 9.9955E-05 0.00424072 0.0733743 9.9955E-05 0.367998 0.0797798 9.9955E-05 9.9955E-05
0.657856 9.9946E-05 9.9946E-05 9.9946E-05 0.121436 9.9946E-05 0.192884 9.9946E-05 9.9946E-05 0.0272245
0.307528 9.9955E-05 9.9955E-05 0.0098248 9.9955E-05 0.063888 0.520648 0.0976106 9.9955E-05 9.9955E-05
0.163288 0.0211032 0.0351238 0.0412627 0.124692 9.9982E-05 0.497549 0.0235161 0.0932641 9.9982E-05
0.714219 0.0399401 9.9946E-05 9.9946E-05 9.9946E-05 9.9946E-05 0.232047 9.9946E-05 0.0131947 9.9946E-05
0.499334 9.9955E-05 0.00155139 0.0827189 9.9955E-05 9.9955E-05 0.400005 9.9955E-05 9.9955E-05 0.0158908
0.167636 9.9964E-05 9.9964E-05 0.0971078 9.9964E-05 0.161793 0.475723 9.9964E-05 0.0675897 0.0297512
0.347934 9.9964E-05 9.9964E-05 0.0946681 0.0716918 0.139441 0.336856 9.9964E-05 9.9964E-05 0.00900919
0.0254202 0.0623037 0.0461842 0.0604069 0.175163 9.9973E-05 0.471043 9.9973E-05 0.159179 9.9973E-05
0.0852277 0.0540473 9.9991E-05 0.0813601 0.0359141 0.0170267 0.38947 0.109161 0.0956947 0.131999
9.9973E-05 0.0229259 0.183725 9.9973E-05 0.122514 9.9973E-05 0.320985 0.100716 0.212053 0.0367809
9.9964E-05 0.243274 0.172875 9.9964E-05 0.111404 9.9964E-05 0.23477 0.0603547 0.176923 9.9964E-05
9.9964E-05 0.0416981 0.173093 9.9964E-05 0.120967 9.9964E-05 0.47946 9.9964E-05 0.170507 0.0138751
0.165038 9.9982E-05 0.119019 0.0981164 0.0458477 9.9982E-05 0.442001 0.0348101 0.057311 0.0376562
0.58337 9.9964E-05 0.208344 0.00901393 9.9964E-05 9.9964E-05 9.9964E-05 0.062582 0.103083 0.0332075
0.131106 9.9982E-05 0.0424885 0.0084021 0.0177121 9.9982E-05 0.570198 0.063118 0.16134 0.00543591
0.418673 9.9955E-05 0.221851 0.116582 9.9955E-05 9.9955E-05 9.9955E-05 0.217258 0.0251352 9.9955E-05
0.31309 9.9955E-05 0.040851 0.0528995 9.9955E-05 9.9955E-05 0.498041 9.9955E-05 0.0946193 9.9955E-05
0.77789 9.9946E-05 9.9946E-05 9.9946E-05 0.00221882 0.121207 0.0980838 9.9946E-05 9.9946E-05 9.9946E-05
0.870034 9.9937E-05 9.9937E-05 0.0419488 9.9937E-05 0.0873178 9.9937E-05 9.9937E-05 9.9937E-05 9.9937E-05
