0.053808 0.631086 0.22861 9.9991E-05 0.0863954
9.999E-05 0.721195 0.250025 0.0230068 0.00567399
0.105268 0.542667 0.319738 9.9991E-05 0.0322278
0.103512 0.711158 0.150288 9.9991E-05 0.0349412
0.0696075 0.779336 0.145948 9.9991E-05 0.00500914
0.0373151 0.790461 9.9991E-05 0.108128 0.0639961
0.116223 0.619692 0.0836014 0.170649 0.00983431
0.149096 0.686651 0.158964 9.9991E-05 0.00518949
0.698955 9.9982E-05 9.9982E-05 0.28135 0.0194949
9.997E-05 9.997E-05 9.997E-05 9.997E-05 0.9996
9.997E-05 9.997E-05 9.997E-05 9.997E-05 0.9996
0.0121216 0.0175578 0.0428531 0.927367 9.9991E-05
0.416194 0.085682 0.115769 0.319488 0.0628663
0.687248 0.000256151 9.9991E-05 0.278747 0.0336482
0.0535768 9.9991E-05 0.0152076 0.920084 0.0110314
0.118209 9.9982E-05 0.0222224 0.859369 9.9982E-05
0.0416226 0.0239893 9.9982E-05 0.934188 9.9982E-05
0.106652 0.577588 0.270763 0.00717382 0.0378233
9.9982E-05 0.892604 0.0659775 9.9982E-05 0.0412181
9.9982E-05 0.947776 0.00590839 9.9982E-05 0.0461159
9.9973E-05 0.987712 9.9973E-05 9.9973E-05 0.0119884
0.0213202 0.904634 0.00394266 0.0294285 0.0406745
0.0105144 0.856295 0.110714 9.9991E-05 0.0223766
0.0257767 0.973923 9.9973E-05 9.9973E-05 9.9973E-05
0.417653 9.9973E-05 9.9973E-05 0.582047 9.9973E-05
0.265002 0.121397 9.9991E-05 0.597317 0.0161838
0.217518 0.0828754 0.0200688 0.637173 0.0423642
0.0414438 0.137517 0.0388074 0.722834 0.0593975
9.9973E-05 0.676705 9.9973E-05 0.322995 9.9973E-05
9.9991E-05 0.507602 0.0240523 0.414649 0.0535974
0.056965 0.0650281 9.9991E-05 0.862691 0.0152156
9.9982E-05 0.307981 0.117046 0.574773 9.9982E-05
0.0589217 0.782963 0.0657613 0.0922541 9.9991E-05
9.9991E-05 0.826568 0.107402 0.00150762 0.0644226
9.997E-05 0.9996 9.997E-05 9.997E-05 9.997E-05
0.107174 0.865152 9.9982E-05 9.9982E-05 0.0274745
9.9982E-05 0.910419 9.9982E-05 0.00880926 0.0805719
9.9991E-05 0.818041 0.141022 0.0012271 0.0396103
9.9973E-05 0.763178 0.236522 9.9973E-05 9.9973E-05
0.0369118 0.777171 0.144494 0.0373102 0.00411309
0.0560525 0.788979 0.154768 9.9982E-05 9.9982E-05
0.078108 0.766128 0.155564 9.9982E-05 9.9982E-05
0.589352 0.39807 9.9982E-05 9.9982E-05 0.0123779
0.593201 0.406499 9.9973E-05 9.9973E-05 9.9973E-05
0.626575 0.310918 0.0623079 9.9982E-05 9.9982E-05
0.702009 0.241342 0.0564493 9.9982E-05 9.9982E-05
0.0393698 9.9973E-05 9.9973E-05 0.96033 9.9973E-05
0.9996 9.997E-05 9.997E-05 9.997E-05 9.997E-05
0.9996 9.997E-05 9.997E-05 9.997E-05 9.997E-05
9.9991E-05 0.78572 0.100445 0.0703659 0.0433698
0.11167 0.56177 0.245991 0.035499 0.0450705
0.690504 0.280105 0.0148478 9.9991E-05 0.0144435
0.0107418 9.9973E-05 9.9973E-05 9.9973E-05 0.988958
9.9982E-05 0.467478 0.179682 0.35264 9.9982E-05
0.156864 9.9973E-05 9.9973E-05 0.842836 9.9973E-05
0.2661 9.9991E-05 0.0561113 0.664739 0.0129495
9.997E-05 9.997E-05 0.9996 9.997E-05 9.997E-05
9.9973E-05 9.9973E-05 0.997121 0.00257915 9.9973E-05
9.9982E-05 0.39946 0.524226 0.0761138 9.9982E-05
0.0509005 0.133462 0.77677 0.0228421 0.0160251
9.9982E-05 0.225483 0.757565 9.9982E-05 0.0167528
0.696162 9.9991E-05 0.0222932 0.236705 0.0447399
0.0389763 9.9982E-05 9.9982E-05 0.937512 0.0233114
0.19216 9.9982E-05 9.9982E-05 0.779108 0.0285323
0.135269 9.9991E-05 0.0119294 0.782251 0.0704503
9.9973E-05 0.342688 9.9973E-05 0.657012 9.9973E-05
9.9991E-05 0.569162 0.05385 0.365853 0.0110351
0.0770788 9.9973E-05 9.9973E-05 0.922621 9.9973E-05
0.112459 9.9982E-05 0.0288817 0.85846 9.9982E-05
0.0684353 0.230585 0.0393214 0.617673 0.0439852
9.9982E-05 0.39783 0.0865358 0.515435 9.9982E-05
0.0855608 9.9982E-05 9.9982E-05 0.912796 0.00144325
0.037233 9.9982E-05 9.9982E-05 0.941976 0.0205913
0.0219901 0.583245 0.356201 9.9991E-05 0.0384634
9.9982E-05 0.81629 0.102177 9.9982E-05 0.0813328
9.997E-05 9.997E-05 9.997E-05 0.9996 9.997E-05
0.0530602 9.9991E-05 0.0624897 0.859127 0.0252231
9.9973E-05 9.9973E-05 0.0504047 0.949295 9.9973E-05
0.38253 0.43551 0.181521 9.9991E-05 0.000339407
0.268229 0.393694 0.308217 9.9991E-05 0.0297606
0.261746 0.619745 9.9982E-05 9.9982E-05 0.118309
0.184493 0.684647 0.076371 9.9991E-05 0.0543891
9.9982E-05 0.454187 0.0554893 0.490124 9.9982E-05
9.9982E-05 0.418159 9.9982E-05 0.548484 0.0331572
9.9991E-05 0.417436 0.0472211 0.44505 0.0901932
0.188755 9.9982E-05 0.784505 9.9982E-05 0.0265401
0.96132 9.9982E-05 9.9982E-05 0.01223 0.0262497
0.0524735 0.775691 0.169178 9.9991E-05 0.00255788
0.190244 0.686434 0.0853163 0.00276321 0.0352418
0.035137 0.755607 0.129999 9.9991E-05 0.0791573
0.132104 0.652533 0.205495 9.9991E-05 0.00976773
0.102983 0.658986 0.237831 9.9982E-05 9.9982E-05
9.9991E-05 0.7585 0.13723 0.0461917 0.0579783
0.0472076 0.890133 0.0456998 9.9991E-05 0.0168599
9.9991E-05 0.788191 0.135125 0.0346136 0.0419709
0.0707685 0.729026 0.161901 9.9991E-05 0.038205
0.110977 0.888723 9.9973E-05 9.9973E-05 9.9973E-05
0.0585461 0.705118 0.200656 9.9991E-05 0.0355804
9.9982E-05 0.0203943 0.919293 9.9982E-05 0.0601122
9.9982E-05 0.0931565 0.891265 9.9982E-05 0.015379
9.9973E-05 0.0108879 0.988812 9.9973E-05 9.9973E-05
9.9982E-05 0.017695 0.976133 9.9982E-05 0.0059719
9.9973E-05 9.9973E-05 0.980813 9.9973E-05 0.0188867
0.0677525 0.0808648 0.0212751 0.805959 0.0241489
9.9982E-05 0.105793 0.0939357 0.800071 9.9982E-05
0.0726489 0.0807916 9.9982E-05 0.84636 9.9982E-05
9.9973E-05 0.168268 9.9973E-05 0.831432 9.9973E-05
9.9991E-05 0.402366 0.0973405 0.438564 0.0616291
