0.0997252 0.864237 9.9982E-05 0.0295575 0.0062809 9.9982E-05
0.024529 0.934256 9.9973E-05 9.9973E-05 0.0409146 9.9973E-05
0.0523986 0.820064 0.0680067 0.0593303 9.9982E-05 9.9982E-05
0.122958 0.75516 9.9973E-05 0.121582 9.9973E-05 9.9973E-05
0.0540369 0.8385 0.0553496 0.0470334 9.9991E-05 0.00498005
0.107617 0.635649 0.0180497 0.0918398 0.0632824 0.0835623
0.116076 0.824327 0.00611034 0.0347282 9.9991E-05 0.0186583
0.125655 0.701462 9.9982E-05 0.0334324 9.9982E-05 0.139251
0.0749428 0.819961 9.9982E-05 9.9982E-05 0.0150655 0.089831
0.0301408 0.709693 0.104691 0.0757444 0.00395424 0.0757766
0.161142 0.746251 0.0679575 9.9982E-05 9.9982E-05 0.0244491
0.416968 9.9982E-05 0.250358 0.0692767 0.263198 9.9982E-05
0.321164 9.9982E-05 0.51329 0.0741613 0.0911849 9.9982E-05
0.419283 0.00400093 0.328109 0.0586815 0.0874923 0.102433
0.373935 0.00722735 0.365079 0.16697 0.0319016 0.0548874
0.20712 0.0761768 0.407331 0.149786 0.0819574 0.0776289
0.185614 0.097634 0.527983 0.0768299 0.0531585 0.0587808
0.203022 9.9991E-05 0.395284 0.141545 0.175337 0.0847126
0.31414 0.110249 0.321059 0.0988272 0.155624 9.9991E-05
0.651746 0.0335717 0.0122843 0.0804936 0.0479493 0.173956
0.305315 9.9991E-05 0.380101 0.0868227 0.114571 0.11309
0.149446 0.00184136 0.538405 0.0432839 0.0558484 0.211175
0.219473 0.0626325 0.600237 0.0056583 0.0776004 0.0343992
0.337376 9.9991E-05 0.267371 0.0961755 0.281798 0.0171797
0.102076 0.102695 0.62389 0.0377657 0.0563623 0.0772107
0.257562 0.0117315 0.497565 0.17427 0.0587717 9.9991E-05
0.545215 9.9982E-05 0.152774 0.154267 0.147544 9.9982E-05
0.427673 0.0530014 0.134075 0.214667 0.170484 9.9991E-05
0.395386 0.00218769 0.302424 9.9991E-05 0.190414 0.109487
9.9973E-05 0.828518 0.0845366 0.0866457 9.9973E-05 9.9973E-05
9.9973E-05 0.837005 0.138406 0.0242894 9.9973E-05 9.9973E-05
9.9973E-05 0.776599 0.177954 9.9973E-05 0.0451467 9.9973E-05
9.9982E-05 0.675057 0.0609978 0.118948 0.144797 9.9982E-05
0.0623473 0.0552504 0.561985 9.9991E-05 0.182043 0.138274
0.0868187 0.024206 0.480911 0.11011 0.292325 0.00562928
9.9982E-05 0.00919357 0.64171 9.9982E-05 0.310273 0.0386237
0.565921 0.0712292 0.223039 9.9982E-05 0.139611 9.9982E-05
0.0127186 0.0433159 0.349952 9.9991E-05 0.531851 0.0620624
0.0758476 0.0685718 0.52464 0.0887249 0.242116 9.9991E-05
9.9991E-05 0.0268886 0.720483 0.0287765 0.187911 0.0358403
0.0185557 0.133415 0.612296 9.9991E-05 0.131133 0.104501
0.0155163 0.128462 0.632232 9.9991E-05 0.156902 0.0667873
0.124855 0.0145951 0.075233 0.0126787 0.772538 9.9991E-05
0.0689688 0.0754458 0.654076 0.0222464 0.106718 0.0725457
0.033369 0.0412969 0.645196 0.0397061 0.221452 0.0189795
0.0218829 0.127699 0.50028 0.159738 0.1903 9.9991E-05
9.9964E-05 9.9964E-05 0.319225 9.9964E-05 0.680375 9.9964E-05
9.9973E-05 0.0479332 0.670764 9.9973E-05 0.281003 9.9973E-05
0.0499797 0.0881073 0.562083 0.0583164 0.172492 0.069022
0.0306623 0.0449925 9.9982E-05 9.9982E-05 0.588303 0.335843
0.421627 9.9991E-05 0.212519 0.000647437 0.189435 0.175672
0.188421 0.0115546 0.111091 0.0261203 0.222115 0.440698
0.153734 0.127422 0.592321 0.0685814 0.0150324 0.0429094
0.0890362 0.076879 0.601422 0.096 0.0119533 0.124709
0.0848302 0.0753675 0.493158 0.128181 0.0887096 0.129754
0.321125 0.0968332 0.161528 0.0143568 0.306928 0.099229
0.222284 0.0211102 0.592677 9.9991E-05 0.110277 0.0535522
0.0761963 0.0100098 0.648017 0.12677 0.0598838 0.0791241
0.279859 0.111549 0.408193 9.9991E-05 0.196012 0.00428722
0.365238 0.178321 0.0914931 0.0411172 0.148562 0.175268
0.0732697 0.0922507 0.620682 9.9991E-05 0.206347 0.0073503
0.223895 0.083113 0.499285 0.0260603 0.110187 0.0574593
0.522139 0.0298774 0.0578673 9.9991E-05 0.242963 0.147053
0.263771 0.0273543 0.559137 9.9991E-05 0.104016 0.0456223
0.0962009 0.0213294 0.591525 0.0702825 0.165006 0.0556556
0.212965 0.125772 0.605013 0.0211955 0.000863521 0.034191
0.298446 0.0310026 0.303008 0.0252547 0.230539 0.111749
0.173526 9.9991E-05 0.563324 0.0393624 0.137378 0.0863092
9.9991E-05 0.1206 0.643788 0.015461 0.150545 0.0695069
0.435326 0.0438591 0.196437 9.9991E-05 0.278871 0.0454074
0.0354725 9.9982E-05 0.518746 9.9982E-05 0.426092 0.0194894
0.108528 9.9982E-05 0.157718 0.0494567 0.684098 9.9982E-05
0.114425 0.0613533 0.547812 0.0570204 0.21929 9.9991E-05
9.9973E-05 0.00295884 9.9973E-05 9.9973E-05 0.859633 0.137108
0.030083 9.9973E-05 9.9973E-05 9.9973E-05 0.768453 0.201164
9.9973E-05 9.9973E-05 0.221761 0.0342973 0.743642 9.9973E-05
0.073911 0.0639109 0.402796 0.00902017 0.450262 9.9991E-05
0.0759056 0.127182 0.50892 9.9982E-05 0.287792 9.9982E-05
9.9982E-05 9.9982E-05 0.40617 0.0506924 0.526767 0.0161704
0.165368 0.0476904 0.0252634 0.0833491 0.678229 9.9991E-05
0.285423 9.9982E-05 0.173257 0.033268 0.507852 9.9982E-05
0.0657562 0.0787871 0.480442 0.118357 0.221445 0.0352132
0.0192207 0.0575193 0.307092 9.9982E-05 0.615968 9.9982E-05
0.0857405 0.087014 0.341055 0.0145167 0.471574 9.9991E-05
9.9973E-05 9.9973E-05 0.35414 9.9973E-05 0.574519 0.0710407
9.9964E-05 9.9964E-05 9.9964E-05 9.9964E-05 0.675244 0.324356
0.0294613 9.9982E-05 0.570124 0.0643999 0.335815 9.9982E-05
0.0841824 0.782158 0.122096 0.0113633 9.9982E-05 9.9982E-05
9.9964E-05 0.908503 0.0910974 9.9964E-05 9.9964E-05 9.9964E-05
9.9973E-05 0.852156 0.13463 0.0129136 9.9973E-05 9.9973E-05
9.9973E-05 0.907587 0.0905033 9.9973E-05 9.9973E-05 0.00160952
9.9982E-05 0.874926 0.0794174 0.000827875 0.0446286 9.9982E-05
9.9991E-05 0.877039 0.0422374 0.0345762 0.0329365 0.0131107
0.0104582 0.923846 0.0501204 0.0153753 9.9982E-05 9.9982E-05
0.055702 0.110513 0.534434 0.0366277 0.262623 9.9991E-05
0.0614468 0.0695151 0.477143 0.147552 0.244244 9.9991E-05
0.0559555 0.052935 0.0432454 9.9991E-05 0.81549 0.0322745
0.0713613 0.0367776 0.53715 0.153871 0.20074 9.9991E-05
0.116993 0.0133615 0.448491 9.9982E-05 0.420955 9.9982E-05
9.9973E-05 0.0606939 0.617577 9.9973E-05 0.321429 9.9973E-05
9.9982E-05 0.106179 0.560412 9.9982E-05 0.238126 0.0950831
9.9982E-05 9.9982E-05 0.418304 0.120638 0.450329 0.0105294
0.196653 0.0418134 9.9982E-05 9.9982E-05 0.724685 0.0366488
0.0656206 0.118449 0.580237 9.9991E-05 0.114979 0.120614
0.0248718 0.0862195 0.620216 0.00376219 0.26483 9.9991E-05
0.0764654 0.0166034 0.548141 0.133539 0.179595 0.0456555
9.9982E-05 9.9982E-05 0.291443 0.000327604 0.504152 0.203877
0.0141254 9.9982E-05 0.507251 9.9982E-05 0.432112 0.0463108
0.109253 9.9991E-05 0.416035 0.0381181 0.385446 0.0510477
9.9982E-05 9.9982E-05 0.254096 0.0939189 0.61788 0.0339045
0.0290308 0.126293 0.368621 9.9982E-05 0.475855 9.9982E-05
0.0353474 0.126098 0.507302 0.0729216 0.212991 0.0453402
0.31216 0.0415586 0.269373 0.0533691 0.0146358 0.308904
0.324973 0.0920968 0.430882 0.0973311 0.03517 0.019547
0.234257 0.0985063 0.496261 0.131352 9.9991E-05 0.0395241
0.190949 0.0534042 0.578146 0.0600274 0.0812115 0.0362625
0.308252 0.0812238 0.605356 9.9982E-05 9.9982E-05 0.00496813
0.22826 9.9982E-05 0.692151 0.021163 9.9982E-05 0.058226
0.438305 9.9973E-05 0.51981 9.9973E-05 0.0415843 9.9973E-05
0.217088 0.0652793 0.543917 0.00619409 0.0924549 0.0750674
0.171722 0.117871 0.600615 0.00128259 0.0942209 0.014289
0.151309 0.0325677 0.663454 9.9991E-05 0.116646 0.0359234
0.403112 9.9973E-05 0.586396 9.9973E-05 0.0101918 9.9973E-05
0.0805068 0.0540353 0.611481 0.0762793 0.0698199 0.107878
0.152482 0.0262861 0.561495 0.100071 0.0338344 0.125832
0.23107 9.9982E-05 0.459178 0.117735 0.191817 9.9982E-05
0.118246 0.0784727 0.686306 9.9982E-05 9.9982E-05 0.116776
0.176097 9.9991E-05 0.550172 0.0942136 0.0736179 0.105799
0.258126 0.0897727 0.457866 9.9982E-05 9.9982E-05 0.194035
0.190754 0.0252438 0.63213 0.0593117 0.0438449 0.0487159
0.180334 9.9973E-05 0.732133 0.0872325 9.9973E-05 9.9973E-05
0.409862 9.9991E-05 0.204052 0.124952 0.209135 0.0518995
0.309564 0.0124156 0.244658 0.0404818 0.0291316 0.363749
0.234541 0.0745661 0.394826 0.0635649 0.132257 0.100245
0.282672 9.9991E-05 0.078975 0.0600888 0.194204 0.38396
0.384153 9.9991E-05 0.290203 0.024821 0.219022 0.0817012
0.263253 9.9982E-05 0.390288 9.9982E-05 0.216428 0.129831
0.456248 0.0493257 0.333499 9.9982E-05 0.160727 9.9982E-05
0.487972 9.9982E-05 0.323176 0.0293208 0.159331 9.9982E-05
0.214109 0.0383471 0.535851 0.104334 0.0676896 0.0396698
0.0226851 0.13367 0.443072 0.0973978 0.164368 0.138807
0.171317 0.0347966 0.603495 9.9991E-05 0.0769525 0.113339
0.413713 9.9991E-05 0.149337 0.0729531 0.0722966 0.2916
0.0311809 0.171469 0.536993 0.0128362 0.205324 0.042197
9.9982E-05 0.0373566 0.634324 9.9982E-05 0.064545 0.263575
0.146521 0.16813 0.0570257 9.9991E-05 0.109627 0.518597
9.9982E-05 0.0974 0.747249 9.9982E-05 0.00787747 0.147273
9.9991E-05 0.0920879 0.350594 0.00269398 0.216344 0.338179
0.0618273 0.0381439 0.491035 0.136099 0.0281708 0.244724
0.123389 0.134292 0.303354 0.0164965 0.0995168 0.322952
0.112628 0.0771556 0.266881 9.9991E-05 0.0572597 0.485976
0.124411 0.0378267 0.434564 9.9991E-05 0.119621 0.283477
0.139764 0.113782 0.502151 0.0721791 0.00953393 0.16259
9.9991E-05 0.109987 0.42137 0.124244 0.140366 0.203933
0.15066 0.0410595 0.0284784 0.194356 0.160958 0.424487
0.0716964 0.0367645 0.62097 0.0690256 0.0766804 0.124864
0.06908 9.9982E-05 0.479551 9.9982E-05 0.165326 0.285843
0.104016 9.9982E-05 0.562109 9.9982E-05 0.0917626 0.241912
0.0141858 0.116802 0.49587 0.136853 0.177456 0.0588338
0.00944292 0.335077 0.2128 0.244274 9.9991E-05 0.198306
9.9973E-05 0.529771 9.9973E-05 0.137752 9.9973E-05 0.332177
9.9973E-05 0.443365 9.9973E-05 0.129536 9.9973E-05 0.4268
0.0497245 0.389012 0.0820614 0.312446 9.9991E-05 0.166656
0.00615164 9.9982E-05 0.658634 9.9982E-05 0.109237 0.225777
0.100742 0.071433 0.65363 0.0822404 9.9991E-05 0.0918539
9.9973E-05 9.9973E-05 0.205098 0.754091 0.0405109 9.9973E-05
0.0786208 0.0118517 0.312559 0.453435 0.143433 9.9991E-05
0.0576532 0.0908202 0.31496 0.389409 0.0701457 0.0770115
0.0482776 0.00219518 0.381112 9.9991E-05 0.0101221 0.558193
0.0149766 0.115298 0.455842 0.0956007 0.125149 0.193133
0.0141414 9.9991E-05 0.252554 0.0284621 0.0290207 0.675722
0.0126346 0.0190112 0.692193 9.9991E-05 0.0456477 0.230413
0.0417887 9.9991E-05 0.509979 0.052066 0.108917 0.287149
0.0282149 0.0268304 0.628758 0.0504659 9.9991E-05 0.265631
0.0831086 9.9991E-05 0.236267 0.00744653 0.0997443 0.573333
0.0493422 0.0231032 0.645309 0.0647954 0.136463 0.0809867
0.0387302 0.030177 0.679924 0.0686962 9.9991E-05 0.182373
9.9964E-05 9.9964E-05 9.9964E-05 0.952669 0.0469315 9.9964E-05
9.9973E-05 9.9973E-05 0.0688331 0.911111 0.0197556 9.9973E-05
0.0873368 0.048644 0.20521 0.577318 0.081391 9.9991E-05
0.0170296 0.0094063 0.306312 0.665162 0.00199034 9.9991E-05
9.9973E-05 9.9973E-05 0.105282 0.842996 0.0514221 9.9973E-05
9.996E-05 9.996E-05 9.996E-05 0.9995 9.996E-05 9.996E-05
0.0638285 9.9964E-05 9.9964E-05 0.935772 9.9964E-05 9.9964E-05
9.9964E-05 9.9964E-05 0.232871 0.766729 9.9964E-05 9.9964E-05
0.0177334 9.9973E-05 9.9973E-05 0.96253 0.0194367 9.9973E-05
9.996E-05 9.996E-05 9.996E-05 0.9995 9.996E-05 9.996E-05
9.9964E-05 0.00930664 9.9964E-05 0.990294 9.9964E-05 9.9964E-05
0.000521691 9.9982E-05 0.164641 0.825854 0.0087833 9.9982E-05
9.9973E-05 0.0843322 0.160697 0.754671 9.9973E-05 9.9973E-05
9.9964E-05 9.9964E-05 9.9964E-05 0.957783 0.0418168 9.9964E-05
0.149225 0.0542093 0.276227 0.450835 0.0231484 0.0463552
0.00639741 0.120685 0.28933 0.583387 9.9982E-05 9.9982E-05
0.0230885 0.0563732 0.16082 0.757053 9.9991E-05 0.00256591
9.9973E-05 0.0424416 0.069011 0.888248 9.9973E-05 9.9973E-05
9.9964E-05 9.9964E-05 0.0300089 0.969591 9.9964E-05 9.9964E-05
0.0154196 0.0567593 0.0420991 0.885522 9.9982E-05 9.9982E-05
9.996E-05 9.996E-05 9.996E-05 0.9995 9.996E-05 9.996E-05
0.0490589 0.0236248 0.214052 0.660661 0.0525029 9.9991E-05
0.00990292 0.00883628 0.0450226 0.87493 0.0317848 0.0295237
9.9973E-05 0.350463 9.9973E-05 0.0602017 9.9973E-05 0.589036
0.142498 0.187967 0.391894 0.0937901 9.9991E-05 0.18375
0.0473393 0.273857 0.448523 0.0195777 9.9991E-05 0.210603
9.9982E-05 0.193089 0.18982 0.179626 9.9982E-05 0.437265
9.9991E-05 0.135186 0.493265 0.146764 0.0151664 0.209519
9.9991E-05 0.258066 0.213806 0.101985 0.0507158 0.375327
0.0755864 0.142652 0.459783 0.136548 0.00948451 0.175947
9.9982E-05 0.0936053 0.34443 0.175533 9.9982E-05 0.386232
0.018876 0.103331 0.551126 0.0894642 9.9991E-05 0.237103
9.9982E-05 0.148054 0.326974 0.144397 9.9982E-05 0.380375
0.0835196 0.213059 0.447628 0.0494891 0.0174672 0.188838
0.0496485 0.834244 0.0536263 9.9991E-05 0.028544 0.0338368
9.9982E-05 0.929783 0.00161346 0.0575828 9.9982E-05 0.0108212
0.0589983 0.930661 9.9973E-05 9.9973E-05 0.010041 9.9973E-05
0.0672699 0.88241 0.0500204 9.9973E-05 9.9973E-05 9.9973E-05
0.0672609 0.874135 9.9973E-05 0.0583045 9.9973E-05 9.9973E-05
9.9982E-05 0.861725 9.9982E-05 0.114858 0.0198389 0.00337843
9.9973E-05 0.896975 0.0525628 0.050162 9.9973E-05 9.9973E-05
0.00880429 0.914313 9.9982E-05 9.9982E-05 0.0167449 0.0599383
9.9982E-05 0.898463 0.0637548 0.00954472 0.0280373 9.9982E-05
0.020257 0.86483 9.9982E-05 0.0887209 9.9982E-05 0.0259921
0.260604 0.630625 9.9982E-05 9.9982E-05 0.105955 0.00261595
0.334128 0.565509 9.9973E-05 9.9973E-05 0.100063 9.9973E-05
0.274319 0.540829 9.9982E-05 9.9982E-05 0.0280811 0.156572
0.35503 0.458987 9.9982E-05 9.9982E-05 0.0886806 0.0971027
0.133528 0.0682297 0.532239 0.00490762 0.239316 0.0217807
0.137508 9.9982E-05 0.514031 0.0444472 0.303814 9.9982E-05
0.195488 0.0258157 0.506961 0.0574213 0.214215 9.9991E-05
0.219263 0.0301565 0.458977 9.9991E-05 0.211935 0.079569
0.630272 9.9991E-05 0.161914 0.00847412 0.119767 0.0794731
9.9982E-05 0.0249468 0.672176 0.0496846 0.252993 9.9982E-05
0.0746465 9.9991E-05 0.584657 0.00929377 0.293102 0.0382012
0.096558 9.9991E-05 0.47549 0.0250393 0.305591 0.0972217
9.9982E-05 9.9982E-05 0.402522 0.0263122 0.538797 0.0321687
0.0648169 0.0689273 0.618106 0.0117772 0.1995 0.0368728
0.142936 9.9991E-05 0.3914 0.0129193 0.452448 0.000196374
0.0514518 9.9973E-05 9.9973E-05 9.9973E-05 0.70083 0.247418
0.237993 0.0243007 0.559255 9.9991E-05 0.133281 0.0450701
9.9982E-05 9.9982E-05 0.24786 0.0405772 0.500075 0.211288
0.0302553 9.9982E-05 0.529092 9.9982E-05 0.372683 0.0677693
0.134119 0.0600575 0.0662602 9.9982E-05 0.739363 9.9982E-05
0.743991 0.144817 0.00543034 9.9982E-05 9.9982E-05 0.105561
0.790833 0.0878695 0.0113564 0.0196787 9.9991E-05 0.090162
0.834679 0.0100203 9.9973E-05 9.9973E-05 9.9973E-05 0.155
0.83663 0.0873546 9.9973E-05 9.9973E-05 9.9973E-05 0.0757155
0.834637 9.9982E-05 0.0450873 0.0373902 9.9982E-05 0.0826854
0.804396 0.0381825 0.103804 0.0358338 9.9991E-05 0.0176842
9.9973E-05 0.8472 0.0884021 0.0640981 9.9973E-05 9.9973E-05
0.0741949 0.784697 0.116463 0.0244454 9.9982E-05 9.9982E-05
9.9973E-05 0.728076 0.171721 0.0999038 9.9973E-05 9.9973E-05
0.083214 0.754712 0.049744 0.11213 9.9982E-05 9.9982E-05
0.0769433 0.771053 0.0339037 0.1179 9.9982E-05 9.9982E-05
0.537395 0.38514 9.9982E-05 9.9982E-05 0.00714729 0.0701177
0.404912 0.465545 9.9982E-05 9.9982E-05 0.0132477 0.116094
0.457448 0.426666 9.9982E-05 9.9982E-05 0.0737376 0.0419482
0.0121231 0.820188 0.127201 0.040288 9.9982E-05 9.9982E-05
0.505576 0.371389 9.9982E-05 9.9982E-05 0.0554862 0.0673494
9.9982E-05 0.219774 0.336884 0.292016 9.9982E-05 0.151126
0.0766263 0.127216 0.513278 0.23501 0.0275383 0.0203312
9.9973E-05 0.220209 0.527438 0.252053 9.9973E-05 9.9973E-05
0.00373453 0.282669 0.412882 0.197764 0.0103697 0.0925803
0.0933522 0.173438 0.493321 0.160183 0.0544373 0.0252682
9.9973E-05 0.432757 9.9973E-05 0.284435 9.9973E-05 0.282508
0.437692 9.9982E-05 0.467506 0.0376552 0.0569474 9.9982E-05
0.184152 0.0162543 0.41952 9.9991E-05 0.0673269 0.312647
0.525905 0.0862364 0.322459 9.9982E-05 0.065199 9.9982E-05
0.18547 9.9982E-05 0.562543 9.9982E-05 0.113213 0.138574
0.141465 9.9973E-05 9.9973E-05 9.9973E-05 0.208712 0.649524
0.066269 0.111262 0.481992 0.0862736 0.156161 0.0980425
0.190779 0.0792531 0.500332 9.9991E-05 0.172159 0.0573758
0.397446 0.0242437 0.376503 9.9991E-05 0.127444 0.074263
0.166284 0.105603 0.399835 0.155889 0.144138 0.0282509
0.286112 9.9982E-05 0.145407 9.9982E-05 0.146305 0.421975
0.145896 9.9991E-05 0.440022 0.0564586 0.143672 0.213851
0.321114 9.9991E-05 0.574784 0.0281968 0.0630288 0.0127764
0.130858 0.132058 0.31921 0.246087 0.148665 0.0231211
0.29513 9.9991E-05 0.349812 0.0349039 0.0611241 0.25893
0.283308 9.9991E-05 0.473415 0.0232852 0.0966626 0.123229
0.167133 9.9991E-05 0.509563 0.0976162 0.107599 0.117988
0.155002 9.9982E-05 0.598629 9.9982E-05 0.118824 0.127345
0.139922 9.9991E-05 0.626911 0.0538769 0.177892 0.00129875
0.135475 0.120946 0.473904 0.132678 0.136897 9.9991E-05
0.185676 0.0915709 0.562994 0.0422719 0.0553604 0.0621266
9.9973E-05 0.783067 0.165896 0.0507371 9.9973E-05 9.9973E-05
9.9982E-05 0.86127 0.0320352 0.0286303 0.0778649 9.9982E-05
0.044545 0.774085 0.0511856 9.9991E-05 0.0259962 0.104088
0.0280768 0.813925 9.9973E-05 9.9973E-05 0.157699 9.9973E-05
9.9973E-05 0.833985 0.127728 0.0379874 9.9973E-05 9.9973E-05
0.633741 9.9991E-05 0.160887 0.0841193 0.0396466 0.0815062
0.129336 0.0470432 0.466933 0.0641668 0.16147 0.131051
0.0466966 0.251324 0.431593 0.124167 0.0593207 0.0868994
0.150592 0.00330995 0.655787 0.0751453 0.0770071 0.0381594
0.266172 0.0534091 0.489256 0.0197529 0.171309 9.9991E-05
0.376457 9.9991E-05 0.290112 0.0616686 0.00532854 0.266333
0.622288 0.131981 0.00483044 9.9991E-05 0.144771 0.0960295
0.346432 9.9991E-05 0.503647 0.071078 0.0556721 0.0230706
0.546445 0.0258743 0.177346 0.076201 0.0934516 0.0806825
0.137351 0.0578486 0.425312 0.139779 0.156323 0.0833865
0.569536 0.0666451 0.043124 0.084573 0.142265 0.0938569
0.252823 0.0389816 0.610555 0.0974401 9.9982E-05 9.9982E-05
0.535742 0.0843821 0.155874 0.0395492 0.155152 0.0293016
0.30844 0.0125437 0.35787 0.0396893 0.0248209 0.256636
0.11133 0.0375052 0.501635 9.9991E-05 0.0763122 0.273118
0.137517 9.9973E-05 0.345253 9.9973E-05 9.9973E-05 0.51693
0.0619056 0.109809 0.614699 9.9991E-05 0.0271184 0.186368
0.0329266 0.14328 0.610956 0.0304822 9.9991E-05 0.182256
0.103168 9.9982E-05 0.393658 9.9982E-05 0.023529 0.479445
0.0789166 0.114743 0.475141 0.042893 0.1331 0.155206
0.0120486 0.0786612 0.629824 9.9991E-05 0.110918 0.168449
0.106789 9.9982E-05 0.170212 9.9982E-05 0.0846648 0.638135
9.9973E-05 9.9973E-05 0.343648 9.9973E-05 0.0127487 0.643303
0.0400349 9.9973E-05 0.588578 9.9973E-05 9.9973E-05 0.371087
0.177827 9.9982E-05 0.183097 9.9982E-05 0.0865904 0.552286
0.15037 9.9982E-05 0.493871 9.9982E-05 0.140377 0.215182
0.663173 9.9991E-05 0.0716663 0.0823169 0.153265 0.029479
0.335461 9.9991E-05 0.344188 0.00455184 0.120709 0.19499
0.46421 9.9982E-05 0.311161 0.0937282 0.130701 9.9982E-05
0.1994 9.9991E-05 0.613968 0.0740059 0.0833397 0.0291867
0.500403 9.9991E-05 0.225615 0.00558855 0.197913 0.07038
0.117784 0.0741038 0.556404 0.0545789 0.0307996 0.16633
0.169843 0.0363011 0.580862 0.146127 0.0667663 9.9991E-05
0.264497 0.0184769 0.604638 0.035435 0.0768531 9.9991E-05
0.246865 0.014282 0.468811 0.124579 0.145364 9.9991E-05
0.360226 0.0270006 0.413631 0.0428287 0.156214 9.9991E-05
0.538709 9.9982E-05 0.178971 0.116384 0.165735 9.9982E-05
0.467487 9.9991E-05 0.316308 0.0778112 0.0822636 0.0560296
0.235434 9.9991E-05 0.699925 0.0156517 0.0286856 0.0202035
0.196624 9.9991E-05 0.559757 0.126104 0.100868 0.0165474
0.204417 0.102156 0.469588 9.9991E-05 0.120466 0.103273
0.238529 9.9991E-05 0.575452 0.0844285 0.0203786 0.081112
0.406116 0.117386 0.408221 9.9982E-05 0.0680767 9.9982E-05
0.243116 9.9991E-05 0.619353 0.0328959 0.0445627 0.0599726
0.28095 0.0742084 0.498486 0.108307 0.0208542 0.0171952
0.167393 0.0252585 0.510966 0.161724 0.0938533 0.0408056
9.9991E-05 0.344798 0.408986 0.142609 0.0131449 0.0903614
0.00023749 0.153943 0.400412 0.169174 0.238717 0.0375149
0.0242584 0.129726 0.578329 0.177991 9.9991E-05 0.0895953
0.0570956 0.0834863 0.581746 0.128508 0.0623612 0.086802
9.9991E-05 0.147372 0.5147 0.225773 0.030749 0.0813058
0.232836 9.9991E-05 0.501187 0.048351 0.000795298 0.216731
0.060258 0.204504 0.54266 0.1416 0.0306763 0.0203017
9.9991E-05 0.274213 0.0147971 0.15366 0.159269 0.397962
0.136143 0.112634 0.526091 0.179285 9.9991E-05 0.0457477
0.0588943 0.0251757 0.497957 0.218971 0.159511 0.0394899
0.105342 0.0835336 0.487954 0.20807 0.0933173 0.0217838
0.0771572 0.217402 0.297601 0.144912 0.0820058 0.180922
9.9982E-05 0.164795 0.569011 0.151505 9.9982E-05 0.114489
0.0315449 0.140409 0.582548 0.167992 9.9991E-05 0.077406
9.9973E-05 0.484357 9.9973E-05 0.208658 9.9973E-05 0.306685
9.9991E-05 0.225757 0.494688 0.190305 0.00525626 0.0838938
9.9991E-05 0.187258 0.560452 0.180662 0.0112018 0.0603265
0.132851 0.081877 0.603971 0.11549 9.9991E-05 0.0657105
0.0220296 0.19543 0.585636 0.168682 9.9991E-05 0.0281225
0.0511384 0.145823 0.47248 0.192413 0.0960201 0.0421262
0.00178299 0.018086 0.484032 0.0609676 0.209909 0.225223
0.102469 0.0360617 0.631638 9.9982E-05 9.9982E-05 0.229631
0.055266 9.9982E-05 0.0921998 9.9982E-05 0.241123 0.611211
0.0591017 9.9982E-05 0.0951522 9.9982E-05 0.18305 0.662496
0.0891389 0.0449767 0.462239 0.140442 0.0995394 0.163665
9.9982E-05 0.107256 0.422137 0.308667 9.9982E-05 0.16174
9.9991E-05 0.0996059 0.384496 0.290289 0.0852829 0.140226
9.9982E-05 0.207795 0.214789 0.273468 9.9982E-05 0.303747
9.9991E-05 0.167567 0.401696 0.238045 0.0424415 0.150151
9.9991E-05 0.0294405 0.197057 0.0684039 0.00969539 0.695303
9.9991E-05 0.0748354 0.269386 0.0635508 0.0257429 0.566385
0.00594227 0.00530448 0.490856 0.137071 0.244894 0.115933
0.00500021 0.0256304 0.513645 0.128822 0.0606033 0.266298
9.9991E-05 0.0627194 0.218584 0.137583 0.10505 0.475963
0.0165524 0.0850085 0.548544 0.10814 0.0290927 0.212662
0.0987578 9.9982E-05 0.546916 0.141026 9.9982E-05 0.2131
0.0538304 0.111168 0.396221 0.17617 0.172751 0.08986
0.0911384 9.9982E-05 0.449795 9.9982E-05 0.0872917 0.371575
0.0791797 0.0274905 0.450974 9.9991E-05 0.107806 0.33445
9.9991E-05 0.0247124 0.483514 0.06702 0.260358 0.164296
0.0925234 0.0355195 0.416775 0.0659832 0.100005 0.289194
0.0163521 0.150329 0.430059 0.0806146 0.0964854 0.226159
0.0478512 9.9982E-05 0.46145 9.9982E-05 0.141332 0.349167
0.0894571 9.9973E-05 0.321899 9.9973E-05 9.9973E-05 0.588344
9.9982E-05 0.0312546 0.630978 9.9982E-05 0.109182 0.228385
0.129883 0.0926503 0.485801 0.0875745 0.114345 0.0897457
0.0690116 9.9991E-05 0.249336 0.0430925 0.256938 0.381521
9.9982E-05 9.9982E-05 0.496663 0.0221005 0.120863 0.360173
9.9991E-05 0.0590198 0.480711 0.112145 0.163713 0.184311
0.0714083 0.0286035 0.452631 0.0515258 0.234635 0.161196
9.9991E-05 0.162168 0.458361 0.200785 0.0889343 0.0896511
0.0568461 0.158995 0.47222 0.11001 0.0658393 0.13609
0.108023 0.0809008 0.320926 0.298282 9.9991E-05 0.191768
0.137612 0.175255 0.404863 0.158226 9.9991E-05 0.123944
0.107345 0.183305 0.439329 0.14315 0.126651 0.000220953
9.9991E-05 0.151635 0.335905 0.19712 0.151449 0.163792
0.0141733 0.139076 9.9991E-05 0.202 0.0272372 0.617413
9.9991E-05 0.0844561 0.623731 0.228472 0.0309444 0.0322965
9.9973E-05 0.334567 9.9973E-05 0.147731 9.9973E-05 0.517402
9.9991E-05 0.0932192 0.54065 0.188301 0.0254606 0.15227
9.9973E-05 9.9973E-05 0.165491 9.9973E-05 0.255472 0.578738
9.9964E-05 9.9964E-05 9.9964E-05 9.9964E-05 0.342663 0.656937
0.00934649 9.9982E-05 0.538206 9.9982E-05 0.190235 0.262012
9.9991E-05 0.0337247 0.678101 0.00577844 0.0940597 0.188236
0.0486769 9.9982E-05 0.493143 9.9982E-05 0.103258 0.354722
0.0226758 9.9991E-05 0.494509 0.0445163 0.248625 0.189574
9.9973E-05 9.9973E-05 0.568604 9.9973E-05 0.130056 0.30104
9.9982E-05 0.818284 0.0879801 0.0292617 9.9982E-05 0.064274
0.176102 0.715318 9.9982E-05 0.0997158 9.9982E-05 0.00866435
0.0281771 0.875458 9.9973E-05 0.0960653 9.9973E-05 9.9973E-05
9.9964E-05 0.948144 0.0514563 9.9964E-05 9.9964E-05 9.9964E-05
0.0816446 0.0933353 0.498549 9.9982E-05 0.326271 9.9982E-05
0.00963463 0.0889702 0.518862 0.0158337 0.3666 9.9991E-05
0.0472642 0.00603477 0.524962 9.9982E-05 0.421539 9.9982E-05
0.0358231 0.149262 0.51076 0.0448906 0.259164 9.9991E-05
0.0838595 0.125609 0.526283 9.9991E-05 0.169096 0.0950518
0.144877 9.9991E-05 0.21159 0.00331042 0.54919 0.0909322
9.9991E-05 0.0385419 0.573711 0.00504749 0.360865 0.021734
9.9973E-05 9.9973E-05 0.317878 9.9973E-05 0.474873 0.206949
0.0527725 0.226768 0.403999 0.198288 0.0161375 0.102035
0.0233054 9.9991E-05 0.404779 0.0816095 0.403699 0.0865073
0.153112 9.9973E-05 0.349482 9.9973E-05 0.497106 9.9973E-05
0.0364984 9.9973E-05 0.607942 9.9973E-05 0.35526 9.9973E-05
9.9982E-05 0.0326521 0.382679 9.9982E-05 0.551864 0.0326049
9.9973E-05 9.9973E-05 0.589666 9.9973E-05 0.335007 0.0750271
9.9982E-05 0.055843 0.503048 9.9982E-05 0.424294 0.0166149
9.9973E-05 9.9973E-05 0.00138485 9.9973E-05 0.93281 0.0655056
9.9991E-05 0.00608049 0.20962 0.0501566 0.595736 0.138307
9.9991E-05 0.0645015 0.249609 0.0132586 0.647801 0.0247291
9.9964E-05 9.9964E-05 9.9964E-05 9.9964E-05 0.649691 0.349909
0.132278 0.0413369 0.411863 0.00956861 0.375126 0.0298273
0.0112454 9.9982E-05 0.0849763 9.9982E-05 0.598812 0.304766
9.9964E-05 9.9964E-05 9.9964E-05 9.9964E-05 0.73895 0.26065
9.9982E-05 0.0206883 0.486266 0.075548 0.417298 9.9982E-05
0.0966338 0.0507739 0.164683 0.0178507 0.662831 0.00722723
0.0652731 0.0292648 0.385961 0.0431002 0.476301 9.9991E-05
9.9991E-05 0.0749359 0.548323 0.0638353 0.230154 0.0826514
0.12198 0.00965292 0.485521 9.9991E-05 0.351802 0.030944
0.334344 9.9982E-05 0.417251 0.0153273 9.9982E-05 0.232878
0.0216043 9.9982E-05 0.506744 0.0930292 0.378422 9.9982E-05
0.127566 0.0646048 0.499429 0.00106941 0.30723 9.9991E-05
9.9973E-05 9.9973E-05 0.284305 9.9973E-05 0.688525 0.0268694
0.0322221 0.105363 0.510571 0.00466334 0.31663 0.0305513
0.300547 0.60139 9.9982E-05 0.0254789 9.9982E-05 0.0723846
0.093485 0.76228 0.0549886 9.9991E-05 0.054382 0.0347643
0.147667 0.797343 9.9973E-05 9.9973E-05 9.9973E-05 0.0546898
0.127275 0.813456 9.9973E-05 9.9973E-05 9.9973E-05 0.058969
0.228799 0.727542 0.0433582 9.9973E-05 9.9973E-05 9.9973E-05
0.0980269 0.013937 0.069626 0.0268777 0.791432 9.9991E-05
0.118832 0.10032 0.0712414 9.9982E-05 0.709407 9.9982E-05
9.9982E-05 9.9982E-05 0.0669793 0.0469895 0.799336 0.0864951
0.0266503 0.18045 0.539291 0.0816279 0.160879 0.0111018
0.0381889 0.150133 0.635881 9.9982E-05 0.175597 9.9982E-05
9.9991E-05 0.0527571 0.289348 0.0085118 0.57122 0.0780628
9.9982E-05 0.0106668 0.509183 0.0786991 0.401251 9.9982E-05
9.9991E-05 0.0380323 0.418824 0.0176589 0.459122 0.0662628
0.0867767 0.0446573 0.550907 9.9991E-05 0.274879 0.0426798
0.0465353 0.0787169 0.554901 0.0422355 0.24318 0.0344306
0.0907246 0.0120168 0.230894 0.0622105 0.587288 0.0168653
0.116361 9.9973E-05 0.32214 9.9973E-05 0.561199 9.9973E-05
0.154667 9.9973E-05 0.271502 9.9973E-05 0.57353 9.9973E-05
0.0151825 0.0803294 0.729218 9.9982E-05 9.9982E-05 0.17507
0.0102882 0.0445779 0.285073 9.9982E-05 0.659861 9.9982E-05
0.0391204 0.0256665 0.407836 0.0474973 0.47978 9.9991E-05
9.9982E-05 0.090917 0.481787 0.41537 9.9982E-05 0.0117254
9.9982E-05 0.190658 0.316172 0.430598 9.9982E-05 0.0623715
9.9973E-05 0.120661 0.479649 0.399391 9.9973E-05 9.9973E-05
9.9982E-05 0.144867 0.342468 0.444319 9.9982E-05 0.068145
9.9991E-05 0.138663 0.427847 0.314218 0.0752369 0.0439353
9.9991E-05 0.060484 0.440546 0.0738454 0.3028 0.122224
9.9982E-05 0.300171 0.0953826 0.590941 9.9982E-05 0.0133054
9.9991E-05 0.136123 0.304879 0.505506 0.0329299 0.0204614
0.0431567 0.0744602 0.490484 0.16686 0.0424019 0.182637
9.9973E-05 0.165904 0.626123 9.9973E-05 9.9973E-05 0.207673
0.0452421 0.114531 0.514422 0.00446954 0.0106664 0.31067
0.0885766 0.0810549 0.60204 0.0398261 9.9991E-05 0.188402
0.0518831 0.1102 0.712491 9.9982E-05 9.9982E-05 0.125226
9.9973E-05 0.239838 0.352497 0.407364 9.9973E-05 9.9973E-05
0.0751987 0.123089 0.3848 0.389468 0.0273441 9.9991E-05
9.9982E-05 0.0904761 0.399002 0.461539 9.9982E-05 0.0487822
9.9991E-05 0.139541 0.545919 0.254601 0.0332758 0.0265634
9.9982E-05 0.133433 0.268586 0.525449 9.9982E-05 0.0723322
9.9991E-05 0.139737 0.419869 0.347506 0.0131393 0.0796494
9.9991E-05 0.139041 0.122325 0.577197 0.0968658 0.0644712
0.0635052 0.119621 0.454139 0.340743 9.9991E-05 0.0218909
0.0713271 0.0814438 0.56589 0.0139686 0.0469878 0.220383
0.0301413 0.14075 0.3484 0.332494 0.132681 0.0155339
9.9982E-05 0.21494 0.158056 0.625444 0.00135906 9.9982E-05
0.0730224 0.108087 0.40619 0.323657 0.0857655 0.0032772
0.286981 0.164842 0.247549 9.9991E-05 0.0569543 0.243574
0.0868069 0.024463 0.567985 0.130355 0.00696513 0.183425
0.0194015 0.177397 0.460301 0.228711 0.0280344 0.0861557
0.112747 0.10784 0.618576 0.0647988 9.9991E-05 0.0959383
0.12452 0.195424 0.532761 9.9991E-05 0.013434 0.133761
0.095517 0.164367 0.334715 0.232089 0.101276 0.0720356
0.029477 0.250199 0.347049 0.281084 9.9991E-05 0.0920921
0.161511 0.0819536 0.550933 0.171096 0.0230985 0.011408
0.0830157 0.23391 0.405543 0.277332 9.9982E-05 9.9982E-05
9.9982E-05 0.0974145 0.444959 0.44426 9.9982E-05 0.013166
9.9982E-05 0.224681 0.140758 0.611946 9.9982E-05 0.0224149
9.9982E-05 0.116477 0.648302 9.9982E-05 0.0922761 0.142744
0.0897033 0.109845 0.456904 9.9991E-05 0.170869 0.172578
9.9982E-05 0.122478 0.197686 0.0174544 9.9982E-05 0.662181
0.00311372 0.151101 0.584454 0.0402886 0.0866885 0.134353
0.261427 0.0823806 0.412003 0.0428118 9.9991E-05 0.201278
9.9991E-05 0.185636 0.455764 0.151291 0.155162 0.0520477
0.0928873 0.114408 0.449082 0.144878 0.0887516 0.109994
9.9973E-05 0.297787 9.9973E-05 0.201194 9.9973E-05 0.500719
9.9973E-05 0.275477 9.9973E-05 0.139198 9.9973E-05 0.585025
0.0608554 0.150509 0.346744 0.106025 9.9991E-05 0.335767
9.9982E-05 0.33788 0.00520243 0.199743 9.9982E-05 0.456975
9.9973E-05 0.427376 9.9973E-05 0.242016 9.9973E-05 0.330309
9.9991E-05 0.11866 0.303549 0.209049 0.0934984 0.275144
9.9991E-05 0.236184 0.512411 0.0664127 0.0602027 0.12469
0.0454387 0.286991 0.216092 0.174424 9.9991E-05 0.276954
9.9982E-05 0.26734 0.13121 0.149124 9.9982E-05 0.452127
0.0396519 0.0883195 0.514276 0.115948 9.9991E-05 0.241705
9.9991E-05 0.186597 0.195847 0.154453 0.014104 0.448899
9.9973E-05 0.423379 9.9973E-05 0.0661422 9.9973E-05 0.510179
0.231852 0.0166393 0.540981 0.210327 9.9982E-05 9.9982E-05
0.090577 0.179896 0.232486 0.278938 0.0210746 0.197028
0.0608737 0.302156 0.505422 0.130408 9.9991E-05 0.00104066
9.9973E-05 0.166974 0.650943 0.181783 9.9973E-05 9.9973E-05
0.0363652 0.159908 0.510404 0.137603 0.0425836 0.113137
9.9991E-05 0.152951 0.494099 0.191638 0.100019 0.0611941
0.0229577 0.173806 0.463203 0.23666 9.9991E-05 0.103273
0.0774338 0.369872 0.30098 0.213914 0.0253692 0.012431
0.0487381 0.157257 0.565936 0.167697 9.9991E-05 0.0602722
0.0602284 0.219378 0.48255 0.237643 9.9982E-05 9.9982E-05
0.0453849 0.221967 0.36926 0.232147 0.0145851 0.116656
0.121899 0.185807 0.132561 0.209957 0.312876 0.0369003
0.113354 0.127508 0.601432 0.0803569 0.0635956 0.0137537
0.0554319 0.186773 0.590621 0.125595 9.9991E-05 0.0414788
9.9982E-05 0.137313 0.671337 0.0429643 0.148186 9.9982E-05
0.046074 0.260164 0.358277 0.28044 9.9991E-05 0.0549449
9.9991E-05 0.203796 0.399615 0.235564 0.0472393 0.113687
9.9982E-05 0.371173 0.205937 0.210525 9.9982E-05 0.212165
0.050289 0.16608 0.446882 0.219286 0.0701611 0.0473019
9.9982E-05 0.337728 0.240661 0.253056 9.9982E-05 0.168355
0.0720398 0.782442 9.9982E-05 9.9982E-05 0.0700274 0.0752905
0.681197 0.0582199 0.171872 9.9982E-05 0.0885114 9.9982E-05
0.965763 0.033837 9.9964E-05 9.9964E-05 9.9964E-05 9.9964E-05
0.92812 0.0714802 9.9964E-05 9.9964E-05 9.9964E-05 9.9964E-05
0.976956 0.00657379 0.0161702 9.9973E-05 9.9973E-05 9.9973E-05
0.945747 9.9973E-05 0.0267923 0.0271612 9.9973E-05 9.9973E-05
0.877097 9.9964E-05 0.122503 9.9964E-05 9.9964E-05 9.9964E-05
0.966111 0.0334891 9.9964E-05 9.9964E-05 9.9964E-05 9.9964E-05
0.724369 0.235031 0.0403003 9.9973E-05 9.9973E-05 9.9973E-05
0.00250946 0.938266 9.9982E-05 0.0144485 0.0445758 9.9982E-05
0.143026 0.794408 0.0496015 0.0127638 9.9982E-05 9.9982E-05
0.0291875 0.86163 0.0219719 0.0532939 0.0338165 9.9991E-05
0.0883542 0.811519 0.0436488 9.9982E-05 9.9982E-05 0.0562784
0.0142163 0.911322 9.9982E-05 0.0473315 0.0269306 9.9982E-05
0.0276659 0.9088 0.000247086 0.0240763 0.0349509 0.00425967
0.048417 0.765681 0.0806885 0.105013 9.9982E-05 9.9982E-05
0.00652447 0.855316 0.0332539 0.100224 0.00458207 9.9991E-05
0.158416 0.680736 0.0129314 0.104519 0.043298 9.9991E-05
9.9973E-05 0.886626 9.9973E-05 0.0634504 0.0496241 9.9973E-05
0.0349125 0.925141 9.9973E-05 9.9973E-05 0.0396463 9.9973E-05
0.0152723 0.82779 0.0314585 0.051522 0.0627356 0.0112211
0.0475717 0.925424 0.0149633 0.0118415 9.9982E-05 9.9982E-05
9.9982E-05 0.901304 0.0411275 0.0310734 9.9982E-05 0.0262948
0.0427508 0.852404 0.0156082 0.0656598 0.0234768 9.9991E-05
9.9973E-05 0.829021 0.114822 0.0558568 9.9973E-05 9.9973E-05
9.9973E-05 0.783995 0.0665027 0.149202 9.9973E-05 9.9973E-05
9.9973E-05 0.756232 0.124278 0.119189 9.9973E-05 9.9973E-05
9.9982E-05 0.776524 0.116265 0.0835972 0.0234137 9.9982E-05
0.0210015 0.150904 0.409392 0.0467906 0.155737 0.216175
9.9982E-05 0.0944125 0.712075 9.9982E-05 0.0970689 0.0962434
0.0716138 0.104227 0.620534 0.0485922 0.126558 0.028474
9.9982E-05 0.0584285 0.175607 9.9982E-05 0.0682473 0.697517
0.137366 0.0870978 0.594003 9.9982E-05 9.9982E-05 0.181333
9.9982E-05 0.122311 0.203842 0.00178174 9.9982E-05 0.671865
0.0358761 0.0716997 0.697807 0.00570762 9.9991E-05 0.18881
0.185169 0.086965 0.457041 9.9991E-05 0.0570615 0.213664
0.0572675 0.0459873 0.542559 0.0461468 0.0760963 0.231943
0.125128 0.0225505 0.504572 0.0540921 0.293558 9.9991E-05
0.174952 0.117354 0.427765 9.9982E-05 9.9982E-05 0.279728
0.0263875 0.0206612 0.742009 9.9982E-05 9.9982E-05 0.210743
0.144759 0.0886189 0.608375 9.9982E-05 9.9982E-05 0.158047
0.453652 9.9991E-05 0.0690756 0.0348416 0.133823 0.308508
0.123389 0.00537938 0.0178447 9.9991E-05 0.0417196 0.811568
0.0187851 0.0377843 0.21146 9.9982E-05 9.9982E-05 0.73177
0.0472443 0.0771506 0.70938 0.0271452 0.00430011 0.13478
9.9991E-05 0.139735 0.512228 0.0208032 0.0738208 0.253313
9.9982E-05 0.141662 0.548094 9.9982E-05 0.0184737 0.291571
9.9991E-05 0.0752165 0.657474 0.0322811 0.090731 0.144198
0.0617041 0.166609 0.503427 0.148782 0.0264161 0.0930622
0.0516932 0.17955 0.510598 0.216371 0.0416869 9.9991E-05
0.14644 0.390066 0.106994 0.180948 0.0315783 0.143974
0.134193 0.098622 0.599375 0.0507043 0.0720038 0.045102
0.107442 0.217606 0.395219 0.169047 0.0155623 0.0951235
0.0106953 0.397819 9.9982E-05 0.178347 9.9982E-05 0.412939
9.9991E-05 0.243198 0.364298 0.155932 0.0341145 0.202357
0.0574405 0.351597 0.248666 0.190277 0.151919 9.9991E-05
0.142662 0.258243 0.36159 0.132585 0.0697533 0.0351671
0.0969829 0.198866 0.457939 0.183253 0.0570435 0.00591537
0.0874898 0.187297 0.478934 0.182053 9.9991E-05 0.0641262
0.0177846 0.19147 0.675256 0.104876 9.9991E-05 0.010514
9.9991E-05 0.13109 0.327363 0.26361 0.0595561 0.218282
0.0158413 0.463982 0.280639 0.186359 0.0530778 9.9991E-05
