0.00323308 0.0500872 9.9982E-05 0.0126192 0.910842 9.9982E-05 0.00169465 0.021324
9.9973E-05 0.0432557 0.0392636 9.9973E-05 0.886254 0.00621501 9.9973E-05 0.0247114
0.0106785 0.0521529 9.9991E-05 0.0950626 0.808434 0.0177144 0.00785153 0.00800641
0.0909315 0.102548 9.9973E-05 0.021837 0.774488 9.9973E-05 9.9973E-05 0.00989505
0.0369125 9.9964E-05 0.0310262 0.0761222 0.855539 9.9964E-05 9.9964E-05 9.9964E-05
0.088832 9.9964E-05 9.9964E-05 9.9964E-05 0.560228 0.0369414 0.313598 9.9964E-05
9.9946E-05 9.9946E-05 9.9946E-05 9.9946E-05 0.802633 9.9946E-05 0.196767 9.9946E-05
0.0278234 0.0321839 0.0417561 9.9973E-05 0.734032 9.9973E-05 0.163904 9.9973E-05
9.99639E-05 0.104029 9.99639E-05 9.99639E-05 0.792933 0.0256833 9.99639E-05 0.0769547
0.10421 9.9964E-05 9.9964E-05 0.0150874 0.632461 9.9964E-05 0.247842 9.9964E-05
9.9946E-05 9.9946E-05 9.9946E-05 9.9946E-05 0.6997 9.9946E-05 0.299701 9.9946E-05
0.092758 0.395349 9.9982E-05 0.188315 9.9982E-05 0.260341 0.0267818 0.0362547
0.050453 0.188095 9.9982E-05 0.620674 9.9982E-05 0.0456005 0.0683504 0.0266276
0.0614824 0.368277 0.115077 0.220681 0.034016 0.148731 9.9991E-05 0.0516362
0.0744506 0.372108 9.9982E-05 0.37314 0.0010075 0.0497069 9.9982E-05 0.129387
0.109809 0.157854 0.0135578 0.364612 0.148505 0.0992804 0.0649623 0.0414195
0.0728677 0.140575 0.0746976 0.499299 0.0295502 9.9991E-05 0.134199 0.0487117
0.118981 0.187155 0.0371305 0.393671 9.9991E-05 0.150242 0.0551182 0.0576021
0.0771993 0.270387 9.9982E-05 0.293929 0.0776048 0.192455 9.9982E-05 0.0882247
0.0684505 0.598916 0.013371 9.9982E-05 0.0202475 0.102381 0.196434 9.9982E-05
0.0823454 0.170188 0.183132 0.342048 9.9982E-05 0.162232 9.9982E-05 0.0598544
0.111194 0.189583 0.0128376 0.317357 9.9991E-05 0.099974 0.121104 0.14785
0.00232564 0.256244 0.0922484 0.513417 0.051059 9.9982E-05 0.0845069 9.9982E-05
0.106317 0.279387 0.00641735 0.256619 0.0240337 0.257579 0.0564302 0.0132156
9.999E-05 0.0653171 0.0701769 0.578627 0.10745 0.0457644 0.0626806 0.0698838
0.0503238 0.212942 9.9982E-05 0.545891 0.0439085 0.0280953 9.9982E-05 0.118639
0.0757441 0.478712 0.0187666 0.188267 9.9991E-05 0.151569 0.0577446 0.0290965
0.198362 0.375187 9.9982E-05 0.179229 9.9982E-05 0.114187 0.0732702 0.0595642
9.999E-05 0.387732 0.0592789 0.242676 0.019827 0.193315 0.0598596 0.0372106
0.0513956 9.9955E-05 9.9955E-05 0.122659 0.825446 9.9955E-05 9.9955E-05 9.9955E-05
9.9946E-05 9.9946E-05 9.9946E-05 0.16123 0.83817 9.9946E-05 9.9946E-05 9.9946E-05
0.0287454 9.9973E-05 0.0181737 0.15444 0.791847 0.00649463 9.9973E-05 9.9973E-05
0.0756816 9.9973E-05 9.9973E-05 0.100654 0.708868 0.0689378 9.9973E-05 0.0455586
0.00611741 0.0298543 0.00715173 0.486675 0.0382923 0.230937 0.200872 9.9991E-05
0.0564479 9.9964E-05 9.9964E-05 0.4623 0.137579 0.343273 9.9964E-05 9.9964E-05
0.00281628 9.9982E-05 0.0529958 0.540281 0.0240048 0.379371 0.00033062 9.9982E-05
0.000393341 0.582573 0.00443138 0.16277 0.0451108 0.126252 9.9991E-05 0.0783695
0.055636 9.9964E-05 9.9964E-05 0.259617 0.0056938 0.678653 9.9964E-05 9.9964E-05
9.999E-05 0.103688 0.0940622 0.536735 0.0971457 0.13641 0.00193446 0.0299245
0.0173325 9.9982E-05 0.00950527 0.626438 0.050731 0.218315 0.0774785 9.9982E-05
9.9973E-05 0.078025 9.9973E-05 0.532652 0.0576419 0.0546041 0.276777 9.9973E-05
0.0219141 0.0813292 0.0171815 0.541706 0.07482 0.106979 0.155971 9.9991E-05
9.9973E-05 0.135366 9.9973E-05 0.112396 0.00271758 0.697111 9.9973E-05 0.0521101
0.100704 9.9964E-05 9.9964E-05 0.505963 9.9964E-05 0.0905809 0.302352 9.9964E-05
0.0677095 9.9982E-05 9.9982E-05 0.470339 0.0635936 0.27182 0.103338 0.0230008
9.9982E-05 9.9982E-05 0.0287354 0.647958 0.0861816 0.0243299 0.172546 0.0400502
9.9955E-05 9.9955E-05 9.9955E-05 0.302456 9.9955E-05 0.633274 9.9955E-05 0.0637705
0.00558825 9.9982E-05 9.9982E-05 0.556834 0.0297393 0.350357 0.0256122 0.0316688
0.0936646 9.9982E-05 0.0799534 0.486721 0.0278134 0.220882 0.0907658 9.9982E-05
9.9955E-05 0.00346156 9.9955E-05 9.9955E-05 9.9955E-05 0.752264 9.9955E-05 0.243775
9.9982E-05 0.401513 0.0181492 0.182865 9.9982E-05 0.231417 0.112322 0.053533
9.9982E-05 0.174544 0.121951 0.068079 9.9982E-05 0.263453 0.107764 0.264009
0.00470397 0.163725 0.0228994 0.519258 9.9991E-05 0.0702088 0.0887115 0.130394
0.0277395 0.119872 0.0316455 0.645151 0.0376489 0.0371381 0.0129053 0.0878992
0.0639231 0.11388 0.0110909 0.578364 0.0345093 0.0748196 9.9991E-05 0.123314
9.9982E-05 0.337083 0.0375923 0.164377 9.9982E-05 0.250754 0.0556553 0.154339
9.9973E-05 0.213339 9.9973E-05 0.613015 9.9973E-05 0.115132 0.0129319 0.0452815
0.0951627 0.167106 9.9991E-05 0.586857 0.038312 0.0404144 0.0205821 0.051465
9.999E-05 0.134305 0.0653717 0.359322 0.162808 0.199061 0.0735256 0.00550693
0.0188346 0.382686 9.9991E-05 0.0796521 0.052686 0.119555 0.043913 0.302573
0.00532103 0.0857414 0.0695804 0.468533 0.0870602 0.232522 9.9991E-05 0.0511417
0.0104114 0.189173 0.11875 0.366947 0.0191047 0.148773 9.9991E-05 0.146741
9.9982E-05 0.503195 0.0237301 0.0151561 0.0052211 0.272848 9.9982E-05 0.179649
9.9973E-05 0.212048 0.00414598 0.539432 9.9973E-05 0.117307 9.9973E-05 0.126767
9.9973E-05 0.0738606 0.129358 0.672341 9.9973E-05 9.9973E-05 0.03441 0.0897301
0.0112282 0.17245 0.179352 0.440182 0.0770866 0.00546455 0.0288531 0.0853837
0.00965213 0.247524 0.0779248 0.304609 0.0129672 0.219358 9.9991E-05 0.127866
9.9973E-05 0.164793 0.0232625 0.518602 9.9973E-05 0.165902 9.9973E-05 0.127141
9.9982E-05 0.164741 0.0694919 0.611447 0.0562723 0.0792057 9.9982E-05 0.0186427
9.9973E-05 0.373731 0.0978582 0.198854 9.9973E-05 0.235001 9.9973E-05 0.0942551
9.9955E-05 0.0239544 9.9955E-05 0.558987 9.9955E-05 0.416559 9.9955E-05 9.9955E-05
0.00326111 0.0848276 9.9973E-05 0.11945 0.0433438 0.748818 9.9973E-05 9.9973E-05
0.0154075 0.109884 9.9991E-05 0.550237 0.039832 0.112653 0.0532453 0.118642
9.9964E-05 9.9964E-05 0.0175487 9.9964E-05 9.9964E-05 0.884351 0.0261315 0.0715688
9.9955E-05 9.9955E-05 0.0828676 9.9955E-05 9.9955E-05 0.850208 9.9955E-05 0.0664249
9.9946E-05 9.9946E-05 9.9946E-05 0.24022 9.9946E-05 0.75918 9.9946E-05 9.9946E-05
9.9955E-05 0.0592825 9.9955E-05 0.468239 9.9955E-05 0.471978 9.9955E-05 9.9955E-05
0.130807 0.0315444 9.9982E-05 0.505272 0.111986 0.211354 0.00883662 9.9982E-05
0.0157783 0.125911 9.9973E-05 0.500499 9.9973E-05 0.326863 9.9973E-05 0.0306483
0.0638122 0.138814 9.9973E-05 0.116771 0.0933343 0.586969 9.9973E-05 9.9973E-05
0.0126495 0.226931 9.9973E-05 0.246752 0.0324538 0.480914 9.9973E-05 9.9973E-05
9.9982E-05 0.121704 0.0623047 0.592691 0.0749028 0.138583 0.00961498 9.9982E-05
0.0515269 0.0652528 0.0387042 0.265381 9.9982E-05 0.512645 0.0662894 9.9982E-05
9.9973E-05 0.096093 9.9973E-05 0.422425 0.0273675 0.36152 0.0922939 9.9973E-05
9.9973E-05 9.9973E-05 0.029199 0.325028 0.0323118 0.529037 0.0841245 9.9973E-05
9.9973E-05 9.9973E-05 0.113154 9.9973E-05 0.0214208 0.740919 0.0452978 0.0789082
0.0509379 0.0537613 9.9982E-05 0.566941 9.9982E-05 0.200132 0.104536 0.0234924
0.0217255 0.0240052 9.9964E-05 0.129992 0.823878 9.9964E-05 9.9964E-05 9.9964E-05
9.9946E-05 9.9946E-05 9.9946E-05 0.0869571 0.912443 9.9946E-05 9.9946E-05 9.9946E-05
0.00356183 9.9964E-05 9.9964E-05 0.0912297 0.873587 9.9964E-05 9.9964E-05 0.0312221
0.00460748 9.9964E-05 9.9964E-05 0.0455751 0.882474 9.9964E-05 9.9964E-05 0.0669439
9.9955E-05 9.9955E-05 9.9955E-05 0.136218 0.817095 9.9955E-05 9.9955E-05 0.0461873
9.9964E-05 9.9964E-05 9.9964E-05 0.0533999 0.831091 0.0236423 9.9964E-05 0.0914674
9.99551E-05 9.99551E-05 9.99551E-05 0.0822662 0.852078 9.99551E-05 9.99551E-05 0.0651564
9.9991E-05 0.0159942 0.0457705 0.527623 0.0946791 0.247608 0.0443831 0.0238431
0.111141 0.106711 0.0315255 0.492225 0.0569178 0.170409 0.0309706 9.9991E-05
9.9982E-05 0.0462134 0.0129253 0.0690637 0.0305598 0.810738 0.0302998 9.9982E-05
0.0550087 0.0134488 9.9982E-05 0.462263 0.116419 0.242766 0.109895 9.9982E-05
9.9973E-05 0.0855901 9.9973E-05 0.449546 0.00937089 0.443953 0.0112404 9.9973E-05
9.9964E-05 9.9964E-05 0.0453433 0.619774 0.0863663 0.248116 9.9964E-05 9.9964E-05
0.00519605 9.9991E-05 0.0379072 0.523638 0.0284129 0.295315 0.04216 0.0672701
0.14983 0.0117084 0.043947 0.372352 0.0144639 0.407499 9.9982E-05 9.9982E-05
9.9955E-05 0.202589 9.9955E-05 9.9955E-05 0.0686186 0.728292 9.9955E-05 9.9955E-05
0.0784865 9.9991E-05 0.0116258 0.46733 0.0675442 0.171684 0.174575 0.0286547
0.0463708 0.0235033 0.0240946 0.536877 0.0775941 0.253343 0.0268301 0.0113876
0.108276 0.0931586 0.00536069 0.48808 0.0161538 0.163934 0.118609 0.00642868
9.9982E-05 9.9982E-05 0.00111173 0.331243 0.0176429 0.596871 0.0373496 0.0155818
9.9964E-05 9.9964E-05 0.122848 0.489423 0.0200495 0.367279 9.9964E-05 9.9964E-05
9.9964E-05 0.0409596 9.9964E-05 0.464295 9.9964E-05 0.424108 0.0702375 9.9964E-05
0.136129 9.9964E-05 0.00139682 0.198704 9.9964E-05 0.663371 9.9964E-05 9.9964E-05
9.9964E-05 0.0126904 9.9964E-05 0.340687 0.116994 0.529229 9.9964E-05 9.9964E-05
0.0224272 0.0775766 9.9982E-05 0.497852 0.108723 0.23426 0.0589622 9.9982E-05
0.0220694 0.272208 0.225732 0.220394 9.9982E-05 0.104694 9.9982E-05 0.154704
9.9973E-05 0.287898 9.9973E-05 0.42271 0.0279005 9.9973E-05 0.118662 0.142529
9.9973E-05 0.18444 0.0582819 0.621869 0.0780007 9.9973E-05 9.9973E-05 0.0571081
0.092405 0.114507 0.0798848 0.438356 0.0904266 0.117988 0.0663335 9.9991E-05
9.9982E-05 0.356327 0.0373581 0.48482 0.0384921 0.017226 9.9982E-05 0.0655761
0.0309532 0.231253 9.9991E-05 0.515005 0.0406194 0.0371363 0.0690426 0.0758909
9.9973E-05 0.373851 0.0808754 0.498622 9.9973E-05 0.0115755 9.9973E-05 0.0347761
0.0125854 0.169444 9.9991E-05 0.430188 0.0184056 0.0740916 0.134969 0.160216
9.9991E-05 0.222801 0.00980332 0.557497 0.0294061 0.0668026 0.0203662 0.0932234
9.9982E-05 0.198372 0.0214068 0.578343 0.00320533 0.143171 0.055302 9.9982E-05
9.9982E-05 0.316714 0.0627453 0.48178 0.00525074 0.0919023 0.0414075 9.9982E-05
0.0341372 0.0927269 0.0288897 0.597551 9.9982E-05 9.9982E-05 0.20058 0.0459157
0.0419184 0.110722 0.169584 0.538421 0.0432644 0.0242276 0.0241949 0.0476674
0.0361939 0.204799 0.111151 0.494433 9.9982E-05 0.134603 9.9982E-05 0.01862
0.037105 0.192721 9.9973E-05 0.60435 0.0283244 9.9973E-05 9.9973E-05 0.137199
0.0649461 0.188023 0.096408 0.527769 9.9991E-05 0.0532541 0.0173635 0.0521371
9.9982E-05 0.212886 0.00709408 0.47812 9.9982E-05 0.00215065 0.121952 0.177598
9.9982E-05 0.166091 0.0516768 0.698211 0.0135108 0.0498103 9.9982E-05 0.0205001
9.9973E-05 0.119665 0.0830005 0.732915 0.00255136 9.9973E-05 9.9973E-05 0.0615682
0.0330231 0.40676 0.0212015 0.260854 9.9991E-05 0.205791 0.0419166 0.0303541
9.9973E-05 0.270265 0.23501 0.17468 9.9973E-05 0.0815666 9.9973E-05 0.238179
0.0431314 0.222647 0.0518196 0.513595 9.9991E-05 0.11273 0.0105992 0.0453774
9.9982E-05 0.254773 0.303144 0.103288 9.9982E-05 0.189792 0.00501972 0.143784
9.9982E-05 0.42667 0.0801259 0.295597 0.0255015 0.129769 9.9982E-05 0.0421367
9.9973E-05 0.412522 0.00432901 0.434275 0.0053393 0.143236 9.9973E-05 9.9973E-05
9.9982E-05 0.428789 0.0313055 0.33855 0.0284121 0.163264 9.9982E-05 0.00947997
0.0152611 0.466693 0.0785562 0.257537 9.9982E-05 0.0960196 0.0857335 9.9982E-05
0.0893405 0.125428 0.0703951 0.59218 9.9982E-05 0.0798281 0.0426279 9.9982E-05
0.135126 0.128916 0.0238596 0.456293 0.0907188 0.140015 0.0249711 9.9991E-05
9.9973E-05 0.187593 0.0582679 0.51894 9.9973E-05 0.145924 9.9973E-05 0.0889755
9.9982E-05 0.312897 0.0309537 0.181138 9.9982E-05 0.193036 0.0357511 0.246024
9.9982E-05 0.0767721 9.9982E-05 0.430546 0.119782 0.117953 0.200816 0.0539324
0.0258603 0.0943428 0.084397 0.513485 0.0208543 0.056114 0.152347 0.0526001
9.9982E-05 0.107899 0.164462 9.9982E-05 0.0329572 0.11546 0.277986 0.301035
0.00168965 9.9991E-05 0.0593383 0.569375 0.117021 0.118706 0.103177 0.0305929
9.9991E-05 0.0536461 0.090195 0.280017 0.0660978 0.191903 0.134589 0.183453
0.0224814 0.0323161 0.0970475 0.453218 0.0697457 0.111519 0.115363 0.0983095
9.9982E-05 0.136875 0.0276374 0.209931 9.9982E-05 0.0831961 0.260087 0.282073
9.9991E-05 0.167238 0.182243 0.115776 0.00560934 0.0334831 0.353236 0.142315
9.9991E-05 0.127917 0.127627 0.334221 0.0661726 0.0556927 0.235723 0.0525464
0.0700982 0.0904726 0.0625172 0.448723 0.138941 0.183084 0.00502094 0.00114274
9.9991E-05 0.0777601 0.0948032 0.403048 0.0519015 0.0697741 0.166066 0.136547
0.119532 0.089032 0.142503 9.9991E-05 0.00274489 0.239298 0.197843 0.208946
0.0375102 0.00884535 0.0856911 0.508561 0.0660873 0.125057 0.163026 0.00522116
9.9982E-05 0.0912655 0.0976642 0.233332 9.9982E-05 0.218251 0.328039 0.031249
9.9982E-05 0.0602332 0.055913 0.451111 9.9982E-05 0.202672 0.217907 0.0119636
9.9982E-05 0.0317741 0.0033714 0.551276 0.0962183 0.134297 0.182864 9.9982E-05
0.276453 9.9982E-05 0.0466381 0.106717 0.244994 9.9982E-05 0.189708 0.13529
0.0468918 9.9964E-05 9.9964E-05 9.9964E-05 0.343016 9.9964E-05 0.0536393 0.556053
0.0407298 9.9973E-05 0.00169543 9.9973E-05 0.271642 9.9973E-05 0.152307 0.533327
0.280735 0.0212823 9.9982E-05 0.112107 0.247555 9.9982E-05 0.00808192 0.330039
9.9964E-05 9.9964E-05 0.0286752 0.5938 9.9964E-05 0.0692293 0.307896 9.9964E-05
0.00329583 9.9982E-05 0.18312 0.505756 0.0936585 0.0836926 0.130277 9.9982E-05
0.72462 0.0283463 0.0235687 0.216783 9.9973E-05 0.0063821 9.9973E-05 9.9973E-05
0.43593 0.124339 9.9973E-05 0.319964 0.0107177 0.108748 9.9973E-05 9.9973E-05
0.382755 0.0140998 0.149457 0.309784 0.0603314 9.9982E-05 0.0833725 9.9982E-05
0.0352039 9.9982E-05 0.206796 0.204198 9.9982E-05 0.130279 0.350196 0.0731266
0.113139 9.9991E-05 0.110436 0.431041 0.0907273 0.103687 0.109673 0.0411973
9.9982E-05 0.0122426 0.243891 0.114586 9.9982E-05 0.0636321 0.463275 0.102173
9.9982E-05 0.0287396 0.0273512 0.580116 9.9982E-05 0.0965264 0.17403 0.0930373
0.00600108 9.9991E-05 0.137093 0.460962 0.0474139 0.120429 0.160928 0.0670726
0.013595 9.9982E-05 0.129576 0.481885 9.9982E-05 0.0276965 0.333461 0.0135866
9.9982E-05 0.0373082 0.116534 0.103041 9.9982E-05 0.151205 0.460643 0.131068
0.0480247 0.0583151 9.9982E-05 0.647698 0.0593525 0.0517087 0.134701 9.9982E-05
0.0520701 9.9982E-05 0.0996724 0.489471 0.0266818 0.031359 0.300546 9.9982E-05
0.945833 9.9973E-05 0.00644994 0.00470329 9.9973E-05 0.00189228 0.0408218 9.9973E-05
0.892135 9.9955E-05 0.0689711 0.0383946 9.9955E-05 9.9955E-05 9.9955E-05 9.9955E-05
0.499891 0.0570374 9.9982E-05 0.325274 0.0726094 0.0256395 0.0193492 9.9982E-05
0.666291 9.9955E-05 9.9955E-05 0.289163 0.0440465 9.9955E-05 9.9955E-05 9.9955E-05
0.768499 9.9955E-05 9.9955E-05 0.189984 9.9955E-05 0.041017 9.9955E-05 9.9955E-05
0.987512 9.9946E-05 9.9946E-05 9.9946E-05 9.9946E-05 9.9946E-05 9.9946E-05 0.0118888
0.980307 0.00752083 0.0116723 9.9955E-05 9.9955E-05 9.9955E-05 9.9955E-05 9.9955E-05
0.810513 9.9955E-05 0.0121817 0.176805 9.9955E-05 9.9955E-05 9.9955E-05 9.9955E-05
0.943878 0.0353239 9.9955E-05 0.0202985 9.9955E-05 9.9955E-05 9.9955E-05 9.9955E-05
0.9993 9.994E-05 9.994E-05 9.994E-05 9.994E-05 9.994E-05 9.994E-05 9.994E-05
0.99233 9.9946E-05 9.9946E-05 9.9946E-05 9.9946E-05 9.9946E-05 9.9946E-05 0.00707024
0.665199 9.9964E-05 9.9964E-05 0.266535 0.0577543 0.0101122 9.9964E-05 9.9964E-05
0.802345 0.0566838 9.9973E-05 0.0798286 9.9973E-05 0.0241729 9.9973E-05 0.0366703
0.943376 9.9946E-05 9.9946E-05 9.9946E-05 9.9946E-05 0.0560245 9.9946E-05 9.9946E-05
0.417596 0.0472933 0.112804 0.322403 0.026061 0.0736428 9.9982E-05 9.9982E-05
0.607007 0.025542 9.9982E-05 0.216729 0.07048 0.0399726 9.9982E-05 0.0400698
0.671245 9.9982E-05 0.0191724 0.227553 0.0110313 9.9982E-05 0.0170285 0.0537692
0.863029 0.00259198 9.9964E-05 0.102994 0.0309858 9.9964E-05 9.9964E-05 9.9964E-05
0.917225 9.9973E-05 0.000761304 0.0745954 9.9973E-05 0.00031396 9.9973E-05 0.00680464
0.854683 0.0183826 9.9973E-05 0.0705541 0.00190403 9.9973E-05 9.9973E-05 0.0541762
0.9993 9.994E-05 9.994E-05 9.994E-05 9.994E-05 9.994E-05 9.994E-05 9.994E-05
0.584453 0.0192471 0.0460829 0.239156 0.0399757 9.9982E-05 0.0708854 9.9982E-05
0.879378 9.9964E-05 0.0714733 0.0420764 0.00667226 9.9964E-05 9.9964E-05 9.9964E-05
9.9973E-05 9.9973E-05 0.0866685 9.9973E-05 0.246621 0.0026845 0.386262 0.277464
0.0468642 0.0819791 0.0271761 0.391768 0.0920376 0.0325453 0.208271 0.119359
0.0499992 0.00771917 9.9982E-05 0.396273 0.219149 9.9982E-05 0.316787 0.00987251
0.124079 9.9991E-05 0.00860874 0.0969285 0.119572 0.0133152 0.421045 0.216351
0.0581314 0.0277457 9.9991E-05 0.465404 0.120326 0.0200268 0.211825 0.0964408
0.0602845 9.9982E-05 9.9982E-05 0.15536 0.170934 0.0679516 0.334005 0.211265
0.056504 0.0966655 0.00436563 0.444106 0.134994 0.0189758 0.144838 0.0995512
0.176707 9.9982E-05 0.0346639 0.23015 0.0468539 9.9982E-05 0.361965 0.14946
0.0892211 9.9973E-05 9.9973E-05 0.390049 0.0975629 9.9973E-05 0.294368 0.128499
0.141236 9.9973E-05 9.9973E-05 0.260809 0.116102 9.9973E-05 0.330809 0.150744
0.0621279 0.0660351 9.9991E-05 0.398161 0.143495 0.002975 0.135706 0.1914
9.9982E-05 0.0704476 0.0206512 0.0380124 0.807568 9.9982E-05 0.0601442 0.00297695
0.0663187 0.0102309 0.00233914 9.9973E-05 0.864724 9.9973E-05 9.9973E-05 0.0560869
9.9955E-05 9.9955E-05 9.9955E-05 0.00483792 0.92215 9.9955E-05 9.9955E-05 0.0725122
9.9973E-05 0.0029543 9.9973E-05 0.0298151 0.949101 9.9973E-05 0.00752611 0.010304
0.0412602 0.0575179 9.9964E-05 9.9964E-05 0.812545 9.9964E-05 9.9964E-05 0.0882776
0.0410499 9.9955E-05 9.9955E-05 9.9955E-05 0.828831 9.9955E-05 9.9955E-05 0.129619
0.0942039 9.9964E-05 9.9964E-05 0.020216 0.846589 9.9964E-05 9.9964E-05 0.0385909
9.9973E-05 0.0121656 9.9973E-05 0.0233913 0.831582 0.00908716 9.9973E-05 0.123474
9.9964E-05 9.9964E-05 9.9964E-05 0.00726213 0.836139 0.0480244 9.9964E-05 0.108175
0.0646852 9.9964E-05 9.9964E-05 0.0287608 0.761479 9.9964E-05 9.9964E-05 0.144675
0.000676025 0.243944 0.0427527 9.9973E-05 0.631949 0.0803792 9.9973E-05 9.9973E-05
9.9973E-05 0.30561 0.00546293 9.9973E-05 0.551166 0.101566 9.9973E-05 0.0358954
9.9973E-05 0.278849 0.0509813 9.9973E-05 0.522037 0.0584787 9.9973E-05 0.0893541
9.9973E-05 0.320493 0.0499201 9.9973E-05 0.491323 0.0895456 0.0484189 9.9973E-05
9.9982E-05 0.17879 0.121426 0.478661 0.0629846 0.154952 9.9982E-05 0.00298699
0.0147491 0.0808542 0.135484 0.463299 0.0318772 0.218212 0.0554239 9.9991E-05
0.0790241 0.135793 0.0366191 0.421366 0.0229119 0.266362 0.0378246 9.9991E-05
9.9982E-05 0.283551 0.0455707 0.359326 0.0577104 0.226361 9.9982E-05 0.0272802
9.9973E-05 0.533784 0.0644538 0.191309 9.9973E-05 0.121856 0.088297 9.9973E-05
9.9982E-05 0.0136633 0.0288123 0.673182 0.0120715 0.221096 0.0509743 9.9982E-05
9.9964E-05 0.101132 0.0047683 0.557222 9.9964E-05 0.336478 9.9964E-05 9.9964E-05
0.0121519 0.0495473 0.056445 0.461538 9.9991E-05 0.259861 0.153336 0.00702052
0.045435 9.9982E-05 0.0721649 0.34776 9.9982E-05 0.483201 0.0509083 0.000330953
0.0181576 0.159374 0.00420596 0.569393 9.9991E-05 0.149438 0.0591158 0.0402147
0.00910125 0.144162 0.115825 0.391042 9.9991E-05 0.293623 0.0167436 0.0294033
9.9955E-05 0.0992365 0.214254 9.9955E-05 9.9955E-05 0.68601 9.9955E-05 9.9955E-05
0.0363731 0.147447 0.0379676 0.428414 0.114122 0.125224 0.104817 0.00563526
0.0210226 9.9982E-05 0.205064 0.177679 9.9982E-05 0.445944 0.092726 0.0573636
9.9964E-05 9.9964E-05 0.0595154 0.51273 9.9964E-05 0.422801 9.9964E-05 0.00455374
9.9973E-05 0.185104 0.00129698 0.116588 0.0470932 0.649618 9.9973E-05 9.9973E-05
9.9955E-05 0.703423 9.9955E-05 9.9955E-05 0.104615 9.9955E-05 0.191462 9.9955E-05
9.9955E-05 0.622124 9.9955E-05 9.9955E-05 0.0872418 9.9955E-05 0.290134 9.9955E-05
9.9964E-05 0.705175 0.0326717 9.9964E-05 0.00708847 9.9964E-05 0.254665 9.9964E-05
9.9955E-05 0.780824 9.9955E-05 9.9955E-05 0.0506622 9.9955E-05 0.168014 9.9955E-05
0.0344533 0.739637 9.9964E-05 9.9964E-05 0.0105027 9.9964E-05 0.215007 9.9964E-05
0.0258985 0.702911 9.9973E-05 0.0625009 0.0881836 9.9973E-05 0.120206 9.9973E-05
0.0173798 9.9964E-05 9.9964E-05 0.0994461 0.85621 9.9964E-05 9.9964E-05 0.0265646
0.0343973 0.0726299 9.9973E-05 0.064365 0.810707 9.9973E-05 9.9973E-05 0.0176008
0.0562053 9.9964E-05 9.9964E-05 0.161599 0.730183 9.9964E-05 9.9964E-05 0.0516123
0.18439 0.0877028 9.9973E-05 0.00139704 0.694206 9.9973E-05 9.9973E-05 0.0320038
0.0912608 0.0934085 9.9982E-05 0.0211786 0.729723 9.9982E-05 0.0305355 0.0336934
9.9964E-05 0.518525 9.9964E-05 9.9964E-05 0.371924 9.9964E-05 0.0893867 0.0197644
9.9964E-05 0.364133 0.0913509 9.9964E-05 0.44802 9.9964E-05 0.0960965 9.9964E-05
9.9964E-05 0.391274 0.0877897 9.9964E-05 0.436521 0.0840153 9.9964E-05 9.9964E-05
9.9955E-05 0.0250276 9.9955E-05 0.147711 0.826761 9.9955E-05 9.9955E-05 9.9955E-05
9.9964E-05 0.432571 0.0946326 9.9964E-05 0.372817 9.9964E-05 0.0995789 9.9964E-05
0.173002 9.9964E-05 9.9964E-05 0.374356 0.121847 9.9964E-05 9.9964E-05 0.330396
0.128322 0.0583911 9.9973E-05 0.599874 0.115122 9.9973E-05 9.9973E-05 0.0979909
0.233656 9.9973E-05 9.9973E-05 0.539991 0.141456 9.9973E-05 0.0517673 0.0328305
0.157959 9.9982E-05 9.9982E-05 0.329433 0.218986 0.0653264 0.0801864 0.14791
0.113691 0.00977095 9.9982E-05 0.502469 0.199848 0.0731333 0.100888 9.9982E-05
0.205094 9.9973E-05 9.9973E-05 0.0383084 0.351088 9.9973E-05 0.049253 0.355957
9.9973E-05 0.356664 0.0932097 0.463471 0.0231261 0.0632287 9.9973E-05 9.9973E-05
9.9973E-05 0.208621 0.234029 0.398565 9.9973E-05 0.0708243 9.9973E-05 0.0876606
9.9973E-05 0.444891 9.9973E-05 0.313267 0.0532575 0.113768 9.9973E-05 0.074516
9.9973E-05 0.158946 0.187671 0.409531 9.9973E-05 0.156636 9.9973E-05 0.0869166
9.9964E-05 0.145408 0.474865 9.9964E-05 9.9964E-05 0.178476 9.9964E-05 0.200851
0.00998307 0.104335 0.04506 0.503375 0.0420381 0.0334217 0.0628868 0.1989
9.9991E-05 0.123642 0.17184 0.457992 0.0094539 0.138984 0.046649 0.0513387
9.9991E-05 0.414147 0.0393066 0.331124 0.00490617 0.0896371 0.0946971 0.0260816
0.0347516 0.174872 0.000809999 0.500304 0.077235 0.129219 0.00874106 0.0740675
9.9973E-05 0.233361 0.170004 0.158444 9.9973E-05 0.210235 9.9973E-05 0.227655
0.0400377 0.127292 0.0989439 0.40506 9.9991E-05 0.0765395 0.229377 0.0226508
9.9973E-05 0.255483 0.0450172 0.570998 9.9973E-05 0.0491799 9.9973E-05 0.0790221
0.0658022 0.0306363 9.9982E-05 0.493002 0.137999 0.167 9.9982E-05 0.10536
9.9982E-05 0.258001 0.215519 0.404231 9.9982E-05 0.00489681 0.0471337 0.0700181
9.9982E-05 0.297722 0.139616 0.468836 9.9982E-05 0.00999241 0.0410268 0.042606
0.0515848 0.113867 0.226599 0.435684 9.9991E-05 0.0867069 0.0108815 0.0745765
9.9991E-05 0.200827 0.0444695 0.48575 0.0325467 0.135749 0.0607956 0.039763
0.0669201 0.115471 0.0488994 0.624632 0.00588576 0.0465488 0.0475531 0.04409
0.0703808 0.0885853 0.0995143 0.568161 0.0305475 0.100368 0.035932 0.00651141
0.00930839 0.16246 0.0426178 0.609596 0.0925359 9.9991E-05 0.0458985 0.0374832
0.0805054 9.9964E-05 0.00373953 0.132246 0.783109 9.9964E-05 9.9964E-05 9.9964E-05
0.0473833 9.9973E-05 0.0632374 0.0463396 0.832963 0.0097769 9.9973E-05 9.9973E-05
9.9982E-05 0.0513137 0.0547659 0.0646232 0.765458 9.9982E-05 0.0219273 0.0417121
0.0465539 0.0424201 0.0817861 0.0260262 0.802914 9.9973E-05 9.9973E-05 9.9973E-05
0.0174994 9.9964E-05 9.9964E-05 0.11106 0.869284 9.9964E-05 0.00175637 9.9964E-05
9.9964E-05 0.530362 9.9964E-05 0.219971 9.9964E-05 0.101335 9.9964E-05 0.147931
9.9982E-05 0.133494 0.10193 0.540566 0.0184487 0.0829672 9.9982E-05 0.122394
0.0993315 9.9982E-05 9.9982E-05 0.441194 0.246463 0.0182217 0.171005 0.0235853
0.11431 0.202017 9.9973E-05 0.63885 0.000340454 9.9973E-05 9.9973E-05 0.044183
9.9964E-05 0.169515 9.9964E-05 0.554673 0.094178 0.181233 9.9964E-05 9.9964E-05
0.0193449 0.38967 0.0965858 0.259199 9.9991E-05 0.0210687 0.039139 0.174892
9.9973E-05 0.567281 9.9973E-05 0.0494749 0.0815218 0.160925 9.9973E-05 0.140497
9.9973E-05 0.320519 9.9973E-05 0.486162 0.0607471 0.015484 0.116787 9.9973E-05
0.0959644 0.475504 0.14446 0.135994 0.0553405 0.0925369 9.9982E-05 9.9982E-05
9.9982E-05 0.166738 0.011422 0.475117 9.9982E-05 0.13164 0.121075 0.0938083
9.9982E-05 0.468728 0.117522 0.133137 0.0948378 0.0747456 9.9982E-05 0.11083
9.9973E-05 0.178897 0.0634986 0.640862 0.0448648 9.9973E-05 9.9973E-05 0.0715777
9.9982E-05 0.472233 0.055751 0.22831 0.0836802 0.132326 9.9982E-05 0.027499
0.0533701 0.29286 0.0359356 0.28695 9.9991E-05 0.116429 0.11376 0.100595
0.0462117 0.085284 0.177261 0.435371 0.00987782 0.0944615 0.138416 0.013117
0.00081874 0.0579796 0.18293 0.197096 9.9982E-05 9.9982E-05 0.550108 0.0108671
0.0510377 9.9973E-05 9.9973E-05 0.388581 0.0712842 0.0963807 0.392417 9.9973E-05
0.0550435 9.9991E-05 0.0676047 0.414761 0.130713 0.0782343 0.238225 0.0153186
9.9973E-05 0.0498278 0.141205 0.234111 9.9973E-05 9.9973E-05 0.560992 0.0135642
0.0264377 0.137069 0.0983281 0.401166 0.0483546 0.157081 0.126238 0.00532645
9.9973E-05 9.9973E-05 0.180851 0.464159 0.023724 0.0572928 0.273673 9.9973E-05
9.9982E-05 0.0477002 0.151882 0.00755535 9.9982E-05 0.19273 0.584001 0.0159313
9.9973E-05 9.9973E-05 0.00617943 0.14623 9.9973E-05 0.144339 0.562719 0.140232
9.9973E-05 0.0589024 0.0170432 0.436999 9.9973E-05 9.9973E-05 0.484918 0.00183764
9.9973E-05 0.0671602 0.100927 0.0244454 9.9973E-05 0.197993 0.609174 9.9973E-05
9.9973E-05 0.0778284 9.9973E-05 0.38859 9.9973E-05 0.131674 0.360681 0.0409264
9.9964E-05 0.591656 9.9964E-05 0.125688 9.9964E-05 0.167466 9.9964E-05 0.114791
9.9973E-05 0.340684 0.22901 0.294047 9.9973E-05 0.0570755 9.9973E-05 0.0788831
9.9973E-05 0.443498 0.0535712 0.448232 0.0173141 9.9973E-05 9.9973E-05 0.0370843
0.0325416 0.196193 0.03106 0.647396 9.9973E-05 9.9973E-05 9.9973E-05 0.0925096
0.0299709 0.405843 0.0042123 0.201796 9.9991E-05 0.229801 0.127506 0.000771038
0.0415953 0.190762 0.00867416 0.531292 0.00862211 0.0715306 9.9991E-05 0.147423
0.050256 0.173758 0.0949988 0.570479 9.9982E-05 0.0547766 9.9982E-05 0.0555318
9.9991E-05 0.263265 0.0130081 0.539824 0.0139842 0.110597 0.00185317 0.0573687
0.088121 0.315995 0.109249 0.482771 9.9973E-05 9.9973E-05 9.9973E-05 0.00356418
0.0450639 0.37283 9.9973E-05 0.472258 0.0174162 0.092132 9.9973E-05 9.9973E-05
0.0414125 0.502011 9.99646E-05 0.266371 9.99646E-05 0.189806 9.99646E-05 9.99646E-05
0.0687731 0.526974 0.0375666 0.346893 9.9982E-05 0.0100925 9.9982E-05 0.00950085
0.103337 0.171322 0.156919 0.431851 9.9973E-05 0.136272 9.9973E-05 9.9973E-05
0.0375911 0.204699 0.0507168 0.607218 0.0439659 9.9982E-05 9.9982E-05 0.055609
9.9991E-05 0.215777 0.115995 0.462209 0.0269722 0.0587745 0.0122579 0.107914
9.9973E-05 0.172403 0.192812 0.544729 9.9973E-05 0.00577416 9.9973E-05 0.083982
9.9982E-05 0.38793 0.0219284 0.42227 0.0232835 0.0574843 9.9982E-05 0.0869039
9.9964E-05 0.289258 9.9964E-05 0.632625 9.9964E-05 0.055476 9.9964E-05 0.0222404
0.0990154 0.191493 0.0863292 0.432647 0.0263315 0.163984 9.9982E-05 9.9982E-05
0.105527 0.204248 0.091066 0.520694 0.0127657 9.9982E-05 0.0654992 9.9982E-05
0.0639002 9.9973E-05 9.9973E-05 0.468146 0.364699 0.018848 0.0841075 9.9973E-05
0.20328 9.9991E-05 0.0116337 0.423911 0.020904 0.117899 0.030433 0.191839
0.161068 0.128187 0.0268302 0.489692 0.125155 0.0276092 0.00403137 0.037428
0.0275455 0.0860876 0.0906716 0.660926 0.0462564 0.0185681 0.0186018 0.0513433
0.148106 0.00935314 0.0872611 0.513787 0.16073 9.9982E-05 9.9982E-05 0.0805626
9.9982E-05 0.180213 0.180068 0.451291 9.9982E-05 0.0530222 0.0859291 0.0492771
0.154235 0.0971547 9.9982E-05 0.464277 0.117076 0.0984984 9.9982E-05 0.06856
0.0835875 0.0286159 9.9991E-05 0.0223917 0.11246 0.214501 0.0904041 0.44794
0.161723 0.082022 0.0101158 0.489403 0.0256988 0.0138186 0.073396 0.143823
0.176623 0.0784987 0.000171871 0.47243 0.0790031 9.9991E-05 0.143301 0.0498724
0.205619 0.060603 0.0690352 0.469922 0.0546951 0.016438 9.9991E-05 0.123587
0.0428244 0.0587228 9.9991E-05 0.388431 0.127319 0.0433327 0.0566909 0.28258
0.0598282 0.0425552 9.9982E-05 0.605646 0.0790777 9.9982E-05 0.0449458 0.167747
0.00270271 9.9982E-05 0.049369 0.606131 0.188359 9.9982E-05 0.06509 0.0881486
0.0952444 9.9964E-05 9.9964E-05 9.9964E-05 0.32011 0.0152784 9.9964E-05 0.568967
0.110674 0.0028265 9.9991E-05 0.542356 0.19904 0.0354396 0.0288465 0.080718
0.227556 9.9973E-05 9.9973E-05 0.44679 0.180602 0.0835126 9.9973E-05 0.0612394
0.0525415 9.9982E-05 0.079365 0.517888 0.131427 0.113108 9.9982E-05 0.10547
0.139688 9.9982E-05 0.0630414 0.50767 0.087813 9.9982E-05 0.0466957 0.154892
0.042459 0.0300018 0.0108759 0.535805 0.173931 0.0307272 0.116616 0.0595836
0.0280812 0.0611723 0.445826 0.464521 9.9964E-05 9.9964E-05 9.9964E-05 9.9964E-05
0.0952359 0.014807 0.241225 0.408293 0.119049 0.12119 9.9982E-05 9.9982E-05
9.9964E-05 0.0929757 0.728967 9.9964E-05 9.9964E-05 0.132209 0.0454479 9.9964E-05
9.9973E-05 0.0506273 0.879451 9.9973E-05 0.0162762 0.0520991 0.00124682 9.9973E-05
0.0443025 0.0641249 0.326608 0.466334 0.0245714 0.026797 9.9991E-05 0.0471623
0.212151 9.9982E-05 0.130767 0.368597 0.0515696 9.9982E-05 0.0424934 0.194222
0.290963 9.9973E-05 0.139568 0.379712 0.0559974 9.9973E-05 9.9973E-05 0.13346
0.263308 9.9973E-05 0.141481 0.176446 0.156515 9.9973E-05 9.9973E-05 0.26195
0.155128 9.9973E-05 0.116587 0.406713 0.105584 9.9973E-05 9.9973E-05 0.215689
0.0439779 9.9982E-05 0.610895 0.0821301 0.0408906 9.9982E-05 0.0554108 0.166495
0.0366519 9.9973E-05 0.596128 0.147456 0.0423214 9.9973E-05 9.9973E-05 0.177143
0.117089 0.0250953 0.312155 0.52089 0.0170227 0.00754685 9.9982E-05 9.9982E-05
0.0340234 9.9964E-05 0.433637 0.464696 0.0672439 9.9964E-05 9.9964E-05 9.9964E-05
0.0411359 9.9973E-05 0.650492 0.21082 0.0676172 9.9973E-05 9.9973E-05 0.0296346
0.23027 9.9982E-05 0.355142 0.380511 0.0239599 0.00691076 0.00300605 9.9982E-05
0.173844 9.9973E-05 0.344767 0.382645 9.9973E-05 0.00617177 9.9973E-05 0.0922727
0.0667319 0.0194923 0.173791 0.420276 0.160822 0.00140761 0.148292 0.00918719
9.9964E-05 0.107211 0.584458 0.260425 0.0475063 9.9964E-05 9.9964E-05 9.9964E-05
0.061382 0.0546314 0.525226 0.252491 9.9982E-05 0.05503 0.0510399 9.9982E-05
9.9973E-05 9.9973E-05 0.303243 0.507508 0.0538264 0.0246562 0.110467 9.9973E-05
0.0403717 0.133266 0.321192 0.305118 0.112026 9.9982E-05 0.0878268 9.9982E-05
0.0482784 0.146129 0.0981023 0.521088 0.0064064 0.0916916 0.00854355 0.0797603
9.9973E-05 9.9973E-05 0.484325 0.417857 9.9973E-05 0.0053435 0.0282648 0.0639094
9.9964E-05 0.0108783 0.707655 0.146644 9.9964E-05 9.9964E-05 0.134423 9.9964E-05
0.00111692 9.9982E-05 0.266442 0.567538 0.0508232 0.0383165 0.0755637 9.9982E-05
0.135014 9.9991E-05 0.193908 0.424392 0.161452 0.0608954 0.00232974 0.0219092
9.9964E-05 0.0589859 0.718463 0.185036 9.9964E-05 0.0371149 9.9964E-05 9.9964E-05
9.9955E-05 9.9955E-05 0.603145 0.387013 0.0093427 9.9955E-05 9.9955E-05 9.9955E-05
0.0133827 0.0419422 0.221038 0.534677 0.083816 0.0566642 0.0483797 9.9991E-05
9.9964E-05 9.9964E-05 0.446282 0.46792 0.00138475 0.0840133 9.9964E-05 9.9964E-05
0.161964 9.9982E-05 0.0519207 0.442473 0.188304 9.9982E-05 0.120254 0.0348835
0.210023 0.197784 0.181549 0.279185 0.0948028 9.9982E-05 9.9982E-05 0.0364558
0.204642 0.000559106 0.144519 0.298457 0.100793 9.9991E-05 0.181309 0.0696209
0.201335 0.00947003 0.0527494 0.32482 0.139354 9.9991E-05 0.227719 0.044453
0.196228 0.0891185 0.00409288 0.479511 0.0666531 0.0180366 0.109121 0.0372389
0.199643 0.0408215 0.212402 0.38649 0.100773 9.9982E-05 0.0596698 9.9982E-05
0.103635 9.9973E-05 0.649108 9.9973E-05 0.159674 9.9973E-05 0.0164173 0.0708656
0.148004 0.0212127 0.158125 0.55388 0.0684119 9.9982E-05 0.0501657 9.9982E-05
0.0767737 9.9964E-05 0.443569 9.9964E-05 0.263769 9.9964E-05 9.9964E-05 0.215488
0.161306 9.9964E-05 0.343813 0.470538 9.9964E-05 9.9964E-05 9.9964E-05 0.0239436
9.9955E-05 9.9955E-05 0.831484 0.0404623 9.9955E-05 0.127554 9.9955E-05 9.9955E-05
9.9964E-05 0.00110738 0.888251 9.9964E-05 0.0196574 0.090584 9.9964E-05 9.9964E-05
9.9955E-05 9.9955E-05 0.505419 0.457757 9.9955E-05 0.036324 9.9955E-05 9.9955E-05
9.9946E-05 9.9946E-05 0.380241 0.619159 9.9946E-05 9.9946E-05 9.9946E-05 9.9946E-05
9.9955E-05 9.9955E-05 0.618906 0.329519 9.9955E-05 9.9955E-05 0.0510758 9.9955E-05
0.028887 9.9973E-05 0.466382 0.37452 0.0108228 0.119088 9.9973E-05 9.9973E-05
9.9946E-05 9.9946E-05 0.526897 0.472503 9.9946E-05 9.9946E-05 9.9946E-05 9.9946E-05
0.03293 0.0124157 0.0810561 0.0557629 0.805191 9.9991E-05 0.0064083 0.00613568
0.0887621 0.0611707 0.140472 9.9973E-05 0.697923 9.9973E-05 0.0113716 9.9973E-05
0.0780625 0.0508585 9.9955E-05 9.9955E-05 0.870579 9.9955E-05 9.9955E-05 9.9955E-05
9.9964E-05 9.9964E-05 0.0123503 0.0247422 0.903148 9.9964E-05 9.9964E-05 0.05936
0.0968887 0.0518066 9.9982E-05 0.443297 0.00807375 0.363288 9.9982E-05 0.0364453
9.9973E-05 9.9973E-05 0.0490551 0.483459 0.10112 0.321867 9.9973E-05 0.0441994
9.9964E-05 0.0220423 9.9964E-05 0.500491 0.00634146 0.470726 9.9964E-05 9.9964E-05
9.9973E-05 0.0498624 9.9973E-05 0.536984 0.102346 0.187045 0.123463 9.9973E-05
0.031546 0.124718 9.9982E-05 0.488237 0.0579641 0.0926547 0.20468 9.9982E-05
9.9982E-05 0.0972739 0.0338724 0.187193 9.9982E-05 0.552377 0.0577038 0.0713803
0.0528122 9.9964E-05 0.0285766 0.54886 9.9964E-05 0.369352 9.9964E-05 9.9964E-05
9.9973E-05 9.9973E-05 0.0294941 0.360266 0.0127833 0.40613 0.191026 9.9973E-05
0.16201 0.111969 9.9991E-05 0.417193 0.178955 0.010018 0.0209494 0.0988063
0.0393575 0.0312712 0.126136 0.453597 9.9991E-05 0.335181 0.00658264 0.00777503
9.9964E-05 0.127178 9.9964E-05 0.368823 0.0382188 0.465381 9.9964E-05 9.9964E-05
9.9964E-05 0.00104735 0.068042 0.547189 9.9964E-05 0.383322 9.9964E-05 9.9964E-05
0.00561535 0.0694107 0.0272227 0.402888 9.9982E-05 0.488336 0.00632752 9.9982E-05
9.9964E-05 9.9964E-05 0.0794521 0.561571 9.9964E-05 0.352524 0.0060528 9.9964E-05
0.0515621 0.0151658 9.9973E-05 0.495151 0.0597313 0.37809 9.9973E-05 9.9973E-05
9.9964E-05 9.9964E-05 0.068886 0.0837519 9.9964E-05 0.82251 0.0244521 9.9964E-05
0.0330188 9.9991E-05 0.0820909 0.161488 0.0342245 0.649453 0.0240734 0.0155508
9.9973E-05 0.0291306 0.0028082 0.358403 9.9973E-05 0.556854 9.9973E-05 0.0525051
9.9964E-05 9.9964E-05 0.0956183 9.9964E-05 9.9964E-05 0.849207 0.0100072 0.0447682
0.00830341 0.0634889 9.9973E-05 0.403064 0.0643392 0.460505 9.9973E-05 9.9973E-05
0.00434554 9.9973E-05 9.9973E-05 0.0347656 9.9973E-05 0.647691 0.18618 0.126718
9.9955E-05 9.9955E-05 0.0157337 9.9955E-05 9.9955E-05 0.772473 9.9955E-05 0.211293
9.9973E-05 9.9973E-05 0.0597427 0.624237 0.034094 0.219401 9.9973E-05 0.0622254
0.0631244 0.103024 9.9982E-05 0.11175 0.0416384 0.64461 0.0356525 9.9982E-05
0.056184 0.110423 9.9982E-05 0.347813 0.00674615 0.327441 0.151193 9.9982E-05
0.0686861 0.0309327 0.0306838 0.551164 0.111903 0.195575 0.0109552 9.9991E-05
0.0612615 0.100677 9.9973E-05 0.442863 9.9973E-05 0.334259 0.0606393 9.9973E-05
0.00464516 0.252557 0.138093 0.363187 9.9991E-05 0.127819 0.0535286 0.0600706
0.0389757 0.0784749 0.0183344 0.445926 0.0416663 0.305725 0.0707976 9.9991E-05
0.0382473 0.11325 9.9991E-05 0.423663 0.0277036 0.362056 0.00200996 0.0329699
0.0088977 9.9982E-05 0.0437337 0.256629 9.9982E-05 0.637492 0.0430028 0.0100452
0.006285 0.0526679 9.9991E-05 0.583999 0.0412225 0.23533 0.00297822 0.077417
9.9964E-05 0.259992 9.9964E-05 9.9964E-05 0.623271 9.9964E-05 0.0558795 0.0604571
0.00571139 0.04431 0.000205036 0.0241797 0.757841 0.0771588 0.0658303 0.0247637
9.9964E-05 0.126948 0.0292096 9.9964E-05 0.761278 9.9964E-05 9.9964E-05 0.0821648
9.9964E-05 0.138187 0.0111913 9.9964E-05 0.784594 9.9964E-05 9.9964E-05 0.0656282
9.9955E-05 0.197744 9.9955E-05 9.9955E-05 0.674256 9.9955E-05 0.1275 9.9955E-05
0.00598855 0.123776 9.9973E-05 0.119664 0.0284986 0.721773 9.9973E-05 9.9973E-05
9.9982E-05 0.0884012 0.00495537 0.166082 0.0611366 0.648111 0.0311145 9.9982E-05
0.0325827 9.9973E-05 0.0767048 0.112788 9.9973E-05 0.773923 0.00370149 9.9973E-05
0.11441 0.0359219 0.00592737 0.477313 0.0450116 0.321216 9.9982E-05 9.9982E-05
0.0254082 0.117549 9.9982E-05 0.564932 0.067638 0.218874 0.00539915 9.9982E-05
0.0448098 9.9982E-05 9.9982E-05 0.148041 0.00896104 0.641955 0.134499 0.0215342
0.0899861 9.9973E-05 0.0643601 0.482183 9.9973E-05 0.276805 0.086366 9.9973E-05
0.107497 9.9964E-05 9.9964E-05 0.239902 9.9964E-05 0.483066 0.169135 9.9964E-05
9.9973E-05 9.9973E-05 0.0631929 0.522478 0.0379277 0.241101 0.135001 9.9973E-05
0.0411812 0.0729046 9.9973E-05 0.525446 0.0506272 0.309541 9.9973E-05 9.9973E-05
0.0510414 0.10219 9.9982E-05 0.13382 0.00116966 0.695492 0.0160874 9.9982E-05
9.9955E-05 0.113581 9.9955E-05 0.312533 9.9955E-05 0.573387 9.9955E-05 9.9955E-05
9.9964E-05 0.153759 9.9964E-05 0.306418 9.9964E-05 0.483051 0.0563728 9.9964E-05
0.00861568 0.0051043 9.9982E-05 0.588907 0.0854284 0.00690043 0.304844 9.9982E-05
9.9964E-05 0.0212333 9.9964E-05 0.412266 0.0154618 0.550639 9.9964E-05 9.9964E-05
9.9964E-05 9.9964E-05 9.9964E-05 0.442095 0.0738593 0.407535 0.0761107 9.9964E-05
0.34953 9.9973E-05 9.9973E-05 0.421131 0.0466322 9.9973E-05 0.0977731 0.0846339
0.359493 9.9982E-05 9.9982E-05 0.391457 0.160288 0.0811546 0.00071709 0.00668964
0.296507 9.9964E-05 9.9964E-05 0.476964 0.081231 9.9964E-05 9.9964E-05 0.144898
0.412422 9.9973E-05 9.9973E-05 0.382177 0.0212776 9.9973E-05 0.00261138 0.181212
0.212609 0.0382224 0.00288222 0.531044 0.153444 9.9991E-05 0.0596745 0.00202324
9.9973E-05 9.9973E-05 9.9973E-05 0.480111 0.0154518 0.282592 0.164952 0.0565928
0.479902 9.9973E-05 0.00904568 0.145515 0.230721 9.9973E-05 9.9973E-05 0.134517
0.319733 9.9964E-05 9.9964E-05 0.44027 0.172974 9.9964E-05 9.9964E-05 0.066623
0.155235 9.9991E-05 0.0144683 0.320883 0.114484 0.0488462 0.266214 0.0797687
9.9955E-05 9.9955E-05 9.9955E-05 0.494673 0.110049 9.9955E-05 0.394778 9.9955E-05
0.0809442 0.0169419 9.9982E-05 0.276325 0.134151 0.0272852 0.464154 9.9982E-05
9.9982E-05 0.0170646 9.9982E-05 0.463716 0.0744298 0.000379412 0.398861 0.0453492
0.00723959 0.0631104 0.0554371 0.533234 0.0641055 9.9982E-05 0.276673 9.9982E-05
0.284702 9.9964E-05 9.9964E-05 0.401947 0.202767 9.9964E-05 9.9964E-05 0.110184
0.320948 9.9964E-05 9.9964E-05 0.393604 0.146151 9.9964E-05 9.9964E-05 0.138897
0.381952 9.9973E-05 9.9973E-05 0.472134 0.0735716 9.9973E-05 0.0233557 0.0486872
0.19267 0.0189001 0.0596433 0.493919 0.135341 0.0891153 9.9991E-05 0.0103117
0.431044 9.9964E-05 9.9964E-05 0.323073 0.155584 9.9964E-05 9.9964E-05 0.0898986
0.23329 0.0141624 0.0244797 0.397099 0.173846 0.156923 9.9982E-05 9.9982E-05
0.478609 9.9973E-05 9.9973E-05 0.327566 0.103625 0.0159381 9.9973E-05 0.0739623
0.310801 9.9982E-05 9.9982E-05 0.489768 0.0821123 0.0242509 0.0640813 0.0287866
9.9964E-05 9.9964E-05 9.9964E-05 0.403307 9.9964E-05 0.0621826 0.463502 0.0706085
0.243176 9.9982E-05 0.0743361 0.396044 0.186916 9.9982E-05 0.0342651 0.0650626
0.546862 9.9964E-05 9.9964E-05 0.172118 0.161182 9.9964E-05 9.9964E-05 0.119438
0.399019 0.0122511 0.0464578 0.22979 0.153952 0.136404 0.0220262 9.9991E-05
0.0610063 0.216026 9.9982E-05 0.0175903 0.113258 0.0703064 0.521612 9.9982E-05
0.0568956 9.9955E-05 9.9955E-05 0.467521 9.9955E-05 9.9955E-05 0.475083 9.9955E-05
0.27071 0.0416215 9.9982E-05 0.408064 0.12985 9.9982E-05 0.0431673 0.106388
0.079774 0.111231 0.0209721 0.512641 0.0453119 0.0205819 0.209388 9.9991E-05
9.9955E-05 9.9955E-05 9.9955E-05 0.43093 0.139625 9.9955E-05 0.428944 9.9955E-05
0.149838 0.0365018 9.9991E-05 0.350505 0.174737 0.119392 0.086636 0.0822911
0.165354 9.9982E-05 0.0522835 0.409871 0.209396 9.9982E-05 0.0034114 0.159485
0.118754 0.0442064 9.9982E-05 0.47653 0.0496392 0.111922 0.198748 9.9982E-05
0.32325 9.9991E-05 0.021433 0.378771 0.0984078 0.0792322 0.0653929 0.0334136
0.368164 0.00151578 9.9973E-05 0.515503 0.0953792 9.9973E-05 9.9973E-05 0.0191376
0.505949 9.9964E-05 9.9964E-05 0.220678 0.127694 9.9964E-05 9.9964E-05 0.145279
0.0748104 9.9991E-05 0.0639254 0.514026 0.0328491 0.119443 0.101757 0.0930891
9.9973E-05 0.0292851 9.9973E-05 0.323899 0.0825727 0.10521 0.458733 9.9973E-05
0.0664477 9.9982E-05 0.0723253 9.9982E-05 0.00370452 0.0536734 0.656675 0.146975
0.0786577 0.0825746 9.9991E-05 0.417522 0.0754742 0.106458 0.160837 0.0783756
9.9991E-05 0.152869 0.122084 0.412424 0.0676911 0.105005 0.06525 0.0745776
0.0274736 0.0318267 9.9991E-05 0.44655 0.169338 0.131452 0.04164 0.151619
0.0475044 0.0798809 0.0181661 0.549116 0.0101931 0.018583 0.128708 0.147849
0.0751275 0.002714 9.9973E-05 9.9973E-05 0.00569166 0.0703968 9.9973E-05 0.84577
