0.0700309 0.0471184 0.882751 9.9991E-05
0.0522202 0.0216788 0.926001 9.9991E-05
0.0546228 0.135275 0.810002 9.9991E-05
0.0617826 0.139286 0.798832 9.9991E-05
9.9982E-05 0.122661 0.877139 9.9982E-05
0.0984661 0.0797876 0.680986 0.14076
0.0173546 0.0269745 0.924709 0.0309621
0.171939 0.0608803 0.767081 9.9991E-05
0.0960542 9.9982E-05 0.903746 9.9982E-05
0.0569024 0.1693 0.70175 0.0720468
0.155949 0.0248037 0.768168 0.0510785
0.541523 0.179192 9.9991E-05 0.279185
0.341025 0.407594 9.9991E-05 0.251281
0.510922 0.181716 0.0532632 0.254098
0.435872 0.397034 0.0173256 0.149768
0.241595 0.296631 0.146155 0.315619
0.304627 0.3994 0.0182328 0.277741
0.246584 0.331165 0.0179322 0.404318
0.473726 0.245128 0.0819572 0.199189
0.762966 0.0320866 0.0842867 0.12066
0.396615 0.233593 0.00383328 0.365958
0.248259 0.344655 0.0305256 0.376561
0.24266 0.296419 9.9991E-05 0.460821
0.372418 0.238577 0.0317847 0.357221
0.268968 0.502122 0.00628773 0.222622
0.306501 0.387698 9.9991E-05 0.305701
0.598196 0.187342 0.0327592 0.181703
0.529965 0.288815 0.030403 0.150817
0.461227 0.145946 0.0082381 0.384589
9.9982E-05 0.20457 0.79523 9.9982E-05
9.9982E-05 0.196848 0.802952 9.9982E-05
0.0557957 0.174252 0.737173 0.0327795
9.9991E-05 0.198863 0.740659 0.0603784
0.184572 0.303599 9.9991E-05 0.511729
0.0861011 0.325776 0.0676674 0.520455
0.0219885 0.31575 9.9991E-05 0.662161
0.644433 0.109949 0.0476787 0.197939
0.0556707 0.0989887 0.0243845 0.820956
0.257956 0.242941 0.0255533 0.47355
0.035936 0.464247 9.9991E-05 0.499717
0.121176 0.344048 0.0530944 0.481682
0.110306 0.380658 0.038877 0.470159
0.199063 0.0273533 0.0548101 0.718774
0.0435527 0.386295 0.0575977 0.512554
0.0536616 0.361137 0.0613109 0.523891
0.0995084 0.360621 0.118737 0.421134
0.0046424 0.115639 0.00250822 0.87721
0.0334203 0.380349 0.0144972 0.571734
0.023166 0.313235 0.159933 0.503665
0.0387798 9.9991E-05 0.207342 0.753778
0.491296 0.00453985 0.00965686 0.494507
0.215875 9.9991E-05 0.162834 0.621191
0.277548 0.372492 9.9991E-05 0.34986
0.0731566 0.437128 0.0671252 0.42259
0.134173 0.381003 9.9991E-05 0.484724
0.394392 9.9991E-05 0.169902 0.435606
0.333051 0.312839 9.9991E-05 0.35401
0.193003 0.40469 0.0213573 0.38095
0.33867 0.189512 0.0902108 0.381607
0.425477 0.0429661 0.262225 0.269331
0.128174 0.352913 9.9991E-05 0.518813
0.398138 0.25355 0.0271205 0.321191
0.579703 9.9991E-05 0.113353 0.306844
0.295567 0.262345 9.9991E-05 0.441988
0.123235 0.39401 9.9991E-05 0.482654
0.27602 0.384122 0.0211445 0.318713
0.324297 0.237818 0.0491178 0.388767
0.30631 0.294759 9.9991E-05 0.398831
0.229553 0.353612 0.0280179 0.388818
0.51811 0.0601334 0.000232762 0.421524
0.0394777 0.253148 9.9991E-05 0.707274
0.174002 0.0937876 0.0102197 0.721991
0.231216 0.309553 0.0494426 0.409788
0.0141649 9.9991E-05 0.0919963 0.893739
0.0726241 9.9991E-05 0.0577527 0.869523
9.9982E-05 0.0900496 9.9982E-05 0.90975
0.156672 0.23829 9.9991E-05 0.604938
0.143996 0.350995 0.052147 0.452863
0.116355 0.239943 9.9991E-05 0.643602
0.251754 0.0521314 0.0556344 0.64048
0.266485 0.062235 0.0681811 0.603098
0.124993 0.381921 0.0399552 0.453132
0.16627 0.144454 0.0168206 0.672455
0.137358 0.268042 9.9991E-05 0.5945
0.0303393 0.146131 9.9991E-05 0.82343
0.00289425 9.9991E-05 0.120574 0.876431
0.0464661 0.431402 9.9991E-05 0.522032
0.0818081 0.178209 0.739883 9.9991E-05
9.9982E-05 0.0914571 0.908343 9.9982E-05
9.9982E-05 0.13824 0.86156 9.9982E-05
9.9982E-05 0.0876272 0.912173 9.9982E-05
9.9991E-05 0.123846 0.855895 0.020159
0.0215234 0.113013 0.865363 9.9991E-05
9.9982E-05 0.102339 0.897461 9.9982E-05
0.149205 0.288579 0.0320276 0.530188
0.0899723 0.41127 0.0792215 0.419536
0.117881 9.9991E-05 0.0704008 0.811618
0.14498 0.361153 0.0350115 0.458856
0.22599 0.239548 9.9991E-05 0.534362
9.9991E-05 0.304096 0.000527226 0.695277
0.0315944 0.336999 0.0443966 0.58701
0.0229387 0.30724 0.0126667 0.657154
0.258571 9.9991E-05 0.0961101 0.645218
0.137638 0.26226 0.134849 0.465253
0.170366 0.365106 9.9991E-05 0.464428
0.184511 0.3974 0.0476416 0.370447
0.118298 0.130212 0.0160098 0.73548
9.9991E-05 0.250747 0.0206268 0.728527
0.179701 0.277924 9.9991E-05 0.542275
9.9982E-05 0.252837 9.9982E-05 0.746963
0.142052 0.184042 0.0267262 0.647179
0.117714 0.341984 0.119502 0.4208
0.461804 0.149507 0.0544096 0.334279
0.507378 0.26915 0.0519432 0.171529
0.231253 0.362627 0.0444581 0.361663
0.154736 0.469229 0.00545921 0.370575
0.419494 0.244642 0.00981976 0.326044
0.296577 0.436448 9.9991E-05 0.266874
0.439208 0.268911 0.0108833 0.280998
0.278935 0.31588 0.0473038 0.357882
0.312865 0.399176 9.9991E-05 0.28786
0.18525 0.340216 9.9991E-05 0.474434
0.439781 0.194731 9.9991E-05 0.365387
0.188451 0.321823 0.0583107 0.431415
0.220981 0.420825 0.0196905 0.338504
0.357775 0.354246 9.9991E-05 0.287878
0.327257 0.419297 9.9991E-05 0.253346
0.271844 0.392053 9.9991E-05 0.336004
0.407386 0.196016 0.0746298 0.321968
0.213025 0.404639 9.9991E-05 0.382236
0.291301 0.455319 9.9991E-05 0.25328
0.416768 0.169945 0.0442199 0.369068
0.333869 0.0860244 0.0943741 0.485732
0.270225 0.291046 0.0260185 0.412711
0.451037 0.0522849 0.00572152 0.490957
0.545702 0.0971227 0.0441074 0.313067
0.323677 0.189105 9.9991E-05 0.487118
0.52919 0.12507 9.9991E-05 0.345639
0.548424 0.178656 9.9991E-05 0.27282
0.253127 0.355245 9.9991E-05 0.391528
0.30527 0.434323 0.00762819 0.252778
0.317993 0.273431 0.0534642 0.355111
0.416961 0.0986822 0.0613536 0.423004
0.000660178 0.327385 0.134256 0.537699
0.074838 0.325878 0.0459128 0.553371
0.22999 9.9991E-05 0.286024 0.483886
9.9991E-05 0.397253 0.0594699 0.543177
0.133389 0.140859 0.171905 0.553847
0.0854048 0.274928 0.11556 0.524107
0.161686 0.109349 0.1983 0.530666
0.210392 9.9991E-05 0.201269 0.588239
0.226621 0.209156 0.0587417 0.505481
0.186449 0.306542 0.0635342 0.443474
0.189657 0.220717 0.104903 0.484723
0.141017 0.0734908 0.205712 0.57978
0.0667013 0.399798 0.00954648 0.523954
0.20287 0.071019 9.9991E-05 0.726011
0.167109 0.214303 0.00677304 0.611815
0.256225 0.325762 0.0745127 0.3435
0.0207674 0.374155 0.38595 0.219128
9.9991E-05 0.108542 0.762839 0.128519
9.9991E-05 0.0918535 0.688737 0.21931
0.0723634 0.457838 0.384859 0.0849393
0.0490104 0.348826 9.9991E-05 0.602064
0.120574 0.338084 0.0735414 0.467801
0.086642 0.913158 9.9982E-05 9.9982E-05
0.151616 0.585643 0.0409741 0.221767
0.0749406 0.492723 0.177184 0.255152
0.0760538 0.130805 0.0743391 0.718802
0.012619 0.377017 0.0677229 0.542641
0.104859 0.0585089 0.102546 0.734087
0.0567297 0.301733 0.0247444 0.616792
0.0710747 0.19838 0.0821762 0.648369
0.105783 0.327952 0.0161075 0.550157
0.128592 0.0268874 0.125677 0.718843
0.0746717 0.397613 0.0474626 0.480253
9.9991E-05 0.312185 0.0896997 0.598015
9.9982E-05 0.957054 0.0427464 9.9982E-05
9.9982E-05 0.981629 0.0181711 9.9982E-05
0.0717436 0.695217 0.116608 0.116431
0.0721209 0.901479 0.0263003 9.9991E-05
0.00118451 0.88606 0.112656 9.9991E-05
9.9982E-05 0.951389 0.0484108 9.9982E-05
9.9982E-05 0.922854 0.0769464 9.9982E-05
9.9982E-05 0.980069 0.019731 9.9982E-05
0.00584498 0.993955 9.9982E-05 9.9982E-05
9.9982E-05 0.933114 0.0666858 9.9982E-05
9.9982E-05 0.9273 0.0724997 9.9982E-05
0.025078 0.865214 0.109608 9.9991E-05
9.9982E-05 0.844956 0.154844 9.9982E-05
9.9982E-05 0.935419 0.0643812 9.9982E-05
0.178301 0.588641 0.0778379 0.15522
0.0572525 0.777701 0.0735807 0.0914656
9.9991E-05 0.809119 0.0960962 0.0946849
9.9982E-05 0.886884 0.112916 9.9982E-05
9.9982E-05 0.933562 0.0662385 9.9982E-05
9.9982E-05 0.894764 0.105036 9.9982E-05
9.9982E-05 0.927129 0.0726711 9.9982E-05
9.9991E-05 0.73709 0.120827 0.141983
9.9982E-05 0.847262 0.152538 9.9982E-05
9.9982E-05 9.9982E-05 0.564855 0.434945
0.233663 0.296068 0.147953 0.322316
0.0222933 0.278627 0.254473 0.444606
0.0334958 0.143627 0.333009 0.489868
0.0208143 0.310538 0.210103 0.458545
9.9991E-05 0.166417 0.35276 0.480723
0.0952383 0.342105 0.217557 0.3451
0.0415637 0.314052 0.219162 0.425222
0.0413561 0.424354 0.143125 0.391166
9.9991E-05 0.403717 0.167853 0.428331
0.0785233 0.378219 0.155842 0.387415
0.0851619 0.0674414 0.820189 0.0272077
9.9982E-05 0.086882 0.912918 9.9982E-05
9.9982E-05 0.00862443 0.991176 9.9982E-05
9.9982E-05 0.0328308 0.966969 9.9982E-05
0.0432108 0.0591718 0.897517 9.9991E-05
9.9982E-05 0.0977198 0.90208 9.9982E-05
9.9982E-05 0.131663 0.868138 9.9982E-05
9.9991E-05 0.0455049 0.930337 0.0240579
9.9991E-05 0.0861723 0.909012 0.00471619
0.0069784 0.132668 0.860253 9.9991E-05
0.323433 9.9991E-05 0.64723 0.0292365
0.395092 0.0074645 0.597344 9.9991E-05
0.311459 9.9991E-05 0.582641 0.1058
0.413336 9.9991E-05 0.531273 0.0552908
0.192443 0.275221 0.0193888 0.512948
0.151026 0.297849 0.0105866 0.540539
0.238036 0.270628 9.9991E-05 0.491236
0.287076 0.110228 0.0236444 0.579052
0.722367 0.0291102 9.9991E-05 0.248423
0.0584179 0.389649 0.00791183 0.544022
0.114349 0.26563 9.9991E-05 0.619921
0.0797229 0.313244 9.9991E-05 0.606933
0.0592704 0.187567 9.9991E-05 0.753063
0.195884 0.398613 9.9991E-05 0.405403
0.202135 0.19708 9.9991E-05 0.600685
0.104658 9.9991E-05 0.0705234 0.824719
0.253318 0.285644 0.0641706 0.396867
0.122436 0.0835863 0.0669425 0.727035
0.00107427 0.287491 9.9991E-05 0.711335
0.199476 9.9991E-05 0.0901384 0.710286
0.883955 9.9982E-05 0.115845 9.9982E-05
0.828459 9.9991E-05 0.12058 0.0508608
0.945089 9.9991E-05 0.0406806 0.0141306
0.890444 9.9982E-05 0.109356 9.9982E-05
0.929292 0.000141838 0.0336808 0.0368858
0.837458 0.0331695 0.129272 9.9991E-05
9.9982E-05 0.152554 0.847246 9.9982E-05
0.0817572 0.11182 0.806323 9.9991E-05
9.9982E-05 0.249745 0.750055 9.9982E-05
0.0715777 0.214564 0.713758 9.9991E-05
0.0857467 0.176489 0.737664 9.9991E-05
0.564934 9.9991E-05 0.395849 0.0391169
0.407146 9.9991E-05 0.542617 0.0501375
0.448531 9.9991E-05 0.510689 0.0406798
0.0571029 0.154475 0.788322 9.9991E-05
0.582138 9.9991E-05 0.408379 0.00938251
9.9991E-05 0.532018 0.274679 0.193202
0.0936308 0.589086 0.073501 0.243782
0.0831427 0.653782 0.146366 0.11671
0.0646847 0.427657 0.287423 0.220235
0.0929259 0.447521 0.132561 0.326992
9.9991E-05 0.267937 0.618699 0.113264
0.408262 0.195112 9.9991E-05 0.396526
0.34424 0.178906 9.9991E-05 0.476754
0.699491 0.13444 0.0115268 0.154542
0.20807 0.241493 9.9991E-05 0.550337
0.26286 9.9991E-05 0.0905974 0.646442
0.221304 0.317371 0.12114 0.340185
0.254696 0.312849 0.0084351 0.42402
0.520583 0.134897 0.047138 0.297382
0.191958 0.291588 0.107375 0.409079
0.279886 9.9991E-05 0.103354 0.61666
0.264843 0.279823 9.9991E-05 0.455234
0.306063 0.263125 9.9991E-05 0.430711
0.111711 0.374969 0.132001 0.381319
0.3389 0.234437 9.9991E-05 0.426564
0.404344 0.206027 9.9991E-05 0.389529
0.167368 0.36046 0.0233371 0.448835
0.199258 0.254576 9.9991E-05 0.546067
0.184161 0.443054 9.9991E-05 0.372685
0.294922 0.423782 0.0185997 0.262696
0.242955 0.293631 0.0989817 0.364433
9.9982E-05 0.222942 0.776858 9.9982E-05
9.9991E-05 0.102783 0.840717 0.0563998
0.0419052 0.0556203 0.81952 0.0829541
0.125212 0.085222 0.78267 0.00689625
9.9982E-05 0.169778 0.830022 9.9982E-05
0.701661 0.104591 9.9991E-05 0.193648
0.201008 0.361702 9.9991E-05 0.43719
9.9991E-05 0.493069 0.182993 0.323838
0.186773 0.427072 9.9991E-05 0.386054
0.326258 0.275334 0.0332496 0.365159
0.407128 0.18889 0.0367323 0.367249
0.664237 9.9991E-05 0.163764 0.171899
0.441898 0.26091 9.9991E-05 0.297092
0.652365 0.0406636 0.0900233 0.216948
0.248354 0.250817 0.0257964 0.475032
0.561615 0.0255309 0.17574 0.237115
0.214751 0.408576 0.0558202 0.320852
0.56967 0.0659947 0.0947099 0.269625
0.492722 0.283754 0.0153148 0.208208
0.228304 0.319397 9.9991E-05 0.452199
0.224612 0.122705 0.102923 0.54976
0.213643 0.282957 0.0301531 0.473247
0.0699387 0.284961 0.131626 0.513474
0.14653 0.0827627 0.0790049 0.691702
0.128233 0.302885 0.0439383 0.524943
9.9991E-05 0.293494 0.0666271 0.639779
0.174636 9.9991E-05 0.0471755 0.778089
0.0605443 0.0144154 0.118371 0.806669
0.10668 0.23049 0.0338025 0.629027
0.192 9.9991E-05 0.125687 0.682213
0.156604 0.173299 0.00869501 0.661402
0.701296 0.0712843 0.00878911 0.218631
0.455199 0.11432 9.9991E-05 0.430381
0.513028 0.252378 9.9991E-05 0.234494
0.303868 0.408406 9.9991E-05 0.287625
0.604168 0.0301652 9.9991E-05 0.365567
0.258174 0.322434 0.0960302 0.323362
0.215661 0.294792 0.0271028 0.462445
0.34723 0.368457 9.9991E-05 0.284214
0.408018 0.328531 9.9991E-05 0.263351
0.389655 0.294904 9.9991E-05 0.315341
0.638765 0.176686 9.9991E-05 0.184448
0.521251 0.257663 9.9991E-05 0.220986
0.34959 0.341038 9.9991E-05 0.309272
0.234585 0.387419 9.9991E-05 0.377895
0.302394 0.273223 9.9991E-05 0.424282
0.205956 0.339708 9.9991E-05 0.454236
0.528809 0.265859 9.9991E-05 0.205232
0.27418 0.399663 9.9991E-05 0.326057
0.315548 0.388913 0.021686 0.273853
0.285123 0.351987 0.0599168 0.302973
0.072709 0.339961 0.332308 0.255022
0.0465995 0.465688 0.136656 0.351057
0.0181935 0.412272 0.178976 0.390559
0.150479 0.435282 0.057882 0.356356
0.137229 0.487918 0.115503 0.25935
0.279062 0.290923 9.9991E-05 0.429914
0.0940592 0.460232 0.14002 0.305689
9.9991E-05 0.0683577 0.434451 0.497091
0.215928 0.429777 0.0369116 0.317384
0.0867731 0.472962 0.0740921 0.366173
0.111602 0.480068 0.0535626 0.354767
0.108212 0.286898 0.275345 0.329544
0.172674 0.478231 0.143296 0.2058
0.105922 0.491866 0.147216 0.254997
9.9991E-05 0.125015 0.681766 0.193118
0.138878 0.519782 0.154505 0.186836
9.9991E-05 0.567047 0.142628 0.290225
0.0635085 0.365214 0.107867 0.463411
0.072781 0.51672 0.104229 0.306269
0.10226 0.489893 0.13807 0.269778
0.108739 0.281692 0.0414718 0.568098
0.213166 0.35165 0.0266766 0.408507
0.182816 9.9991E-05 0.0459435 0.77114
0.126087 9.9991E-05 0.111085 0.762727
0.0987252 0.375897 0.0180758 0.507302
0.0152192 0.544707 0.100446 0.339628
9.9991E-05 0.533142 0.143534 0.323223
9.9991E-05 0.366326 0.317986 0.315588
0.0321947 0.48337 0.208919 0.275516
0.0413479 0.0828129 0.257682 0.618157
9.9991E-05 0.126695 0.23402 0.639186
0.0802168 0.415444 9.9991E-05 0.504239
0.0495415 0.335425 0.0599435 0.55509
0.0202434 0.221692 0.16145 0.596614
0.122093 0.332466 0.117134 0.428307
0.0947773 0.387049 0.0474844 0.470689
0.155998 0.442047 0.102007 0.299947
0.200996 0.129294 0.0104143 0.659296
0.150035 0.2039 0.0310963 0.614969
0.0895806 0.253938 0.0605178 0.595964
0.201779 0.251713 0.0422335 0.504275
0.186261 0.269811 0.0638693 0.480058
0.171599 0.222165 0.00246011 0.603776
0.183661 0.0467314 0.0698583 0.699749
0.0136582 0.337521 0.0142663 0.634555
0.119392 0.337727 0.12466 0.418222
0.160792 0.0541489 0.000147278 0.784912
0.0917818 0.206748 0.0408869 0.660584
0.0699657 0.363547 0.0315466 0.53494
0.172599 0.240829 9.9991E-05 0.586472
0.0867331 0.435284 0.156023 0.32196
0.108431 0.46606 0.110052 0.315457
0.0619266 0.426023 0.193247 0.318804
0.13146 0.430114 0.210569 0.227858
0.0238189 0.428717 0.252898 0.294567
0.0767207 0.41699 0.161398 0.344892
0.0904771 0.068686 0.335084 0.505752
0.0780615 0.557764 9.9991E-05 0.364074
0.0173562 0.0647733 0.57532 0.34255
0.0133939 0.475093 0.0624742 0.449039
9.9982E-05 9.9982E-05 0.0554891 0.944311
0.0723412 9.9991E-05 0.147559 0.78
0.0893382 0.204338 9.9991E-05 0.706224
0.0291169 0.412499 9.9991E-05 0.558285
0.0718367 0.172442 0.0249867 0.730735
0.098323 0.278102 9.9991E-05 0.623475
0.00468169 0.283863 9.9991E-05 0.711355
0.0496055 0.125378 0.793952 0.0310638
0.173726 0.0992374 0.726936 9.9991E-05
9.9982E-05 0.105746 0.894054 9.9982E-05
9.9982E-05 0.0666817 0.933118 9.9982E-05
0.0315704 0.292581 0.069528 0.60632
9.9991E-05 0.276148 0.047916 0.675836
0.044978 0.178141 9.9991E-05 0.776781
0.177774 0.36699 9.9991E-05 0.455137
0.0824991 0.349385 0.0414255 0.52669
0.13373 0.0439048 0.0761489 0.746217
0.080424 0.360042 9.9991E-05 0.559434
9.9991E-05 0.0830236 0.0505607 0.866316
0.0969568 0.479527 0.23316 0.190356
0.0798227 0.233404 9.9991E-05 0.686673
0.190615 0.16881 9.9991E-05 0.640475
0.093028 0.28378 9.9991E-05 0.623092
0.117682 0.188845 0.00467739 0.688796
9.9982E-05 0.252158 9.9982E-05 0.747642
0.0553657 0.308103 0.0141615 0.622369
9.998E-05 9.998E-05 9.998E-05 0.9997
0.0401018 0.0510824 0.112665 0.796151
0.0905565 0.158348 0.0157662 0.73533
9.9982E-05 9.9982E-05 0.0196506 0.980149
0.145624 0.204875 0.022527 0.626975
9.9982E-05 9.9982E-05 0.0934738 0.906326
9.9982E-05 9.9982E-05 0.131556 0.868244
0.0148816 0.285928 9.9991E-05 0.69909
0.149457 0.0447372 0.0655763 0.740229
0.0839202 0.28613 0.0251018 0.604848
0.0806644 0.347785 0.0844792 0.487071
0.123683 0.264796 0.00473962 0.606781
0.35785 0.205572 9.9991E-05 0.436478
0.126822 0.338757 9.9991E-05 0.534322
0.158263 0.270944 9.9991E-05 0.570693
9.9991E-05 0.104283 0.0132394 0.882378
0.0822204 0.326297 0.0596838 0.531799
0.325415 9.9982E-05 0.674385 9.9982E-05
0.106202 0.0528273 0.77501 0.0659602
0.17101 9.9982E-05 0.82879 9.9982E-05
0.159867 9.9982E-05 0.839933 9.9982E-05
0.257792 0.00811239 0.733995 9.9991E-05
0.227732 0.0176175 0.109813 0.644837
0.11359 9.9991E-05 0.0922093 0.794101
9.998E-05 9.998E-05 9.998E-05 0.9997
0.0857932 0.409444 0.0566578 0.448105
0.063595 0.405057 0.0470007 0.484347
9.9991E-05 0.172382 0.0494923 0.778026
9.9982E-05 0.387535 9.9982E-05 0.612265
0.0910032 0.255033 0.0034834 0.65048
0.147961 0.291389 0.0210277 0.539622
0.0966266 0.394835 0.010974 0.497564
0.212734 0.112451 9.9991E-05 0.674715
0.133396 0.147709 9.9991E-05 0.718795
0.223846 0.13569 9.9991E-05 0.640364
0.156536 0.359598 0.0575856 0.426281
0.138532 0.11974 9.9991E-05 0.741628
0.0728596 0.221969 0.0340591 0.671112
0.05985 0.634782 9.9991E-05 0.305268
0.053817 0.619542 0.149531 0.17711
9.9991E-05 0.728331 0.110949 0.16062
9.9991E-05 0.701017 0.139357 0.159526
0.127941 0.536838 0.0852212 0.25
0.0350914 0.243948 0.0627506 0.65821
9.9982E-05 0.638024 0.361776 9.9982E-05
9.9991E-05 0.641091 0.204722 0.154087
0.0600798 0.357863 0.178735 0.403322
0.0956565 0.29885 0.132339 0.473155
0.192511 0.23158 0.137909 0.438
0.131369 0.372025 0.0734141 0.423192
0.0835134 0.299578 0.108947 0.507961
9.9991E-05 0.611105 0.292537 0.0962577
0.074557 0.593481 0.145656 0.186307
0.0177212 0.793324 0.0682815 0.120673
0.10849 0.56695 0.100315 0.224245
9.9991E-05 0.679768 0.204885 0.115248
0.0665405 0.544465 0.124911 0.264084
0.0240303 0.724575 0.150768 0.100626
0.103045 0.683738 0.0790368 0.13418
0.00708803 0.310977 0.0688656 0.613069
9.9991E-05 0.621058 0.169348 0.209494
9.9982E-05 0.724098 0.275702 9.9982E-05
0.0418893 0.551175 0.165 0.241935
0.319022 0.117541 0.204008 0.359429
0.164309 0.365895 9.9991E-05 0.469696
0.0542577 0.546249 0.192552 0.206942
0.166262 0.308386 0.0905731 0.434778
0.100756 0.278621 0.17383 0.446793
0.0491922 0.397009 0.246413 0.307386
0.0208659 0.465926 0.242343 0.270865
0.120613 0.402762 0.0303826 0.446242
0.0810236 0.597277 0.0931007 0.228599
0.0192174 0.694047 0.129576 0.157159
0.010224 0.724153 0.25118 0.0144437
0.184334 0.385195 0.0508757 0.379595
0.206774 0.193758 0.139084 0.460385
0.0445677 0.0623937 0.265707 0.627331
0.167116 0.429744 0.07155 0.33159
0.207469 0.23564 0.129575 0.427316
0.022837 0.407062 0.220318 0.349783
0.106521 0.334737 0.0964292 0.462313
9.9991E-05 0.144805 0.541321 0.313774
9.9991E-05 0.0138172 0.567103 0.41898
0.155432 0.311616 0.180311 0.352641
9.9991E-05 0.195924 0.478987 0.324988
9.9991E-05 0.247398 0.5767 0.175802
0.0261882 0.338607 0.15796 0.477246
9.9991E-05 0.329221 0.270686 0.399994
0.0779411 0.259465 0.35609 0.306504
9.9991E-05 0.175748 0.433559 0.390594
0.061738 0.364172 0.161916 0.412174
9.9991E-05 0.205548 0.295999 0.498353
9.9991E-05 0.0331854 0.650726 0.315988
0.128474 0.484855 0.162618 0.224053
0.1277 0.426528 0.162514 0.283257
0.0753813 0.46049 0.249776 0.214352
0.0709126 0.627036 0.078808 0.223244
0.212887 0.463225 0.125734 0.198154
0.0591125 0.53831 0.114371 0.288206
0.0559927 0.553264 0.107807 0.282937
0.0600829 0.442709 0.349128 0.14808
0.0859881 0.406511 0.217633 0.289869
0.0172761 0.592569 0.182192 0.207963
0.112334 0.386937 0.246805 0.253924
0.216727 0.313519 0.144175 0.325579
0.206704 0.46436 0.109303 0.219634
0.0915064 0.463413 0.14626 0.298821
0.0688726 0.400406 9.9991E-05 0.530622
0.104846 0.52289 0.28286 0.0894043
0.106657 0.48755 0.0938038 0.311989
9.9991E-05 0.289578 0.460435 0.249887
0.131584 0.455904 0.172528 0.239983
9.9991E-05 0.459485 0.352434 0.187981
0.14992 0.0343408 0.799958 0.0157815
0.81601 0.0541473 0.0941824 0.0356599
0.975933 9.9982E-05 0.0238669 9.9982E-05
0.991233 9.9982E-05 0.00856752 9.9982E-05
0.9997 9.998E-05 9.998E-05 9.998E-05
0.954112 0.0322725 0.0135157 9.9991E-05
0.9997 9.998E-05 9.998E-05 9.998E-05
0.949339 9.9982E-05 0.0504607 9.9982E-05
0.758994 0.00796624 0.23294 9.9991E-05
0.0159973 0.066584 0.912509 0.00490953
0.0876542 0.0793515 0.832894 9.9991E-05
9.9991E-05 0.0768828 0.904467 0.0185501
0.138931 0.00747378 0.833058 0.0205369
0.0231862 0.0922613 0.884452 9.9991E-05
0.0544583 0.0253356 0.920106 9.9991E-05
0.0414213 0.222395 0.736084 9.9991E-05
9.9991E-05 0.136809 0.858668 0.00442249
0.192006 0.123758 0.684136 9.9991E-05
9.9982E-05 0.0826599 0.91714 9.9982E-05
0.0149545 9.9982E-05 0.984846 9.9982E-05
0.0600756 0.120938 0.818886 9.9991E-05
9.9982E-05 0.0454817 0.954318 9.9982E-05
0.00485834 0.135981 0.859061 9.9991E-05
0.00231991 0.139391 0.858189 9.9991E-05
9.9982E-05 0.186196 0.813604 9.9982E-05
9.9982E-05 0.232195 0.767605 9.9982E-05
9.9982E-05 0.218543 0.781257 9.9982E-05
0.0226899 0.212956 0.759303 0.005051
0.167467 0.223834 0.175312 0.433387
0.0328282 0.408754 0.0325023 0.525915
0.155083 0.320666 0.0299666 0.494285
0.024821 9.9991E-05 0.234702 0.740377
0.209438 0.315583 0.0583412 0.416638
0.0139972 9.9991E-05 0.348682 0.637221
0.0632364 0.392747 0.0965092 0.447507
0.193096 0.18089 0.114092 0.511921
0.0975502 0.27365 0.0739819 0.554818
0.0818352 0.2359 0.0607868 0.621478
0.231632 0.254399 0.068942 0.445027
0.117479 0.372472 0.0321564 0.477892
0.269766 0.293866 0.124757 0.311612
0.516508 0.0155511 0.0562739 0.411667
0.157509 9.9991E-05 0.202825 0.639566
0.0735102 0.00438517 0.260033 0.662072
0.149287 0.478615 9.9991E-05 0.371998
0.0852483 0.269544 0.149087 0.496121
9.9991E-05 0.287392 0.171044 0.541464
0.153082 0.385528 0.057619 0.40377
0.0184748 0.445666 0.164111 0.371748
0.13811 0.520246 0.0936745 0.24797
0.166784 0.210755 0.436931 0.185531
0.181972 0.371288 0.101241 0.345499
0.126145 0.39957 0.231347 0.242938
9.9991E-05 0.107402 0.603035 0.289464
9.9991E-05 0.333243 0.332419 0.334239
0.129502 0.370128 0.322137 0.178233
0.228317 0.365382 0.246406 0.159895
0.0961768 0.477823 0.141806 0.284194
0.0829001 0.381893 0.22448 0.310727
9.9991E-05 0.506376 0.12108 0.372444
0.0449209 0.3942 0.137692 0.423187
0.0132826 0.35607 0.476163 0.154484
