0.910698 9.9991E-05 0.0892023
0.965808 9.9991E-05 0.0340918
0.809714 9.9991E-05 0.190186
0.789861 0.0148903 0.195249
0.824834 9.9991E-05 0.175066
0.617023 0.222865 0.160112
0.837185 0.0632791 0.0995357
0.805795 0.0888376 0.105368
0.93399 0.0659101 9.9991E-05
0.722333 0.0495414 0.228126
0.80526 0.165249 0.0294908
0.113511 0.764522 0.121967
0.00190219 0.657408 0.34069
0.114567 0.741387 0.144046
0.135938 0.609011 0.255051
0.191143 0.541463 0.267394
0.0306827 0.586355 0.382962
0.00637307 0.639416 0.354211
0.152863 0.612832 0.234305
0.252756 0.747144 9.9991E-05
0.0585953 0.714464 0.22694
0.0618959 0.586149 0.351955
0.00260528 0.679627 0.317768
0.0720784 0.704 0.223921
0.02832 0.503911 0.467769
0.024722 0.6019 0.373378
0.161327 0.73582 0.102854
0.149164 0.596939 0.253897
0.0984949 0.865867 0.0356381
0.801656 9.9991E-05 0.198244
0.797907 9.9991E-05 0.201993
0.731109 0.0305751 0.238315
0.721641 0.0152054 0.263153
0.0320779 0.628025 0.339897
0.087645 0.556832 0.355523
9.9991E-05 0.656215 0.343685
0.27281 0.72709 9.9991E-05
0.0303164 0.793858 0.175825
0.0507001 0.647748 0.301552
9.9991E-05 0.563328 0.436572
0.0792862 0.603498 0.317215
0.116597 0.520573 0.362829
0.0661173 0.89213 0.0417522
9.9991E-05 0.576329 0.423571
9.9991E-05 0.592731 0.407169
0.0817671 0.519169 0.399064
9.9991E-05 0.878928 0.120972
9.9991E-05 0.646265 0.353635
9.9991E-05 0.62931 0.37059
0.182145 0.817755 9.9991E-05
0.076282 0.914518 0.00919976
0.169946 0.829954 9.9991E-05
0.0494587 0.608418 0.342124
0.0804334 0.532993 0.386574
0.0279689 0.57161 0.400422
0.237644 0.761373 0.000983093
0.0174421 0.663139 0.319419
9.9991E-05 0.583104 0.416796
0.139913 0.67795 0.182137
0.311595 0.627172 0.0612321
0.053972 0.661903 0.284125
0.12445 0.593235 0.282315
0.191324 0.808576 9.9991E-05
0.0260596 0.701961 0.271979
0.0322575 0.635195 0.332548
0.0781102 0.559613 0.362276
0.128929 0.694049 0.177023
0.0180248 0.701459 0.280516
0.0257719 0.535359 0.438869
0.154664 0.831073 0.0142628
9.9991E-05 0.831231 0.168669
0.0126392 0.935327 0.0520334
0.0155133 0.609575 0.374912
0.0567407 0.943159 9.9991E-05
0.00820779 0.991692 9.9991E-05
9.9991E-05 0.872142 0.127758
0.00462428 0.751767 0.243608
0.0818891 0.535687 0.382424
0.0273488 0.746361 0.22629
0.144474 0.801577 0.0539498
0.0960912 0.780248 0.123661
0.047444 0.595369 0.357187
9.9991E-05 0.811347 0.188553
0.00844229 0.784258 0.207299
0.00301845 0.805957 0.191025
0.0844658 0.915434 9.9991E-05
9.9991E-05 0.673162 0.326738
0.807403 0.0179468 0.17465
0.83456 9.9991E-05 0.16534
0.819462 9.9991E-05 0.180438
0.87104 9.9991E-05 0.12886
0.831805 9.9991E-05 0.168095
0.86408 9.9991E-05 0.13582
0.835543 9.9991E-05 0.164357
0.13032 0.585762 0.283918
0.0121478 0.573555 0.414297
0.0650445 0.934856 9.9991E-05
0.0830037 0.506467 0.41053
0.0137826 0.699246 0.286971
0.0454737 0.60265 0.351877
0.0015402 0.706061 0.292398
9.9991E-05 0.715973 0.283927
0.107231 0.892669 9.9991E-05
0.0992413 0.59884 0.301919
9.9991E-05 0.528912 0.470988
9.9991E-05 0.643007 0.356893
0.0547789 0.798824 0.146397
9.9991E-05 0.682276 0.317624
9.9991E-05 0.776741 0.223159
9.9991E-05 0.745857 0.254043
0.00446737 0.766153 0.22938
0.0431349 0.630478 0.326387
0.178016 0.75387 0.0681138
0.169452 0.549711 0.280836
0.173199 0.515933 0.310868
0.0559629 0.572917 0.37112
0.102 0.673483 0.224518
9.9991E-05 0.615099 0.384801
0.0645431 0.661313 0.274144
0.0743854 0.582516 0.343098
0.0711889 0.638263 0.290548
0.0412945 0.655366 0.303339
0.036045 0.728106 0.235849
9.9991E-05 0.572461 0.427439
0.0741114 0.502078 0.423811
9.9991E-05 0.651561 0.348339
0.0905679 0.560223 0.34921
9.9991E-05 0.634433 0.365467
0.157226 0.660958 0.181816
9.9991E-05 0.607885 0.392015
9.9991E-05 0.584558 0.415342
0.136356 0.743555 0.120089
0.178694 0.770823 0.0504835
0.0550595 0.625148 0.319793
0.0560083 0.891456 0.052536
0.122537 0.796685 0.0807777
0.0270094 0.790464 0.182527
0.100612 0.795875 0.103512
0.0986792 0.81862 0.0827012
9.9991E-05 0.611233 0.388667
0.0651016 0.521271 0.413628
0.00780709 0.663614 0.328579
0.0997682 0.801823 0.0984091
0.113909 0.556629 0.329462
0.0470554 0.648198 0.304746
0.325988 0.673912 9.9991E-05
0.064915 0.531918 0.403167
0.143462 0.676215 0.180323
0.0526125 0.596234 0.351153
0.187701 0.692968 0.119332
0.210591 0.789309 9.9991E-05
0.057142 0.732509 0.210349
0.0926013 0.570601 0.336798
0.176534 0.545609 0.277857
0.239824 0.63134 0.128837
0.0356578 0.627352 0.33699
9.9991E-05 0.864106 0.135794
9.9991E-05 0.770138 0.229762
0.044648 0.528772 0.42658
0.39826 0.227434 0.374307
0.749137 0.0692559 0.181607
0.663376 0.141879 0.194745
0.475356 0.133237 0.391407
9.9991E-05 0.632607 0.367293
0.0988 0.482781 0.418419
9.9991E-05 0.0874772 0.912423
0.0631091 0.327908 0.608983
0.0649457 0.258053 0.677001
0.0943333 0.772352 0.133314
0.0727787 0.558296 0.368926
0.0959853 0.786425 0.11759
9.9991E-05 0.67033 0.32957
0.0319268 0.708567 0.259506
9.9991E-05 0.637703 0.362197
0.0967751 0.854012 0.0492132
9.9991E-05 0.577586 0.422314
0.0359465 0.566815 0.397238
0.0232287 9.9991E-05 0.976671
0.000683737 0.00762137 0.991695
0.0266773 0.214827 0.758495
0.0311617 0.0643703 0.904468
0.0491821 0.0800747 0.870743
0.0157406 9.9991E-05 0.984159
0.111427 9.9991E-05 0.888473
0.000702722 0.011816 0.987481
0.0276802 9.9991E-05 0.97222
0.0307592 9.9991E-05 0.969141
0.057065 9.9991E-05 0.942835
0.0634697 0.0413178 0.895213
0.125936 9.9991E-05 0.873964
0.0343619 9.9991E-05 0.965538
0.0399802 0.357377 0.602643
0.0338698 0.201934 0.764196
0.0828703 0.0438467 0.873283
0.105749 9.9991E-05 0.894151
0.0344464 9.9991E-05 0.965454
0.0989353 9.9991E-05 0.900965
0.0257024 9.9991E-05 0.974198
0.0780944 0.145956 0.77595
0.072969 9.9991E-05 0.926931
0.522546 0.445289 0.0321654
0.132781 0.557944 0.309275
0.190945 0.490307 0.318748
0.363168 0.436608 0.200224
0.129281 0.503926 0.366794
0.387153 0.36861 0.244237
0.201425 0.432874 0.365701
0.219632 0.403409 0.376959
0.20952 0.372272 0.418208
0.203001 0.35004 0.44696
0.210073 0.476558 0.31337
0.854413 0.0451959 0.100391
0.872176 9.9991E-05 0.127724
0.941887 9.9991E-05 0.0580132
0.925718 9.9991E-05 0.0741819
0.902891 9.9991E-05 0.097009
0.859687 9.9991E-05 0.140213
0.832618 9.9991E-05 0.167282
0.899624 9.9991E-05 0.100276
0.888208 9.9991E-05 0.111692
0.839942 9.9991E-05 0.159958
0.717659 0.282241 9.9991E-05
0.679762 0.312688 0.00754957
0.679152 0.320748 9.9991E-05
0.603031 0.396869 9.9991E-05
0.0401221 0.723357 0.236521
9.9991E-05 0.685106 0.314794
0.0195883 0.586766 0.393646
0.0815676 0.79119 0.127243
0.136314 0.847494 0.0161919
9.9991E-05 0.546595 0.453305
9.9991E-05 0.685959 0.313941
9.9991E-05 0.763653 0.236247
9.9991E-05 0.75018 0.24972
0.00584422 0.64448 0.349676
9.9991E-05 0.775085 0.224815
0.0579902 0.94191 9.9991E-05
0.0694452 0.622905 0.30765
0.025169 0.871767 0.103064
9.9991E-05 0.727037 0.272863
0.101502 0.898398 9.9991E-05
0.389911 0.609989 9.9991E-05
0.297633 0.702267 9.9991E-05
0.287733 0.712167 9.9991E-05
0.319051 0.680849 9.9991E-05
0.280178 0.719722 9.9991E-05
0.280743 0.719157 9.9991E-05
0.784021 9.9991E-05 0.215879
0.831745 9.9991E-05 0.168155
0.710371 9.9991E-05 0.289529
0.7754 0.00241403 0.222186
0.788842 9.9991E-05 0.211058
0.506842 0.493058 9.9991E-05
0.612665 0.387235 9.9991E-05
0.584943 0.414957 9.9991E-05
0.777314 9.9991E-05 0.222586
0.538346 0.461554 9.9991E-05
0.198638 0.205257 0.596104
0.0753337 0.364155 0.560512
0.115012 0.206168 0.678821
0.272881 0.278498 0.44862
0.213085 0.394404 0.392512
0.56642 0.0859956 0.347584
0.033707 0.757582 0.208711
0.0706173 0.805474 0.123909
0.173434 0.729238 0.0973271
9.9991E-05 0.734757 0.265143
0.118587 0.881313 9.9991E-05
0.0271209 0.629587 0.343293
0.0292648 0.651288 0.319447
0.125546 0.791745 0.0827084
0.05777 0.582265 0.359965
0.14507 0.85483 9.9991E-05
0.013365 0.694825 0.29181
9.9991E-05 0.714159 0.285741
0.147248 0.427454 0.425297
9.9991E-05 0.7811 0.2188
0.00816868 0.732324 0.259507
0.0264881 0.609407 0.364105
0.0211479 0.735068 0.243784
9.9991E-05 0.574377 0.425523
0.0606814 0.557187 0.382132
0.0660145 0.551563 0.382422
0.724441 9.9991E-05 0.275459
0.798266 0.0130192 0.188715
0.756832 0.103326 0.139841
0.822593 0.0427838 0.134623
0.808607 9.9991E-05 0.191293
0.141131 0.809881 0.0489874
0.00490101 0.635442 0.359657
0.267975 0.36028 0.371745
0.00674553 0.625763 0.367491
0.0592954 0.675084 0.26562
0.117436 0.71349 0.169074
0.295796 0.704104 9.9991E-05
0.0227748 0.666581 0.310644
0.191771 0.769714 0.038515
0.0927127 0.701282 0.206005
0.306079 0.693821 9.9991E-05
0.0646355 0.531974 0.40339
0.204421 0.753321 0.0422576
0.0908358 0.754851 0.154313
0.0530162 0.65743 0.289554
0.10815 0.768582 0.123267
9.9991E-05 0.639537 0.360363
0.124126 0.505198 0.370676
0.0946538 0.783611 0.121736
0.0721249 0.587916 0.339959
0.0533541 0.665346 0.281299
0.0838246 0.916075 9.9991E-05
0.0751199 0.848712 0.0761683
0.0430084 0.7313 0.225691
0.124079 0.875821 9.9991E-05
0.0236815 0.820445 0.155873
0.193384 0.806516 9.9991E-05
9.9991E-05 0.881037 0.118863
0.0713524 0.693564 0.235083
0.034274 0.603272 0.362454
0.0563119 0.904685 0.039003
0.0510763 0.620752 0.328171
0.0327242 0.536442 0.430834
0.0186927 0.680736 0.300571
9.9991E-05 0.639933 0.359967
0.0151448 0.720146 0.264709
0.0440535 0.807805 0.148141
0.0634036 0.739203 0.197393
9.9991E-05 0.657387 0.342513
0.0351065 0.638515 0.326378
0.0992087 0.670149 0.230642
9.9991E-05 0.702472 0.297428
0.166747 0.664591 0.168662
9.9991E-05 0.675736 0.324164
0.0416453 0.624661 0.333693
0.0220145 0.614796 0.363189
0.282628 0.278421 0.438952
0.14143 0.331409 0.527161
0.157595 0.381161 0.461244
0.0282811 0.479612 0.492107
0.200888 0.313466 0.485647
9.9991E-05 0.774824 0.225076
0.114322 0.43608 0.449599
0.369337 0.467058 0.163605
0.0923025 0.409844 0.497853
0.0854799 0.405664 0.508856
0.0538126 0.423921 0.522267
0.234135 0.442916 0.322949
0.069443 0.395378 0.535179
0.0895232 0.410781 0.499696
0.641142 0.166171 0.192687
0.143692 0.341738 0.51457
0.110393 0.352859 0.536748
0.0661007 0.460039 0.47386
0.109469 0.352681 0.53785
0.0846444 0.43752 0.477835
0.0511399 0.637396 0.311464
0.00968628 0.609258 0.381056
0.0724212 0.927479 9.9991E-05
0.102401 0.897499 9.9991E-05
0.025135 0.658542 0.316323
0.138879 0.29488 0.566242
0.154172 0.264736 0.581092
0.236986 0.355417 0.407598
0.153324 0.357708 0.488968
0.168247 0.693547 0.138207
0.184074 0.602293 0.213633
9.9991E-05 0.592913 0.406987
0.030205 0.597881 0.371914
0.138267 0.60111 0.260624
0.0522122 0.560037 0.387751
9.9991E-05 0.523826 0.476074
0.0420748 0.539062 0.418863
0.0237861 0.875143 0.10107
0.062621 0.731324 0.206055
0.0537741 0.595697 0.350529
0.0908371 0.704599 0.204564
0.0382141 0.626103 0.335683
0.0527968 0.708393 0.238811
0.0497183 0.848931 0.101351
9.9991E-05 0.649804 0.350096
0.0270328 0.567548 0.405419
0.0371692 0.885983 0.0768479
0.0239666 0.738274 0.237759
0.06001 0.540898 0.399092
0.0321433 0.688223 0.279634
0.185693 0.360672 0.453634
0.198701 0.503025 0.298275
0.210949 0.312486 0.476564
0.19582 0.393649 0.410531
0.142484 0.436588 0.420928
0.122196 0.424254 0.45355
0.33884 0.554514 0.106646
0.0253658 0.388181 0.586453
0.553945 0.274976 0.171078
9.9991E-05 0.479262 0.520638
0.0154119 0.982878 0.00171039
0.108691 0.891209 9.9991E-05
9.9991E-05 0.765312 0.234588
9.9991E-05 0.642151 0.357749
9.9991E-05 0.827681 0.172219
0.0048619 0.729402 0.265736
9.9991E-05 0.676437 0.323463
0.798233 0.0513513 0.150415
0.753067 0.0884182 0.158515
0.864855 9.9991E-05 0.135045
0.89266 9.9991E-05 0.10724
0.0165901 0.689055 0.294355
0.0175466 0.637826 0.344628
9.9991E-05 0.766646 0.233254
0.0122351 0.625976 0.361789
0.0233193 0.67498 0.301701
0.0946172 0.857672 0.0477105
9.9991E-05 0.675848 0.324052
9.9991E-05 0.865379 0.134521
0.241978 0.33331 0.424712
9.9991E-05 0.733964 0.265936
0.0125587 0.827068 0.160374
9.9991E-05 0.685971 0.313929
0.0110841 0.785286 0.20363
9.9991E-05 0.662263 0.337637
0.00154281 0.671964 0.326493
9.999E-05 0.9998 9.999E-05
0.0420929 0.850988 0.106919
0.0301978 0.835571 0.134231
0.0167373 0.983163 9.9991E-05
0.0213723 0.728033 0.250595
0.0315852 0.92732 0.041095
0.105254 0.894646 9.9991E-05
9.9991E-05 0.60628 0.39362
0.0658171 0.895725 0.0384576
9.9991E-05 0.704583 0.295317
0.0424895 0.575297 0.382213
9.9991E-05 0.768062 0.231838
9.9991E-05 0.764361 0.235539
9.9991E-05 0.754692 0.245208
0.0391181 0.677259 0.283623
9.9991E-05 0.865933 0.133967
0.0170169 0.606684 0.3763
0.721867 0.278033 9.9991E-05
0.756594 0.144936 0.0984697
0.903109 0.0967907 9.9991E-05
0.87606 0.123091 0.000849168
0.796042 0.174736 0.0292216
0.0894831 0.883693 0.0268237
0.11552 0.875019 0.00946099
9.9991E-05 0.955698 0.0442024
0.0716954 0.526098 0.402207
0.0979504 0.511863 0.390186
0.0628103 0.776252 0.160938
9.9991E-05 0.674092 0.325808
0.0362607 0.739939 0.2238
9.9991E-05 0.714083 0.285817
9.9991E-05 0.612691 0.387209
9.9991E-05 0.861998 0.137902
9.9991E-05 0.869363 0.130537
9.9991E-05 0.872281 0.127619
0.0405901 0.626261 0.333149
9.9991E-05 0.81142 0.18848
9.9991E-05 0.726022 0.273878
0.000561597 0.270627 0.728811
0.149821 0.188238 0.66194
0.113408 0.19671 0.689882
0.208188 0.131319 0.660493
0.119889 0.287981 0.592131
9.9991E-05 0.679311 0.320589
0.329766 9.9991E-05 0.670134
0.189832 0.148855 0.661313
0.153827 0.386306 0.459866
0.0865184 0.562799 0.350683
0.16677 0.589383 0.243847
0.00693654 0.610969 0.382095
0.0395832 0.548611 0.411806
0.167298 0.109955 0.722747
0.099185 0.294687 0.606128
0.0885227 0.150101 0.761377
0.0577935 0.368216 0.57399
0.0891936 0.131558 0.779249
0.109825 0.262299 0.627876
0.149961 0.120784 0.729255
0.0700453 0.317222 0.612733
9.9991E-05 0.575472 0.424428
0.150579 0.298489 0.550932
0.21629 0.00245628 0.781254
0.120681 0.246515 0.632805
0.271231 0.653892 0.0748774
0.008555 0.563152 0.428293
0.135433 0.299613 0.564954
0.0736281 0.617433 0.308939
0.150127 0.575861 0.274012
0.19816 0.348294 0.453546
0.251312 0.228737 0.519951
0.0736064 0.498156 0.428238
0.182094 0.246013 0.571893
0.0849089 0.175299 0.739792
0.235341 0.0512926 0.713366
0.110432 0.443464 0.446104
0.0925837 0.684442 0.222974
0.23053 0.637623 0.131847
0.0657324 0.486 0.448268
0.189018 0.580319 0.230664
0.199072 0.336137 0.464791
0.0854772 0.550736 0.363787
0.471178 0.305144 0.223677
0.526547 0.298522 0.17493
0.19443 0.534181 0.27139
0.468286 0.273196 0.258518
0.587006 0.136163 0.276831
0.110942 0.492191 0.396867
0.176326 0.430764 0.39291
0.365252 0.322311 0.312437
0.385923 0.368231 0.245846
0.106188 0.465872 0.427941
0.280913 0.468908 0.250179
0.653115 0.24375 0.103135
0.073741 0.409816 0.516443
0.179836 0.385543 0.434621
0.258508 0.282553 0.458938
0.0895748 0.294724 0.615701
0.138272 0.442269 0.419459
0.0907328 0.386739 0.522528
0.129507 0.348809 0.521683
0.3304 0.140981 0.52862
0.121044 0.359067 0.519889
0.183601 0.269355 0.547044
0.25372 0.281084 0.465196
0.191949 0.484405 0.323646
0.148398 0.458045 0.393557
0.0753435 0.43237 0.492286
0.0547504 0.44321 0.50204
0.285399 0.141306 0.573294
0.134929 0.334721 0.530349
0.412169 0.227719 0.360112
0.179022 0.325091 0.495888
0.2702 0.261297 0.468503
0.826639 0.119204 0.0541568
0.295059 0.704841 9.9991E-05
0.260163 0.739737 9.9991E-05
0.297851 0.702049 9.9991E-05
0.229058 0.770842 9.9991E-05
0.302684 0.697216 9.9991E-05
0.212185 0.787715 9.9991E-05
0.311269 0.688631 9.9991E-05
0.439851 0.560049 9.9991E-05
0.890417 9.9991E-05 0.109483
0.828909 0.0392344 0.131856
0.849223 9.9991E-05 0.150677
0.829681 0.105219 0.0650999
0.858044 9.9991E-05 0.141856
0.898168 0.00316327 0.0986685
0.73666 9.9991E-05 0.26324
0.854956 0.000502244 0.144542
0.742133 0.0811259 0.176741
0.833326 9.9991E-05 0.166574
0.936806 9.9991E-05 0.0630938
0.837924 0.0185269 0.143549
0.906176 9.9991E-05 0.093724
0.845969 9.9991E-05 0.153931
0.821546 9.9991E-05 0.178354
0.77483 9.9991E-05 0.22507
0.730743 9.9991E-05 0.269157
0.727176 9.9991E-05 0.272724
0.768115 9.9991E-05 0.231785
0.179515 0.545865 0.27462
0.0492261 0.623416 0.327358
0.00550314 0.568964 0.425533
0.19538 0.734976 0.0696436
0.099168 0.580274 0.320558
0.289701 0.591978 0.118321
0.0101521 0.555516 0.434332
0.159659 0.647251 0.19309
0.0171529 0.665241 0.317606
9.9991E-05 0.719158 0.280742
0.105541 0.638935 0.255524
0.0251407 0.597778 0.377082
0.0693673 0.62427 0.306363
0.168024 0.831876 9.9991E-05
0.237814 0.762086 9.9991E-05
0.20918 0.729755 0.0610651
0.046444 0.483792 0.469764
0.0717023 0.6015 0.326798
0.15287 0.541611 0.305519
9.9991E-05 0.601817 0.398083
0.135211 0.35102 0.513769
0.0429966 0.3623 0.594704
0.433334 0.303305 0.263361
0.0843439 0.555739 0.359917
0.231116 0.361881 0.407003
0.600794 0.232638 0.166568
0.287319 0.325702 0.38698
0.348085 0.292824 0.359091
0.272568 0.354991 0.372441
0.11566 0.372884 0.511456
0.214402 0.322544 0.463054
0.0698889 0.432279 0.497832
0.135226 0.441184 0.423591
0.435466 0.160998 0.403536
