0.009784 0.87748 0.00890557 0.10363 9.9982E-05 9.9982E-05
0.0220185 0.90873 9.9982E-05 0.010661 0.0583903 9.9982E-05
0.00342672 0.840019 0.0224283 0.0360654 9.9991E-05 0.0979604
9.9982E-05 0.785871 0.0607079 0.0879324 9.9982E-05 0.0652885
9.9982E-05 0.873668 0.0283605 0.035932 9.9982E-05 0.0618392
0.135072 0.640281 0.0237141 0.0282999 0.0894233 0.0832097
9.9973E-05 0.851222 9.9973E-05 0.0347306 0.113747 9.9973E-05
9.9982E-05 0.75753 0.0200645 0.0863787 0.135827 9.9982E-05
0.0365889 0.857079 9.9982E-05 0.0628416 0.0432905 9.9982E-05
9.999E-05 0.677259 0.097797 0.0103021 0.116401 0.0981413
0.0233842 0.742844 9.9991E-05 0.11761 0.0820673 0.0339946
0.258246 9.9982E-05 0.118368 0.470926 9.9982E-05 0.15226
0.0574271 9.9991E-05 0.0549313 0.270926 0.0572086 0.559407
0.12362 9.9991E-05 0.161719 0.491113 0.0752614 0.148187
0.154141 0.0119588 0.198249 0.391078 9.9991E-05 0.244474
0.188497 0.114066 0.130062 0.195631 0.0471627 0.324581
0.0722698 0.0581063 0.0974237 0.12205 0.0660746 0.584076
0.24077 0.00761235 0.180084 0.205524 0.0469827 0.319027
0.171634 0.0345465 0.116197 0.359058 9.9991E-05 0.318465
0.0917168 9.9982E-05 0.097151 0.659064 0.151868 9.9982E-05
0.112076 9.9991E-05 0.102922 0.314494 0.0924076 0.378
0.105332 9.9991E-05 0.0963106 0.211928 0.20818 0.37815
0.188881 9.9991E-05 0.00306334 0.248954 0.0530728 0.505929
0.26884 9.9991E-05 0.157945 0.338016 0.0443756 0.190724
0.115164 0.0464364 0.0773553 0.151063 9.9991E-05 0.609881
0.0976528 0.019263 0.105608 0.243834 0.0419939 0.491648
0.216818 9.9991E-05 0.18266 0.4749 0.0420321 0.0834909
0.228054 0.0063592 0.260676 0.436308 9.9991E-05 0.0685025
0.124099 0.00677969 0.0648252 0.439426 0.116284 0.248585
9.9973E-05 0.822077 0.0594888 9.9973E-05 9.9973E-05 0.118134
9.9964E-05 0.839616 9.9964E-05 9.9964E-05 9.9964E-05 0.159984
0.0643375 0.762059 0.0472451 9.9982E-05 9.9982E-05 0.126158
0.0286131 0.756003 0.0714193 9.9991E-05 0.0177525 0.126112
0.247679 0.0533346 0.00798123 0.154708 0.00640136 0.529896
0.250496 0.0536084 0.0274952 0.13828 9.9991E-05 0.530021
0.346171 0.0652172 0.0517874 9.9991E-05 0.0535158 0.483209
0.183694 0.070556 0.060413 0.554478 9.9991E-05 0.130759
0.627817 0.012517 0.0602488 9.9991E-05 0.0564133 0.242904
0.273606 0.0312693 0.0950565 0.102267 0.000151842 0.497649
0.138624 9.9991E-05 0.0416484 0.0238469 0.0711186 0.724662
0.0775904 0.0949505 9.9991E-05 0.112076 0.0949947 0.620288
0.1093 0.0987868 9.9991E-05 0.126982 0.0454768 0.619354
0.760668 0.0898337 0.00142651 0.0684387 9.9991E-05 0.0795329
0.0985021 0.0238083 0.0903668 0.0118705 0.202493 0.572959
0.210301 0.0372857 0.0161435 0.0466397 0.121299 0.568332
0.2065 0.170518 0.0978381 0.0240347 9.9991E-05 0.501009
0.688718 9.9982E-05 9.9982E-05 0.00429881 0.0217517 0.285031
0.326091 0.032884 0.029981 9.9982E-05 9.9982E-05 0.610844
0.185295 0.070671 0.142308 0.118982 9.9991E-05 0.482644
0.62606 0.0618753 9.9973E-05 9.9973E-05 0.311765 9.9973E-05
0.175738 9.9982E-05 9.9982E-05 0.444081 0.139064 0.240917
0.255221 9.9991E-05 0.0697282 0.239175 0.389506 0.0462708
0.0519254 0.0188124 0.0803141 0.193206 0.0764657 0.579277
0.0096533 0.00769257 0.125645 0.176252 0.0925228 0.588234
0.0381024 0.119575 0.0218018 0.106746 0.0887085 0.625066
0.244497 0.0977144 9.9991E-05 0.389517 0.0833188 0.184853
0.135757 9.9982E-05 0.0221911 0.261685 9.9982E-05 0.580167
0.149981 0.143695 0.120098 0.118093 0.00849138 0.459641
0.239182 0.0493348 0.0278074 0.222861 0.110778 0.350037
0.155916 0.126094 0.104651 0.410548 0.202692 9.9991E-05
0.157442 0.050241 9.9991E-05 0.0523861 0.122561 0.61727
0.184729 0.0895403 9.9991E-05 0.230046 0.0691143 0.42647
0.266191 0.041371 9.9991E-05 0.561691 0.0900335 0.0406136
0.159898 0.00232366 0.00643236 0.266036 0.081606 0.483704
0.0421774 0.0358328 0.0180245 0.101577 0.150588 0.651801
0.126386 0.0958159 0.0778224 0.0835574 0.0879234 0.528495
0.308119 0.0173188 0.0823721 0.227977 0.125202 0.239011
0.107394 9.9991E-05 0.0397191 0.199067 0.124468 0.529252
0.0987327 0.0725088 9.9991E-05 0.180776 0.0394784 0.608404
0.254633 0.00234692 9.9991E-05 0.35761 0.19082 0.19449
0.489949 9.9964E-05 9.9964E-05 9.9964E-05 9.9964E-05 0.509651
0.653604 0.0233463 9.9982E-05 0.105762 9.9982E-05 0.217088
0.129161 0.055773 0.0871947 0.157121 0.0869071 0.483843
0.760666 9.9964E-05 9.9964E-05 9.9964E-05 0.238934 9.9964E-05
0.841807 9.9973E-05 9.9973E-05 0.00896779 0.148925 9.9973E-05
0.674143 9.9973E-05 9.9973E-05 9.9973E-05 0.0824366 0.24312
0.38923 0.103281 9.9982E-05 0.054668 9.9982E-05 0.452621
0.28575 0.11143 9.9982E-05 0.0419464 9.9982E-05 0.560673
0.455539 0.0303517 0.0797802 0.0604524 9.9991E-05 0.373777
0.692354 0.0277365 0.0940963 0.169056 9.9991E-05 0.0166571
0.528686 0.0543435 0.00266624 0.227852 9.9991E-05 0.186353
0.361015 0.159446 0.0292761 9.9982E-05 9.9982E-05 0.450063
0.57896 0.0264173 0.0204204 0.102559 9.9991E-05 0.271544
0.431439 0.0912622 9.9982E-05 0.0698834 9.9982E-05 0.407215
0.525099 0.0341306 9.9982E-05 9.9982E-05 0.0515666 0.389004
0.734613 0.00266622 9.9973E-05 9.9973E-05 0.262421 9.9973E-05
0.324208 9.9982E-05 0.09049 9.9982E-05 0.0377501 0.547352
0.00061971 0.786987 9.9982E-05 0.0719755 9.9982E-05 0.140217
0.0118091 0.90724 9.9973E-05 9.9973E-05 9.9973E-05 0.0806508
9.9973E-05 0.864317 0.0460285 9.9973E-05 9.9973E-05 0.0893544
9.9964E-05 0.932894 9.9964E-05 9.9964E-05 9.9964E-05 0.0667066
0.0018326 0.870847 9.9973E-05 9.9973E-05 9.9973E-05 0.12702
0.0442885 0.859117 0.0621377 0.00815276 9.9991E-05 0.0262038
9.9973E-05 0.910149 0.0117016 9.9973E-05 9.9973E-05 0.0778491
0.213933 0.0944086 0.0660129 0.0839883 0.0250016 0.516656
0.145091 0.121531 0.0653133 0.0733291 0.0573929 0.537342
0.818303 0.0557062 9.9991E-05 0.0737049 0.00774093 0.0444446
0.244621 0.129115 0.0308984 0.042485 9.9991E-05 0.55278
0.3833 0.0808913 9.9982E-05 0.139314 9.9982E-05 0.396295
0.331388 0.0256138 0.0796397 9.9982E-05 9.9982E-05 0.563158
0.385429 9.9982E-05 0.0507504 9.9982E-05 0.111422 0.452198
0.450683 9.9982E-05 0.0968515 9.9982E-05 0.0495539 0.402711
0.698866 0.0509036 9.9982E-05 0.24792 0.002111 9.9982E-05
0.225206 0.084934 0.0255129 0.164007 0.0142116 0.486129
0.210741 0.0872434 0.00845403 0.0334252 0.0856134 0.574523
0.156269 0.0511048 0.0447339 0.12129 0.0494431 0.577159
0.571057 0.0316928 9.9982E-05 9.9982E-05 0.128707 0.268343
0.484345 0.0428787 9.9973E-05 9.9973E-05 9.9973E-05 0.472476
0.328866 0.0397566 9.9982E-05 0.182262 9.9982E-05 0.448916
0.669447 9.9973E-05 0.132739 9.9973E-05 9.9973E-05 0.197514
0.497049 0.133868 9.9982E-05 0.00810862 9.9982E-05 0.360774
0.246964 0.147071 0.0288564 0.0503619 9.9991E-05 0.526647
0.153756 9.9991E-05 0.0617642 0.379728 0.201517 0.203135
0.0336784 0.0719385 0.0731027 0.356658 0.0299183 0.434704
0.121182 0.1159 0.0522499 0.146683 9.9991E-05 0.563885
0.0665446 0.110157 0.0133348 0.119994 0.0875423 0.602427
0.0659963 0.0321435 9.9991E-05 0.371474 0.0169715 0.513315
0.0258417 0.0285325 9.9991E-05 0.297682 0.0171646 0.63068
0.110569 0.0124867 0.0219412 0.32882 0.0182561 0.507928
0.055115 0.0366737 9.9991E-05 0.186636 0.196639 0.524837
0.154411 0.0225498 0.0813745 0.195992 9.9991E-05 0.545573
0.0868243 0.00986769 0.0335358 0.183696 0.0845721 0.601504
0.078035 9.9973E-05 9.9973E-05 0.399776 9.9973E-05 0.521889
9.9982E-05 9.9982E-05 0.0936329 0.147218 0.164141 0.594808
0.0707593 0.134639 0.0974783 0.110588 0.0436932 0.542842
0.141977 9.9991E-05 0.0970484 0.197849 0.00670305 0.556322
0.00764764 0.0604391 0.00979131 0.100898 0.165581 0.655643
0.0622209 9.9991E-05 0.114265 0.209189 0.0988798 0.515346
9.9991E-05 0.0517831 0.0406844 0.24842 0.257081 0.401932
0.0253684 0.0417595 9.9991E-05 0.162486 0.0507347 0.719551
9.9991E-05 0.00477449 0.0377178 0.111662 0.13423 0.711516
0.170194 0.0238198 0.0340643 0.441088 0.0522222 0.278612
0.0750712 0.0120199 0.0160918 0.293386 0.382619 0.220812
0.101292 0.00710672 0.15347 0.298637 0.042646 0.396847
0.137283 9.9991E-05 0.0217793 0.30062 0.403913 0.136305
0.138976 0.0317407 9.9991E-05 0.359791 0.113159 0.356234
0.13231 9.9982E-05 9.9982E-05 0.373338 0.0770069 0.417145
0.178612 0.0388992 9.9982E-05 0.41459 9.9982E-05 0.367699
0.181305 9.9991E-05 0.0577512 0.494884 0.011764 0.254196
0.186116 0.0100222 9.9991E-05 0.156964 0.0358207 0.610978
0.0635019 0.0805655 0.128362 0.0995196 0.0996181 0.528433
0.116723 0.0874636 0.0237259 0.203525 0.0756094 0.492953
0.0927639 9.9991E-05 0.0569003 0.299367 0.373895 0.176974
0.146841 0.13318 0.0729216 9.9991E-05 0.13953 0.507427
0.0754721 0.0800251 0.0651355 0.0251427 0.21111 0.543115
0.0669954 0.107306 9.9991E-05 0.159533 0.622204 0.0438619
0.131777 0.115139 9.9982E-05 9.9982E-05 0.110726 0.642157
0.121703 0.00286743 0.0899181 0.110506 0.364377 0.310629
0.094003 0.0637817 0.0528196 0.0299774 0.213795 0.545624
0.0119183 0.0853505 9.9991E-05 0.099952 0.439847 0.362832
0.0664724 0.0494792 9.9991E-05 0.12638 0.509056 0.248512
0.0677905 9.9982E-05 9.9982E-05 0.181128 0.333323 0.417558
9.9991E-05 0.0722749 0.0813529 0.0760459 0.311745 0.458481
0.0625831 0.102225 0.0683362 0.112128 0.210112 0.444616
0.232185 0.0174109 0.190886 0.131274 0.426608 0.00163596
0.107928 0.0223432 0.0776969 0.121664 0.129994 0.540373
0.201115 9.9982E-05 9.9982E-05 0.0645001 0.39062 0.343565
0.177477 9.9982E-05 9.9982E-05 0.102027 0.276516 0.443781
0.047631 0.0735015 0.01787 0.130083 0.123931 0.606983
0.0506114 0.305709 0.250593 9.9991E-05 0.237481 0.155505
9.9973E-05 0.532156 0.119165 9.9973E-05 0.348379 9.9973E-05
9.9973E-05 0.428591 0.142672 9.9973E-05 0.428437 9.9973E-05
9.9991E-05 0.37754 0.339837 0.01355 0.196106 0.0728676
0.0437207 9.9973E-05 9.9973E-05 9.9973E-05 0.226983 0.728997
0.140081 0.0447952 0.0751465 0.154028 0.0656899 0.52026
9.9973E-05 9.9973E-05 0.677812 0.0145081 9.9973E-05 0.30738
0.167664 0.068221 0.465224 0.0516469 9.9991E-05 0.247144
0.0055838 0.0786374 0.323817 0.0653067 0.085186 0.44147
0.058194 9.9982E-05 9.9982E-05 0.0397183 0.533473 0.368415
0.0909067 0.0345199 0.11199 0.123324 0.169448 0.469811
0.0119773 9.9982E-05 9.9982E-05 0.0284835 0.678135 0.281204
0.0349969 0.0395645 9.9991E-05 0.0176651 0.240766 0.666907
0.113121 0.0553349 0.0272747 0.0159454 0.298308 0.490016
0.00867899 9.9982E-05 9.9982E-05 0.0797645 0.275687 0.635669
0.0686277 9.9982E-05 9.9982E-05 0.0908469 0.586442 0.253883
0.0735158 0.107488 0.069053 0.0264749 0.198714 0.524754
0.0770097 0.0220908 0.0902757 0.0457544 0.220738 0.544131
9.9964E-05 9.9964E-05 0.985433 9.9964E-05 9.9964E-05 0.0141675
0.00128856 9.9982E-05 0.901027 0.00355086 9.9982E-05 0.0939332
0.0205264 0.0758074 0.526796 0.0112029 9.9991E-05 0.365567
9.9973E-05 0.03762 0.616849 9.9973E-05 9.9973E-05 0.345231
0.0169306 9.9982E-05 0.802652 0.0240977 9.9982E-05 0.156119
9.996E-05 9.996E-05 0.9995 9.996E-05 9.996E-05 9.996E-05
9.9964E-05 9.9964E-05 0.982415 0.0171852 9.9964E-05 9.9964E-05
9.9964E-05 9.9964E-05 0.835669 9.9964E-05 9.9964E-05 0.163931
0.00656263 9.9982E-05 0.950459 0.0184874 9.9982E-05 0.0242911
9.996E-05 9.996E-05 0.9995 9.996E-05 9.996E-05 9.996E-05
9.996E-05 9.996E-05 0.9995 9.996E-05 9.996E-05 9.996E-05
9.9982E-05 0.0252285 0.716367 0.051955 9.9982E-05 0.20625
9.9982E-05 0.0760181 0.788102 0.0100531 9.9982E-05 0.125627
0.00412871 0.00190157 0.982161 9.9982E-05 9.9982E-05 0.0116087
0.12736 0.0326495 0.449709 0.0696097 9.9991E-05 0.320572
0.0299474 0.0555939 0.660913 0.06262 9.9991E-05 0.190826
0.0372714 0.0606123 0.71064 0.01586 9.9991E-05 0.175516
0.0119031 0.0326836 0.917322 0.00658477 9.9991E-05 0.0314064
0.00624469 9.9964E-05 0.993355 9.9964E-05 9.9964E-05 9.9964E-05
0.0132959 0.0303242 0.917249 0.00545521 0.000716048 0.0329597
9.996E-05 9.996E-05 0.9995 9.996E-05 9.996E-05 9.996E-05
0.0426786 0.0363025 0.646575 0.0830747 9.9991E-05 0.19127
0.0455805 0.0802914 0.873828 9.9973E-05 9.9973E-05 9.9973E-05
9.9973E-05 0.34947 0.0409704 9.9973E-05 0.60926 9.9973E-05
9.9991E-05 0.159038 0.0249838 0.13501 0.200997 0.479872
0.0291618 0.199677 0.018498 9.9991E-05 0.256257 0.496306
0.0423244 0.170078 0.147178 9.9991E-05 0.462441 0.17788
0.0981958 0.0775852 0.130982 0.0790906 0.196371 0.417775
0.0542006 0.2384 0.0994884 9.9991E-05 0.424186 0.183626
0.084966 0.210712 0.118186 0.00145516 0.192327 0.392353
9.9982E-05 0.116539 0.135103 9.9982E-05 0.382066 0.366093
9.9982E-05 0.189052 0.0745546 9.9982E-05 0.228797 0.507396
9.9982E-05 0.191221 0.150874 9.9982E-05 0.302063 0.355642
0.107051 0.149445 0.0899138 0.044499 0.161773 0.447318
9.9982E-05 0.815511 9.9982E-05 0.0739011 0.018795 0.0915934
9.9982E-05 0.921164 0.0348674 0.0199698 9.9982E-05 0.0237992
0.0180251 0.972311 9.9973E-05 0.00936367 9.9973E-05 9.9973E-05
9.9964E-05 0.9596 9.9964E-05 0.0400001 9.9964E-05 9.9964E-05
9.9982E-05 0.915449 9.9982E-05 0.0356111 0.010764 0.0379765
0.0448713 0.906949 0.0478801 9.9973E-05 9.9973E-05 9.9973E-05
0.00880264 0.880479 0.104329 9.9982E-05 9.9982E-05 0.0061888
0.0752583 0.896293 9.9973E-05 9.9973E-05 0.0281483 9.9973E-05
0.0699017 0.89189 0.0120219 9.9982E-05 9.9982E-05 0.0259865
9.9982E-05 0.83498 0.122719 0.0303673 9.9982E-05 0.011734
0.0737421 0.587454 0.0207387 0.317865 9.9982E-05 9.9982E-05
0.0628309 0.561717 0.0160445 0.348317 0.0109907 9.9991E-05
0.0271477 0.507852 9.9982E-05 0.320782 0.144018 9.9982E-05
0.107564 0.482194 9.9982E-05 0.374257 0.0357852 9.9982E-05
0.215532 0.0552925 0.0162112 0.15317 9.9991E-05 0.559694
0.321178 0.0459015 0.0282399 0.0326606 0.129738 0.442282
0.210157 0.016794 0.00936465 0.153197 0.0573681 0.55312
0.353723 0.0151641 9.9991E-05 0.249565 0.0289427 0.352505
0.209987 9.9982E-05 0.000449907 0.607997 9.9982E-05 0.181365
0.235799 0.0300523 0.0257347 0.0994673 0.0102742 0.598673
0.367423 9.9982E-05 0.05639 0.0764493 9.9982E-05 0.499538
0.270424 9.9982E-05 9.9982E-05 0.0922202 0.132158 0.504998
0.553574 9.9991E-05 0.122481 0.0346079 0.0345081 0.254729
0.170773 0.105876 0.0109429 0.0476763 0.0185695 0.646162
0.423788 9.9973E-05 9.9973E-05 0.169142 9.9973E-05 0.406771
0.729933 9.9973E-05 9.9973E-05 0.0923648 0.177402 9.9973E-05
0.213791 0.0772682 0.0158881 0.164287 9.9991E-05 0.528666
0.483719 9.9991E-05 0.00604476 0.0557531 0.202968 0.251414
0.511985 9.9982E-05 0.000358648 9.9982E-05 0.0308702 0.456587
0.685076 0.0354935 9.9982E-05 0.195039 9.9982E-05 0.0841909
9.9982E-05 0.0613698 9.9982E-05 0.823729 0.0896159 0.0250851
9.9982E-05 0.0790507 9.9982E-05 0.693834 0.169866 0.0570487
9.9973E-05 0.0118849 9.9973E-05 0.868526 0.11929 9.9973E-05
9.9973E-05 0.0596531 9.9973E-05 0.822572 0.117475 9.9973E-05
9.9982E-05 9.9982E-05 0.0166515 0.829418 0.132746 0.020985
9.9982E-05 0.057124 9.9982E-05 0.734154 0.113757 0.0947653
9.9973E-05 0.886348 0.0440172 9.9973E-05 9.9973E-05 0.0693344
9.9982E-05 0.810645 0.0498379 0.093051 9.9982E-05 0.0462663
9.9982E-05 0.790429 0.0787404 0.00659489 9.9982E-05 0.124036
9.9982E-05 0.717434 0.132056 0.11847 9.9982E-05 0.0318405
9.9982E-05 0.773005 0.0445254 0.0676766 9.9982E-05 0.114593
0.0331647 0.374099 9.9982E-05 0.56614 0.0263963 9.9982E-05
0.00983375 0.486635 9.9982E-05 0.4237 0.0796309 9.9982E-05
0.0531196 0.442257 9.9982E-05 0.479418 0.0250052 9.9982E-05
9.9982E-05 0.812494 0.0101235 0.0254847 9.9982E-05 0.151698
0.0327462 0.364485 0.0170639 0.557278 0.0283269 9.9991E-05
9.9991E-05 0.246414 0.374534 0.00385702 0.128781 0.246314
9.9991E-05 0.160596 0.173822 0.0106856 0.122525 0.532272
9.9973E-05 0.223093 0.260444 9.9973E-05 9.9973E-05 0.516163
9.9991E-05 0.205735 0.206221 0.0665285 0.130306 0.39111
0.0500927 0.137707 0.222283 0.14657 9.9991E-05 0.443248
9.9973E-05 0.423315 0.29383 9.9973E-05 0.282555 9.9973E-05
0.160859 9.9991E-05 0.0361095 0.400424 0.0676303 0.334878
0.106087 9.9982E-05 9.9982E-05 0.246605 0.198658 0.44845
0.0797299 0.0462714 0.00443426 0.556888 0.000672165 0.312004
0.16561 9.9982E-05 9.9982E-05 0.12092 0.233732 0.479538
0.268972 9.9973E-05 9.9973E-05 0.102841 0.627887 9.9973E-05
0.0996997 0.0960717 0.0881324 0.0564826 0.0921197 0.567494
0.116622 0.0163599 9.9991E-05 0.181105 0.127128 0.558686
0.170714 0.0197488 9.9991E-05 0.494319 0.0262606 0.288858
0.0768407 0.0377611 0.0924603 0.253338 0.0920054 0.447595
0.209991 9.9982E-05 9.9982E-05 0.228298 0.392873 0.168638
0.0665498 0.004215 0.0544513 0.26438 0.161398 0.449005
0.10214 0.0156183 0.0189424 0.339088 9.9991E-05 0.524111
0.161496 0.165455 0.132723 0.0431938 0.0504065 0.446725
0.0837689 9.9991E-05 0.000271332 0.314162 0.178756 0.422942
0.130014 0.0272624 0.0198914 0.296897 0.0651703 0.460765
0.0975439 9.9991E-05 0.125029 0.182048 0.130927 0.464352
0.159307 0.024038 0.00194043 0.168352 0.128723 0.51764
0.0216475 0.0283707 0.0189907 0.157117 0.0582307 0.715644
0.148999 0.101461 0.0254208 0.070701 0.0760844 0.577335
0.170102 0.039281 0.0315329 0.234629 0.034184 0.490271
9.9973E-05 0.78144 0.100128 9.9973E-05 9.9973E-05 0.118131
0.0586582 0.849785 0.0410413 9.9982E-05 9.9982E-05 0.050316
0.0518506 0.781297 0.0234388 0.0515946 0.0498779 0.0419415
0.0848357 0.816189 0.0338233 0.0346915 9.9991E-05 0.0303609
9.9973E-05 0.847249 0.00220026 9.9973E-05 9.9973E-05 0.150251
0.121037 9.9991E-05 0.0827399 0.607241 0.0567099 0.132173
0.0777191 0.043737 0.0299692 0.206701 0.122691 0.519183
0.0917712 0.283088 0.123158 9.9991E-05 0.0663685 0.435514
0.0139435 0.0390997 9.9991E-05 0.138811 0.0619058 0.746141
0.142047 0.0371475 9.9991E-05 0.253251 0.040876 0.526578
0.0163195 9.9991E-05 0.106206 0.398533 0.296042 0.182799
0.0970671 0.107964 9.9991E-05 0.596221 0.15209 0.0465575
0.0972699 0.0302161 0.0164722 0.321269 0.0607942 0.473978
0.150725 0.0159717 0.0780179 0.552636 0.0950239 0.107626
0.123031 0.0678591 0.00225001 0.113515 0.265185 0.428159
0.166568 0.114243 0.00217817 0.538864 0.052812 0.125335
0.0484209 0.0656546 0.113163 0.239593 9.9991E-05 0.533068
0.185434 0.0131028 0.078091 0.517882 0.0432357 0.162255
0.0108522 9.9991E-05 0.0970417 0.332162 0.211541 0.348303
0.0893294 0.013194 0.0771054 0.164872 0.184256 0.471243
9.9973E-05 9.9973E-05 9.9973E-05 0.166909 0.505364 0.327427
0.0166422 0.0163047 0.0309721 0.0709122 0.319151 0.546018
9.9991E-05 0.0805582 0.0178082 0.00137262 0.260643 0.639518
9.9973E-05 9.9973E-05 9.9973E-05 0.109969 0.511837 0.377894
0.166974 0.0642787 0.0915128 0.123497 0.059436 0.494302
0.0017299 0.0299044 9.9991E-05 0.124485 0.225189 0.618592
0.10491 9.9982E-05 9.9982E-05 0.0482316 0.672735 0.173924
0.0627784 9.9973E-05 9.9973E-05 9.9973E-05 0.63374 0.303182
9.9973E-05 9.9973E-05 9.9973E-05 0.138658 0.311791 0.549252
0.103241 9.9982E-05 9.9982E-05 0.0766893 0.613946 0.205925
0.115943 9.9982E-05 9.9982E-05 0.0493319 0.341937 0.492588
0.246111 0.0413654 0.047736 0.565421 0.0460543 0.0533123
0.15688 9.9982E-05 9.9982E-05 0.286803 0.278532 0.277585
0.106354 9.9982E-05 0.0955682 0.478771 9.9982E-05 0.319107
0.0747786 0.0304022 0.110503 0.16275 9.9991E-05 0.621466
0.247886 9.9982E-05 0.0383046 0.49238 9.9982E-05 0.22123
0.081598 0.0755467 0.0508291 0.0315606 0.187709 0.572757
0.147407 0.0446519 0.0333106 0.169722 0.0539424 0.550966
0.0816342 9.9991E-05 0.0331928 0.210353 0.117336 0.557384
0.144068 0.0415243 0.0966481 0.237373 0.0144771 0.46591
0.222514 0.0179836 0.0648338 0.282293 9.9991E-05 0.412275
0.220581 9.9982E-05 0.10794 0.530615 9.9982E-05 0.140663
0.157419 9.9982E-05 0.0799493 0.467175 9.9982E-05 0.295257
0.0561469 9.9991E-05 0.0367024 0.219318 0.047309 0.640423
0.0774495 0.0472164 0.0429941 0.144142 0.115337 0.572861
0.0507607 0.0905919 9.9991E-05 0.280473 0.121388 0.456687
0.0828402 9.9991E-05 0.0813768 0.183633 0.0649111 0.587139
0.0485079 0.0639659 0.0317224 0.465442 0.0289064 0.361456
0.148789 9.9982E-05 9.9982E-05 0.228616 0.0021518 0.620243
0.0303347 0.0254898 0.0183633 0.331953 0.0260149 0.567845
0.0760461 0.0769869 0.104356 0.133507 0.104871 0.504233
0.0288721 0.319091 0.219773 0.0177559 0.0534564 0.361052
0.0496027 0.158696 0.195457 9.9991E-05 0.107929 0.488216
9.9991E-05 0.0708187 0.135145 0.145871 0.0719543 0.576111
0.0524154 0.0884796 0.171888 0.120191 0.0467624 0.520263
0.110011 0.14755 0.197525 0.0754684 0.0332292 0.436217
0.0702108 9.9991E-05 0.00866725 0.255839 0.208938 0.456246
0.0578383 0.152129 0.190381 0.091984 0.0411377 0.466529
0.131785 0.276706 0.108633 9.9991E-05 0.404232 0.0785433
0.0906658 0.13015 0.156396 0.107237 0.0775044 0.438047
0.0103552 0.11686 0.128425 0.135671 0.0799707 0.528719
9.9991E-05 0.0759584 0.266741 0.113753 0.111032 0.432416
0.0656033 0.185435 0.147338 0.13194 0.221651 0.248033
0.141905 0.166535 0.137506 0.00708117 0.00929657 0.537677
9.9982E-05 0.221643 0.131877 9.9982E-05 0.124612 0.521668
9.9973E-05 0.473147 0.19352 9.9973E-05 0.333033 9.9973E-05
0.0908645 0.179437 0.223736 0.0569097 0.0206033 0.428449
0.0771792 0.151704 0.169132 9.9991E-05 0.0252418 0.576643
0.0328038 0.132923 0.13245 0.0769186 0.0643593 0.560545
9.9982E-05 0.19799 0.129501 9.9982E-05 0.074047 0.598262
9.9991E-05 0.178128 0.0875539 0.0608189 0.0810378 0.592361
0.159744 9.9991E-05 0.127699 0.0653153 0.253596 0.393545
0.15156 0.113962 0.125367 0.0697638 0.213249 0.326098
0.350477 9.9982E-05 9.9982E-05 0.127814 0.489322 0.032187
0.252194 9.9982E-05 9.9982E-05 0.151899 0.543446 0.0522619
0.223759 0.0194391 0.155424 0.0830092 0.102843 0.415525
9.9991E-05 0.0815973 0.389694 0.043572 0.142839 0.342198
0.07296 0.104944 0.357672 9.9991E-05 0.141569 0.322755
0.0371119 0.132513 0.408487 0.00614656 0.320434 0.0953082
0.0681304 0.13698 0.278351 0.0472959 0.140058 0.329185
0.0134939 0.0570839 0.0636233 9.9991E-05 0.664024 0.201675
0.0206097 0.0482333 0.0907862 9.9991E-05 0.568509 0.271762
0.105928 9.9991E-05 0.149017 0.0424871 0.208843 0.493625
0.109569 0.00611331 0.103133 0.00121873 0.292729 0.487237
0.04766 0.0466243 0.0878399 0.0385889 0.48646 0.292827
0.154951 0.0565177 0.126931 0.0301541 0.197467 0.43398
0.0755932 0.0195216 0.131832 0.0393343 0.204406 0.529313
0.0307109 0.0756022 0.105925 0.218692 0.0987022 0.470368
0.155449 9.9982E-05 9.9982E-05 0.104982 0.364289 0.37508
0.2485 9.9991E-05 0.0607759 0.0480701 0.329467 0.313087
9.9973E-05 9.9973E-05 9.9973E-05 0.109222 0.230437 0.66004
0.0756701 0.0585098 0.100145 0.176698 0.17825 0.410727
0.102161 0.0634626 0.104953 0.0709204 0.213148 0.445355
0.0969207 9.9982E-05 9.9982E-05 0.0375732 0.329115 0.536191
0.0887491 9.9982E-05 9.9982E-05 0.0583598 0.519469 0.333222
0.268887 9.9982E-05 0.0478693 9.9982E-05 0.136509 0.546535
0.20304 0.0362064 0.237428 0.0503767 0.0883187 0.384631
0.221783 9.9982E-05 9.9982E-05 0.0552822 0.407158 0.315577
0.0816107 9.9982E-05 9.9982E-05 0.0427804 0.382286 0.493123
0.134991 0.0689157 0.00210584 0.0280229 0.138838 0.627126
0.177262 0.0464779 9.9991E-05 0.104489 0.191904 0.479768
9.9991E-05 0.168902 0.17475 0.061351 0.136017 0.45888
9.9991E-05 0.130378 0.143528 0.169291 0.0992159 0.457486
9.9991E-05 0.0931754 0.239306 0.116896 0.217651 0.332871
9.9991E-05 0.136527 0.239341 0.127253 0.161626 0.335153
0.143111 0.226367 0.129141 0.0591902 9.9991E-05 0.442091
9.9991E-05 0.188925 0.145636 0.0705942 0.117916 0.476828
0.0812527 0.122437 0.178991 0.0506409 0.566579 9.9991E-05
9.9991E-05 0.0582896 0.130053 0.0226073 0.0963604 0.69259
9.9973E-05 0.316563 0.130737 9.9973E-05 0.5524 9.9973E-05
0.0705022 0.0270989 0.14015 9.9991E-05 0.207053 0.555096
0.334891 9.9973E-05 9.9973E-05 9.9973E-05 0.527543 0.137266
0.372138 9.9973E-05 9.9973E-05 0.0661995 0.561362 9.9973E-05
0.223145 9.9973E-05 9.9973E-05 9.9973E-05 0.269593 0.506962
0.138624 9.9973E-05 9.9973E-05 9.9973E-05 0.146952 0.714125
0.19211 9.9982E-05 9.9982E-05 0.0195364 0.362211 0.425942
0.283574 9.9982E-05 0.0588827 9.9982E-05 0.194848 0.462495
0.194094 9.9991E-05 0.0353032 0.00821949 0.243705 0.518578
0.0454468 0.806608 0.0345531 0.0469365 0.00995547 0.0565
0.0149685 0.688131 0.129064 0.150452 0.0172838 9.9991E-05
9.9973E-05 0.897638 0.0660562 0.0360059 9.9973E-05 9.9973E-05
9.9964E-05 0.944893 9.9964E-05 9.9964E-05 9.9964E-05 0.0547074
0.362988 0.0882373 9.9982E-05 0.0387408 9.9982E-05 0.509834
0.348592 0.053233 0.0509441 0.0780037 9.9991E-05 0.469127
0.416162 0.0299249 9.9982E-05 0.062731 9.9982E-05 0.490983
0.213495 0.164406 9.9982E-05 0.00250008 9.9982E-05 0.619398
0.178216 0.119545 0.0129209 0.0531751 0.0725019 0.563641
0.488767 0.0184174 9.9991E-05 0.191781 0.106431 0.194504
0.44119 9.9973E-05 0.0762364 9.9973E-05 9.9973E-05 0.482273
0.460307 0.0360999 9.9991E-05 0.0251777 0.158839 0.319476
0.062931 0.206764 0.254897 0.0453488 0.0110253 0.419034
0.363348 9.9991E-05 0.0295843 0.07088 0.127767 0.40832
0.507329 9.9982E-05 0.0108997 0.1318 9.9982E-05 0.349772
0.408362 9.9982E-05 9.9982E-05 0.0512521 0.00727563 0.532911
0.476014 0.0110323 0.00964187 0.0782809 9.9991E-05 0.424931
0.482247 0.00921098 0.0277038 9.9991E-05 0.00695716 0.473781
0.398287 0.00149303 0.0463313 0.0928632 9.9991E-05 0.460925
0.914176 9.9973E-05 9.9973E-05 9.9973E-05 0.0669846 0.0185398
0.581341 0.0405852 0.00908791 0.0388255 0.104236 0.225925
0.627398 0.0785156 9.9991E-05 0.00780171 0.0104332 0.275752
0.766939 9.9964E-05 9.9964E-05 9.9964E-05 0.232661 9.9964E-05
0.449154 0.00981987 9.9991E-05 0.109425 0.0352799 0.396222
0.580568 9.9973E-05 9.9973E-05 9.9973E-05 0.318589 0.100543
0.727139 9.9964E-05 9.9964E-05 9.9964E-05 0.272461 9.9964E-05
0.455871 0.0352461 0.0677643 9.9991E-05 0.0150502 0.425968
0.682316 0.0602567 9.9982E-05 0.0960356 9.9982E-05 0.161192
0.452888 9.9982E-05 0.0645062 0.119239 9.9982E-05 0.363166
0.224646 0.159464 0.00503474 9.9991E-05 0.0341921 0.576563
0.418237 0.0658025 0.000758947 0.0548609 9.9991E-05 0.46024
0.0832871 9.9982E-05 9.9982E-05 0.192917 0.313103 0.410492
0.333278 0.0139407 0.0132327 0.0856204 0.0277064 0.526222
0.420605 0.0602965 9.9982E-05 0.0572755 9.9982E-05 0.461623
0.619808 9.9973E-05 9.9973E-05 9.9973E-05 0.0814446 0.298447
0.266788 0.0230668 0.064677 0.0914398 0.023146 0.530882
9.9973E-05 0.651439 9.9973E-05 0.265394 0.0828672 9.9973E-05
0.0990814 0.771244 0.0143935 0.0840065 0.0209624 0.0103121
9.9973E-05 0.797137 9.9973E-05 0.135863 0.0667001 9.9973E-05
0.00471755 0.791898 9.9982E-05 0.140206 0.0629786 9.9982E-05
0.021772 0.693218 9.9982E-05 0.229131 9.9982E-05 0.055679
0.733617 0.0339169 0.0494549 0.139753 9.9991E-05 0.0431576
0.723253 0.0470826 9.9982E-05 0.0979657 9.9982E-05 0.131499
0.840059 9.9973E-05 9.9973E-05 9.9973E-05 0.0264925 0.133149
0.139919 0.147402 9.9991E-05 0.0438392 0.0359427 0.632796
0.151711 0.0728583 0.04546 0.0845026 0.133808 0.511661
0.563317 0.00653015 0.109637 9.9991E-05 0.0814274 0.238988
0.35448 9.9982E-05 0.0497553 9.9982E-05 0.0551314 0.540434
0.524355 0.0504429 0.0413865 9.9991E-05 0.0772898 0.306426
0.248831 0.0283754 9.9991E-05 0.0750855 0.0984832 0.549125
0.292596 0.0359724 0.0508393 0.0560467 0.0112448 0.553301
0.582743 9.9991E-05 0.0209181 0.193611 0.00496228 0.197665
0.568917 0.0190046 9.9982E-05 0.110488 9.9982E-05 0.301391
0.461064 9.9973E-05 9.9973E-05 0.191731 9.9973E-05 0.346905
9.9982E-05 0.0503866 9.9982E-05 0.093896 0.196923 0.658595
0.590939 0.0244856 9.9982E-05 0.00849613 9.9982E-05 0.375879
0.473503 0.0395578 0.0373977 0.0433873 9.9991E-05 0.406054
0.00538742 0.000155244 0.478149 0.0828587 0.0490529 0.384397
9.9982E-05 0.0736896 0.459061 9.9982E-05 0.0921166 0.374933
9.9982E-05 0.167557 0.438549 9.9982E-05 0.0730168 0.320677
9.9982E-05 0.123674 0.44016 9.9982E-05 0.0749588 0.361007
9.9991E-05 0.0603206 0.300983 0.0835841 0.0583111 0.496702
0.290962 0.103502 9.9982E-05 9.9982E-05 0.135875 0.46946
9.9982E-05 0.27678 0.648245 9.9982E-05 0.0669045 0.00787092
0.0152721 0.179847 0.380083 9.9982E-05 9.9982E-05 0.424598
0.072012 0.128412 0.161075 0.099441 0.168066 0.370994
9.9982E-05 0.14182 9.9982E-05 0.0134535 0.251918 0.592609
0.0289587 0.0938837 9.9991E-05 0.113398 0.286834 0.476825
0.00534441 0.15768 0.00221724 0.0370419 0.1493 0.648417
0.138268 0.0690219 9.9991E-05 0.0937063 0.0724236 0.62648
0.0103588 0.195019 0.451503 9.9982E-05 9.9982E-05 0.342919
0.000696728 0.144227 0.378747 0.0806411 9.9991E-05 0.395588
9.9973E-05 0.118793 0.424812 9.9973E-05 9.9973E-05 0.456096
0.0608249 0.11467 0.255041 0.0235106 0.0549298 0.491024
9.9982E-05 0.127131 0.442456 9.9982E-05 0.0666761 0.363538
0.07309 0.145395 0.344883 0.056799 9.9991E-05 0.379733
9.9982E-05 0.150693 0.512956 9.9982E-05 0.0305964 0.305555
9.9982E-05 0.118873 0.388119 9.9982E-05 0.0664421 0.426365
0.0674492 0.0733014 0.073988 9.9991E-05 0.325638 0.459523
9.9982E-05 0.264615 0.354616 0.0336365 9.9982E-05 0.346932
9.9982E-05 0.18116 0.61814 9.9982E-05 0.0512601 0.149239
0.147683 0.152939 0.355269 9.9982E-05 9.9982E-05 0.343909
0.0318201 0.1375 9.9991E-05 0.304064 0.274863 0.251653
0.00886101 9.9991E-05 0.139483 0.0950477 0.230815 0.525693
0.0401889 0.203735 0.222234 0.0525534 0.00823543 0.473053
9.9991E-05 0.0932103 0.00468766 0.00983508 0.203992 0.688175
0.092115 0.176379 9.9982E-05 9.9982E-05 0.206869 0.524437
0.0833511 0.174064 0.16558 9.9991E-05 0.173547 0.403358
9.9991E-05 0.140757 0.306318 0.0360746 0.183964 0.332786
0.00583725 0.0975191 0.0938251 0.0885466 0.111987 0.602285
0.139336 0.0973813 0.44075 9.9982E-05 9.9982E-05 0.322333
9.9982E-05 0.151656 0.404541 9.9982E-05 0.0389772 0.404626
9.9982E-05 0.209676 0.544175 9.9982E-05 0.0485732 0.197376
0.00582943 0.169521 9.9982E-05 9.9982E-05 0.180274 0.644176
0.103599 0.103704 9.9991E-05 0.119483 0.21119 0.461923
9.9982E-05 0.094794 0.0299706 9.9982E-05 0.661795 0.213241
0.0738275 0.169483 0.00416457 0.0398712 0.0705054 0.642148
0.1106 0.132407 0.0212101 0.0890239 0.127675 0.519085
0.157067 0.241515 0.116685 9.9991E-05 0.0841374 0.400496
0.00887479 0.166045 0.0102946 0.174373 0.145722 0.494691
9.9973E-05 0.281892 0.209866 9.9973E-05 0.507942 9.9973E-05
9.9973E-05 0.306372 0.108674 9.9973E-05 0.584654 9.9973E-05
0.013145 0.0959878 0.151396 0.137048 0.325666 0.276757
9.9982E-05 0.372725 0.188994 9.9982E-05 0.377213 0.0608676
9.9973E-05 0.424431 0.237655 9.9973E-05 0.337614 9.9973E-05
0.118626 0.117431 0.0972732 0.0515704 0.29965 0.315449
0.0866734 0.241275 0.156712 9.9991E-05 0.115936 0.399303
0.0253173 0.309392 0.139327 9.9991E-05 0.282186 0.243678
9.9982E-05 0.285146 0.137013 9.9982E-05 0.436394 0.141247
9.9982E-05 0.146633 0.125732 9.9982E-05 0.269143 0.458292
0.0447051 0.20048 0.122437 9.9991E-05 0.44611 0.186168
9.9973E-05 0.419053 0.0715865 9.9973E-05 0.50906 9.9973E-05
0.110074 0.0838314 0.214417 0.0456915 0.0672293 0.478756
9.9991E-05 0.170697 0.230984 0.0336651 0.224526 0.340029
0.125262 0.308077 0.110014 9.9982E-05 9.9982E-05 0.456448
9.9982E-05 0.135736 0.192104 9.9982E-05 0.0224868 0.649473
0.125169 0.199223 0.0162321 0.0164496 0.0469286 0.595998
0.0479419 0.119487 0.255674 0.0312162 0.0259759 0.519705
0.141811 0.144396 0.213632 0.0180755 0.0416262 0.440459
9.9991E-05 0.410169 0.152221 0.0309255 0.0160769 0.390508
9.9991E-05 0.212509 0.128454 0.00998463 0.0784549 0.570498
0.105746 0.229644 0.27544 9.9982E-05 9.9982E-05 0.38897
0.0135026 0.298267 0.19954 0.0763645 0.0838145 0.328512
0.296175 0.196286 0.164044 0.100347 0.0682536 0.174894
9.9991E-05 0.154034 0.118237 0.119099 0.0606283 0.547901
0.0192505 0.161959 0.160174 0.0133464 0.124403 0.520867
0.188143 0.115251 0.134573 9.9982E-05 9.9982E-05 0.561834
9.9982E-05 0.265213 0.249567 9.9982E-05 0.0989838 0.386036
0.114505 0.210482 0.220257 0.0522052 0.0324592 0.37009
9.9982E-05 0.389126 0.227433 9.9982E-05 0.217768 0.165473
0.188727 0.139393 0.156791 0.0277975 9.9991E-05 0.487192
9.9982E-05 0.238714 0.305692 9.9982E-05 0.208954 0.24644
0.0487714 0.760398 0.00884628 0.096066 0.0858181 9.9991E-05
0.0113061 0.0641767 9.9982E-05 0.762413 9.9982E-05 0.161905
9.996E-05 9.996E-05 9.996E-05 0.9995 9.996E-05 9.996E-05
9.996E-05 9.996E-05 9.996E-05 0.9995 9.996E-05 9.996E-05
9.9973E-05 9.9973E-05 9.9973E-05 0.975107 0.000281049 0.0243124
9.9982E-05 0.00251095 0.0114527 0.930761 9.9982E-05 0.0550753
9.9964E-05 9.9964E-05 9.9964E-05 0.919625 9.9964E-05 0.0799747
0.00972938 0.0376955 9.9973E-05 0.952275 9.9973E-05 9.9973E-05
9.9973E-05 0.174918 9.9973E-05 0.798329 9.9973E-05 0.0264539
9.9991E-05 0.908088 0.00484158 0.0189849 0.0214797 0.0465057
9.9973E-05 0.821268 9.9973E-05 0.143737 9.9973E-05 0.0346949
0.013955 0.888802 0.0297072 0.0202029 0.0238389 0.0234945
0.017473 0.781191 9.9991E-05 0.129314 0.0120877 0.0598345
0.0292816 0.829094 0.0644803 0.0769446 9.9982E-05 9.9982E-05
9.9973E-05 0.877918 9.9973E-05 0.0864233 0.0353589 9.9973E-05
9.9991E-05 0.695448 0.0881932 0.0304895 0.0549047 0.130864
0.0220564 0.879694 0.0668086 9.9982E-05 9.9982E-05 0.0312412
9.9991E-05 0.670802 0.105826 0.183579 0.0301089 0.00958353
0.0198072 0.925052 0.0446576 9.9991E-05 0.00933757 0.0010455
9.9964E-05 0.938624 9.9964E-05 0.0609765 9.9964E-05 9.9964E-05
0.0201065 0.836023 0.0581041 0.0559123 9.9991E-05 0.0297545
9.9982E-05 0.965473 9.9982E-05 0.0124347 0.00326362 0.0186289
9.9982E-05 0.88491 0.0397269 0.0305987 9.9982E-05 0.0445646
9.9973E-05 0.895471 9.9973E-05 0.0157582 9.9973E-05 0.0884704
9.9973E-05 0.843962 0.00536804 9.9973E-05 9.9973E-05 0.15037
9.9973E-05 0.792395 0.0598008 9.9973E-05 9.9973E-05 0.147504
9.9973E-05 0.785713 0.0662994 9.9973E-05 9.9973E-05 0.147688
9.9982E-05 0.815604 0.0244391 0.00164066 9.9982E-05 0.158116
0.0505373 0.144923 0.0199044 0.110429 0.22742 0.446786
0.0613742 0.0636092 9.9991E-05 0.0048201 0.194194 0.675903
0.0319488 0.113809 0.0507431 0.0611697 0.166854 0.575475
0.0352081 0.0200437 9.9991E-05 0.048248 0.703893 0.192507
9.9991E-05 0.0595295 0.0130385 0.113166 0.278263 0.535903
9.9982E-05 0.165632 0.000419267 9.9982E-05 0.682663 0.151086
0.00902721 0.113387 0.0113278 9.9991E-05 0.225566 0.640592
0.158789 0.044254 9.9991E-05 0.186983 0.206749 0.403124
0.0444216 0.0876361 9.9991E-05 0.0775025 0.202374 0.587966
0.371875 9.9991E-05 0.0818847 0.025885 0.0346867 0.485569
0.0160105 0.0928794 9.9991E-05 0.149628 0.240294 0.501088
0.0128056 0.0299731 0.0111694 9.9991E-05 0.200468 0.745484
9.9982E-05 0.0664739 9.9982E-05 0.187718 0.16972 0.575888
0.22408 9.9991E-05 0.0319292 0.398048 0.248747 0.0970952
9.9982E-05 0.00994977 9.9982E-05 0.0716699 0.896516 0.0216646
9.9982E-05 0.0768195 9.9982E-05 0.0340205 0.707696 0.181264
9.9973E-05 0.0645473 9.9973E-05 9.9973E-05 0.263063 0.67209
0.0119779 0.0705318 9.9991E-05 0.0614368 0.322247 0.533706
0.0710509 0.103775 9.9982E-05 9.9982E-05 0.272543 0.552431
0.0151544 0.0378306 0.000701741 0.0635661 0.200744 0.682003
0.0662905 0.18626 0.150511 9.9991E-05 0.0460714 0.550767
0.0460699 0.1747 0.151793 0.0371958 9.9991E-05 0.590141
0.00883434 0.386981 0.198099 0.182619 0.133181 0.090286
0.0633126 0.147502 0.000253108 0.104927 0.108239 0.575767
0.0309212 0.232875 0.13491 0.0899821 0.0834815 0.427831
9.9973E-05 0.349061 0.220465 9.9973E-05 0.430174 9.9973E-05
9.9982E-05 0.25024 0.232392 9.9982E-05 0.251621 0.265547
0.107498 0.349314 0.230641 0.0984579 9.9991E-05 0.213989
0.0257289 0.286586 0.0830979 0.152407 0.0475412 0.404639
0.0438162 0.0547633 0.249891 0.158811 0.0744795 0.418238
0.0758905 0.245558 0.148986 9.99922E-05 0.0660993 0.463366
9.9991E-05 0.186272 0.149359 0.0270159 0.0337709 0.603483
0.155925 0.0690664 0.24108 0.017748 0.154502 0.361678
0.0653644 0.501028 0.103497 0.00768225 9.9991E-05 0.322329
