0.00961302 0.0932049 9.9973E-05 9.9973E-05 9.9973E-05 0.896882
9.9973E-05 9.9973E-05 9.9973E-05 0.013178 0.0305235 0.955999
0.0416672 0.0390177 0.09545 9.9982E-05 9.9982E-05 0.823665
0.0678456 0.0928336 0.0477728 9.9982E-05 9.9982E-05 0.791348
0.0492178 0.00354239 0.0503726 0.0436523 9.9991E-05 0.853115
0.0833181 0.0800841 0.0350563 0.0797315 0.116931 0.604879
0.0321325 0.0536303 9.9991E-05 0.0698999 0.0345418 0.809695
0.0461408 0.148075 9.9982E-05 0.104405 9.9982E-05 0.701179
9.9982E-05 0.0475729 9.9982E-05 0.0892284 0.0192538 0.843745
0.0952508 0.0558982 0.0874115 0.07829 9.9991E-05 0.683049
0.00225207 0.105042 0.014971 0.106956 0.0356174 0.735162
0.126964 0.457457 0.10891 9.9982E-05 0.306468 9.9982E-05
0.0654676 0.308843 0.541546 9.9982E-05 0.0839441 9.9982E-05
0.0819913 0.391683 0.220434 0.0672257 0.180766 0.0578999
0.169891 0.350291 0.248639 9.9991E-05 0.196287 0.034792
0.0762251 0.225023 0.394476 0.00834195 0.182524 0.11341
0.157419 0.235996 0.50217 0.00665307 0.0976621 9.9991E-05
0.0889315 0.169349 0.390549 0.041096 0.299867 0.0102077
0.0889907 0.313987 0.25205 9.9991E-05 0.159425 0.185447
0.0868865 0.62573 9.9991E-05 0.139622 0.121518 0.0261424
0.108784 0.269945 0.335175 0.100981 0.18495 0.000165749
0.0863192 0.15138 0.501695 0.216255 0.0442516 9.9991E-05
0.0609297 0.253166 0.492952 9.9991E-05 0.17801 0.0148412
0.140416 0.346216 0.198601 0.0162687 0.262496 0.0360018
0.111883 0.0248875 0.597744 9.9991E-05 0.171328 0.0940586
0.224586 0.254864 0.36078 9.9982E-05 0.15957 9.9982E-05
0.130731 0.499799 0.138144 9.9991E-05 0.185888 0.0453374
0.216244 0.386271 0.147979 9.9982E-05 0.249306 9.9982E-05
0.0979049 0.396774 0.116647 0.123375 0.265199 9.9991E-05
9.9964E-05 9.9964E-05 0.124133 9.9964E-05 9.9964E-05 0.875467
9.9964E-05 9.9964E-05 0.162466 9.9964E-05 9.9964E-05 0.837135
0.0472536 9.9982E-05 0.142945 9.9982E-05 0.0462373 0.763364
0.0630418 9.9982E-05 0.213986 9.9982E-05 0.020588 0.702184
0.035692 0.0891543 0.497636 0.123097 0.203628 0.0507929
0.0272853 0.0535381 0.486959 9.9991E-05 0.282497 0.14962
0.0931418 9.9973E-05 0.505886 9.9973E-05 0.400672 9.9973E-05
0.0627355 0.574096 0.102837 9.9991E-05 0.184695 0.0755367
0.0556342 0.0266049 0.311432 0.0667563 0.512877 0.0266957
0.018696 0.18842 0.542414 0.019075 0.156109 0.0752858
0.10798 9.9991E-05 0.600378 0.0159961 0.25839 0.0171562
9.9991E-05 0.0854962 0.60249 0.0729549 0.0886992 0.15026
0.0242888 0.0876837 0.563901 0.0427793 0.185128 0.0962193
0.0589013 0.135981 0.0174277 9.9991E-05 0.723086 0.0645032
0.0570542 0.019066 0.637358 0.16059 0.0468305 0.0791015
0.0287447 9.9991E-05 0.644895 0.0330813 0.195172 0.0980061
0.116312 0.0391188 0.495243 9.9991E-05 0.220293 0.128933
9.9973E-05 9.9973E-05 0.283777 0.0505949 0.665328 9.9973E-05
0.0642827 9.9991E-05 0.546223 0.0503452 0.294442 0.0446074
0.111356 9.9982E-05 0.493038 9.9982E-05 0.282568 0.112838
9.9973E-05 9.9973E-05 9.9973E-05 0.333474 0.622841 0.0433853
0.00906929 0.435631 0.147903 0.203543 0.203754 9.9991E-05
0.0410387 0.170514 0.105731 0.516543 0.155051 0.0111219
0.117896 0.161853 0.568059 0.0122041 0.118352 0.0216364
0.0121312 0.0861927 0.626706 0.122964 0.0465886 0.105418
0.0371271 0.0554249 0.650379 0.119847 0.0169882 0.120234
9.9991E-05 0.300319 0.170146 0.112037 0.302377 0.11502
9.9991E-05 0.206409 0.55249 0.0284048 0.165621 0.0469746
0.117514 0.126756 0.558082 0.0226521 0.119455 0.0555408
0.00961163 0.227545 0.309911 0.165694 0.157103 0.130136
0.0619122 0.416082 0.078005 0.17865 0.0967503 0.1686
9.9991E-05 0.145277 0.623164 0.0906815 0.0849145 0.0558628
0.138749 0.241757 0.351012 0.112579 0.112225 0.0436783
9.9991E-05 0.509959 0.029335 0.185197 0.24976 0.0256481
9.9982E-05 0.256445 0.505294 0.120365 0.117697 9.9982E-05
0.0566252 0.147784 0.55835 0.199974 9.9991E-05 0.0371671
0.044389 0.199707 0.582824 0.0259881 0.086718 0.0603747
0.107533 0.22435 0.185879 0.0638645 0.364476 0.0538977
9.9991E-05 0.0994444 0.484847 0.0892628 0.262963 0.0633834
0.0184926 0.18494 0.581997 0.0532009 0.0937895 0.0675806
0.0217744 0.341015 0.212732 0.173062 0.221872 0.0295446
9.9973E-05 0.0588281 0.489554 9.9973E-05 0.451318 9.9973E-05
9.9982E-05 0.0966806 0.150031 9.9982E-05 0.721849 0.0312389
0.0602873 0.129199 0.458025 0.0320065 0.240388 0.0800942
9.9964E-05 9.9964E-05 9.9964E-05 0.188047 0.811553 9.9964E-05
9.9964E-05 9.9964E-05 9.9964E-05 0.227715 0.771886 9.9964E-05
9.9973E-05 9.9973E-05 0.238015 0.0930051 0.66868 9.9973E-05
9.9982E-05 0.0982784 0.405776 9.9982E-05 0.423414 0.0723314
0.0483393 0.0846215 0.542465 0.0665851 0.0499189 0.208071
0.0682867 0.0302564 0.330381 9.9991E-05 0.559023 0.0119529
0.050341 0.148296 0.0783243 9.9991E-05 0.657332 0.065607
9.9982E-05 0.245689 0.201139 9.9982E-05 0.499481 0.0534912
0.0907245 0.0720662 0.570817 0.0390822 0.206105 0.0212052
0.0528598 0.0207109 0.253824 9.9991E-05 0.63951 0.0329952
9.9982E-05 9.9982E-05 0.359732 0.00118797 0.51583 0.123049
9.9973E-05 9.9973E-05 0.360436 0.0653996 0.573865 9.9973E-05
9.9973E-05 9.9973E-05 9.9973E-05 0.325095 0.672809 0.00179569
0.129078 0.00849663 0.506689 0.0309069 0.32473 9.9991E-05
0.0477902 0.0681567 0.0914751 9.9982E-05 9.9982E-05 0.792378
9.9964E-05 9.9964E-05 0.0912217 9.9964E-05 9.9964E-05 0.908378
0.0349613 0.0124365 0.0965609 9.9982E-05 9.9982E-05 0.855841
0.038314 9.9991E-05 0.0108676 0.00453242 0.0323682 0.913818
0.028921 9.9982E-05 0.0726279 9.9982E-05 0.0170317 0.881219
0.0407369 9.9973E-05 9.9973E-05 9.9973E-05 0.0694295 0.889534
9.9973E-05 9.9973E-05 0.0648534 9.9973E-05 0.0276126 0.907234
0.0128085 9.9982E-05 0.546905 9.9982E-05 0.272953 0.167133
0.128248 0.13115 0.422438 9.9991E-05 0.273831 0.0442328
9.9982E-05 0.0731906 9.9982E-05 0.073066 0.813104 0.0404398
0.00169468 0.103188 0.639808 0.0357642 0.17852 0.0410255
0.015996 0.0641378 0.388093 9.9991E-05 0.488689 0.0429844
0.0403382 9.9991E-05 0.528609 0.00748515 0.38241 0.0410581
0.0300151 9.9991E-05 0.467164 0.0535484 0.362752 0.0864204
0.0620605 9.9982E-05 0.391742 0.0808029 0.465194 9.9982E-05
9.9973E-05 0.163162 9.9973E-05 9.9973E-05 0.781484 0.0550537
0.124314 0.152177 0.433975 0.0156836 0.136633 0.137218
0.00957463 0.0511073 0.588859 0.195523 0.11123 0.0437057
0.0233139 9.9991E-05 0.644424 0.0531897 0.147699 0.131273
0.0556396 9.9982E-05 0.216415 0.197441 0.530305 9.9982E-05
0.011203 9.9991E-05 0.457677 0.0263338 0.451434 0.0532515
0.0228732 0.0703054 0.479276 9.9982E-05 0.427346 9.9982E-05
0.126207 9.9982E-05 0.205087 0.0491219 0.619384 9.9982E-05
9.9982E-05 0.0545295 0.421862 9.9982E-05 0.462342 0.061067
0.0386025 0.180629 0.558616 9.9991E-05 0.178275 0.043778
0.00982144 0.332538 0.30568 0.269588 0.0822728 9.9991E-05
9.9982E-05 0.326105 0.393104 0.123685 9.9982E-05 0.156905
0.0946119 0.182965 0.590395 0.0689989 9.9991E-05 0.0629289
0.0468642 0.0919477 0.584963 9.9991E-05 0.161692 0.114433
9.9991E-05 0.323142 0.511071 0.0733397 0.0539859 0.0383614
0.036946 0.237745 0.545794 0.0923 0.0730245 0.0141907
0.0382954 0.392265 0.43831 9.9991E-05 0.0772074 0.0538225
9.9991E-05 0.192084 0.531162 0.0543554 0.141104 0.0811941
0.137208 0.174779 0.530095 0.0168601 0.123112 0.0179466
9.9991E-05 0.207623 0.557329 0.0991373 0.111892 0.0239179
9.9982E-05 0.359049 0.564509 0.013856 0.0623858 9.9982E-05
0.0958752 0.0998419 0.592124 0.138672 0.0529841 0.0205029
0.17091 0.199769 0.527022 0.0392898 0.00584295 0.0571664
0.0858117 0.262297 0.520166 9.9982E-05 0.131525 9.9982E-05
0.118901 0.126262 0.556979 0.127565 9.9991E-05 0.0701925
0.103973 0.203866 0.544684 0.079502 0.067875 9.9991E-05
9.9982E-05 0.236509 0.408935 0.221278 9.9982E-05 0.133078
0.127676 0.223893 0.506791 0.0413768 0.100163 9.9991E-05
0.0444145 0.104312 0.690091 0.160983 9.9982E-05 9.9982E-05
0.0194484 0.438795 0.272633 0.0363506 0.191313 0.0414595
0.0648406 0.309581 0.120637 0.343697 0.161144 9.9991E-05
0.0799011 0.17385 0.467442 0.125442 0.14774 0.00562458
0.0272368 0.298419 0.147388 0.385525 0.141331 9.9991E-05
9.9991E-05 0.398936 0.320594 0.050038 0.21751 0.012822
0.00906372 0.361104 0.382864 9.9982E-05 0.246769 9.9982E-05
9.9991E-05 0.467986 0.330778 0.0129583 0.157623 0.0305537
0.011554 0.503185 0.328283 0.0581809 0.0986968 9.9991E-05
0.0184699 0.215165 0.655282 0.0101477 9.9991E-05 0.100835
0.100077 0.173067 0.4871 0.0649257 0.0306711 0.14416
0.0235064 0.239352 0.512769 0.0598431 0.0836581 0.0808718
0.0823033 0.320697 0.137879 0.30599 0.153031 9.9991E-05
0.0700029 9.9991E-05 0.487685 0.0261146 0.287693 0.128404
0.0258072 0.0532277 0.50923 0.237034 0.143577 0.0311243
9.9991E-05 0.173176 0.00998626 0.523882 0.160002 0.132853
0.0463772 9.9991E-05 0.573197 0.116287 0.154844 0.109195
0.000220136 0.0760065 0.350359 0.326504 0.133566 0.113345
0.0930105 0.0227462 0.491329 0.199785 0.114633 0.0784954
0.0115544 0.14781 0.301039 0.346779 0.117986 0.0748313
9.9991E-05 0.180391 0.205137 0.437138 0.118129 0.0591045
9.9991E-05 0.101861 0.499627 0.310913 0.0409148 0.0465838
0.0069323 0.114588 0.515953 0.214689 0.0550178 0.0928194
0.0396732 0.055676 0.382116 0.127698 0.14337 0.251466
0.200842 0.0663259 9.9991E-05 0.395359 0.303186 0.0341868
0.0732043 0.0242261 0.465976 0.155282 0.147022 0.134291
9.9982E-05 0.0970354 0.386783 0.280325 0.235657 9.9982E-05
9.9991E-05 0.0860378 0.49208 0.208577 0.202673 0.0105321
0.0207124 0.0550733 0.615599 0.0936668 0.0848286 0.13012
0.241622 9.9982E-05 0.154707 0.291618 9.9982E-05 0.311853
0.124687 9.9973E-05 9.9973E-05 0.345851 9.9973E-05 0.529162
0.142307 9.9973E-05 9.9973E-05 0.440562 9.9973E-05 0.416831
0.305755 0.0462063 0.0536343 0.148288 9.9991E-05 0.446016
9.9982E-05 9.9982E-05 0.67921 0.240811 0.067302 0.0124765
0.0880087 0.107444 0.542609 0.047178 0.1299 0.0848604
0.655822 0.0497001 0.294178 9.9973E-05 9.9973E-05 9.9973E-05
0.453964 0.0855749 0.294758 9.9991E-05 0.0751727 0.0904304
0.456425 0.121854 0.303851 0.0347509 9.9991E-05 0.0830188
9.9982E-05 0.0560869 0.381808 0.472136 0.0897695 9.9982E-05
0.0882738 9.9991E-05 0.452887 0.168046 0.193917 0.0967766
9.9964E-05 9.9964E-05 0.312846 0.686754 9.9964E-05 9.9964E-05
9.9991E-05 0.0115725 0.552809 0.254109 0.159991 0.0214184
0.0108738 0.188914 0.517641 0.250023 0.032448 9.9991E-05
0.0431621 0.0603016 0.58302 0.287316 0.0261005 9.9991E-05
9.9982E-05 0.10583 0.214383 0.603355 0.0762323 9.9982E-05
0.0570504 0.0783797 0.611202 0.116151 0.104915 0.0323017
0.111713 0.0605751 0.450104 0.255494 0.0762497 0.0458637
0.97933 9.9964E-05 9.9964E-05 0.0202699 9.9964E-05 9.9964E-05
0.992523 9.9964E-05 0.00707688 9.9964E-05 9.9964E-05 9.9964E-05
0.62558 0.0431997 0.243293 0.0627319 0.0250952 9.9991E-05
0.715227 0.0094862 0.274986 9.9973E-05 9.9973E-05 9.9973E-05
0.796704 9.9973E-05 0.176974 9.9973E-05 9.9973E-05 0.0260223
0.9995 9.996E-05 9.996E-05 9.996E-05 9.996E-05 9.996E-05
0.954822 0.0259012 9.9973E-05 9.9973E-05 9.9973E-05 0.0189768
0.915026 9.9964E-05 0.0845741 9.9964E-05 9.9964E-05 9.9964E-05
0.961993 0.0376072 9.9964E-05 9.9964E-05 9.9964E-05 9.9964E-05
0.9995 9.996E-05 9.996E-05 9.996E-05 9.996E-05 9.996E-05
0.9995 9.996E-05 9.996E-05 9.996E-05 9.996E-05 9.996E-05
0.7877 0.026526 0.17158 9.9982E-05 9.9982E-05 0.0139942
0.828951 9.9982E-05 0.0376275 9.9982E-05 0.0430349 0.0901864
0.9995 9.996E-05 9.996E-05 9.996E-05 9.996E-05 9.996E-05
0.459714 0.100176 0.244389 9.9991E-05 0.176207 0.0194137
0.664104 9.9991E-05 0.190113 0.0443134 0.0248875 0.0764829
0.763569 9.9982E-05 0.196035 0.00771062 9.9982E-05 0.0324862
0.863479 0.0314977 0.0890364 9.9982E-05 9.9982E-05 0.0157867
0.9995 9.996E-05 9.996E-05 9.996E-05 9.996E-05 9.996E-05
0.86104 9.9973E-05 0.0776325 9.9973E-05 9.9973E-05 0.0610274
0.9995 9.996E-05 9.996E-05 9.996E-05 9.996E-05 9.996E-05
0.677619 0.0138111 0.232199 0.0738346 0.0024363 9.9991E-05
0.962029 0.0119689 9.9982E-05 0.00797736 0.0178244 9.9982E-05
0.0486359 9.9982E-05 9.9982E-05 0.63157 0.00892238 0.310671
0.0362285 0.170794 0.505323 0.09648 0.0439666 0.147208
0.070491 0.09524 0.385909 0.164733 0.0504729 0.233154
0.104249 0.0266213 0.165716 0.426499 9.9991E-05 0.276814
0.156888 0.114081 0.345743 0.141507 0.100083 0.141698
0.157376 9.9991E-05 0.165958 0.307251 0.0980229 0.271292
0.0700451 0.0942925 0.448021 0.152421 0.0243591 0.210862
0.264334 9.9982E-05 0.207425 0.407329 9.9982E-05 0.120712
0.137502 0.088071 0.502909 0.164782 9.9991E-05 0.106636
0.170087 9.9982E-05 0.359046 0.391124 9.9982E-05 0.079543
0.0427455 0.0242611 0.467768 0.144959 0.109994 0.210273
9.9982E-05 0.0447726 0.0517202 0.0608709 9.9982E-05 0.842436
0.0650358 9.9973E-05 9.9973E-05 0.0270058 9.9973E-05 0.907658
9.9982E-05 0.0387674 0.00392983 0.000821825 9.9982E-05 0.956281
9.9973E-05 0.0218356 0.0440788 9.9973E-05 9.9973E-05 0.933786
0.0341436 0.0755753 0.0276962 9.9982E-05 9.9982E-05 0.862385
0.056543 9.9982E-05 0.02474 9.9982E-05 0.0061576 0.912359
0.12524 0.0189009 0.00390582 9.9982E-05 9.9982E-05 0.851754
0.0170377 9.9982E-05 0.0407437 0.0712256 9.9982E-05 0.870793
0.0119435 9.9982E-05 0.0357964 9.9982E-05 0.0162402 0.93582
0.104451 0.0212935 0.00800301 0.0149114 9.9991E-05 0.851241
9.9982E-05 0.21065 9.9982E-05 0.0685565 0.118803 0.60179
0.00851988 0.291532 9.9991E-05 0.0210287 0.0749461 0.603873
9.9982E-05 0.328518 9.9982E-05 0.13325 0.0083428 0.529689
9.9982E-05 0.295456 9.9982E-05 0.0751227 0.13279 0.496431
9.9982E-05 0.184483 0.469411 9.9982E-05 0.290792 0.0551145
0.134387 0.211407 0.286252 9.9982E-05 0.367754 9.9982E-05
0.115474 0.200117 0.472749 9.9982E-05 0.21146 9.9982E-05
9.9991E-05 0.2572 0.46923 0.0874478 0.160052 0.0259698
0.0654966 0.564144 0.0420426 0.0488808 0.279336 9.9991E-05
0.00165252 9.9991E-05 0.663872 0.0349721 0.208633 0.0907704
9.9982E-05 0.107427 0.591076 0.0472311 0.254066 9.9982E-05
0.00208959 0.0793404 0.538195 0.154853 0.225423 9.9991E-05
0.10184 9.9982E-05 0.278773 0.0706472 0.54854 9.9982E-05
0.00895786 0.138559 0.649153 0.0729955 0.130235 9.9991E-05
0.00177327 0.168882 0.388259 0.025694 0.415292 9.9991E-05
9.9973E-05 0.0715387 9.9973E-05 0.240874 0.687288 9.9973E-05
0.0053798 0.184233 0.584117 0.0368569 0.070861 0.118552
9.9991E-05 0.0441462 0.248609 0.223936 0.466354 0.0168549
0.0443228 0.0238145 0.441728 9.9982E-05 0.489935 9.9982E-05
9.9982E-05 0.222027 0.0161454 9.9982E-05 0.750435 0.0111918
9.9982E-05 0.746688 0.0254875 0.0895268 9.9982E-05 0.138098
9.9982E-05 0.745798 0.0766719 0.0710642 9.9982E-05 0.106266
9.9982E-05 0.82257 0.00444915 0.0923719 9.9982E-05 0.0804094
9.9982E-05 0.813837 9.9982E-05 0.0612438 0.0187575 0.105962
0.0336478 0.844234 0.0172755 0.104643 9.9982E-05 9.9982E-05
0.0128686 0.751113 0.0776436 0.0892411 9.9991E-05 0.0690338
9.9973E-05 9.9973E-05 0.125213 9.9973E-05 0.0169665 0.85752
0.0436866 0.0401116 0.0655379 9.9982E-05 9.9982E-05 0.850464
0.116954 9.9973E-05 0.125468 9.9973E-05 9.9973E-05 0.757278
0.125889 0.0957748 0.0141742 9.9982E-05 9.9982E-05 0.763961
0.088685 0.0397245 0.106105 9.9982E-05 9.9982E-05 0.765285
9.9973E-05 0.483727 9.9973E-05 9.9973E-05 0.132572 0.3834
9.9982E-05 0.435694 9.9982E-05 0.128795 0.00651711 0.428794
9.9982E-05 0.421049 9.9982E-05 0.0342129 0.0934819 0.451057
0.00202358 0.0190453 0.146776 9.9982E-05 9.9982E-05 0.831955
9.9982E-05 0.514855 9.9982E-05 0.0773197 0.0551922 0.352433
0.34563 0.0032591 0.302069 0.115808 9.9991E-05 0.233134
0.306802 0.144475 0.49533 9.9982E-05 9.9982E-05 0.0531927
0.29293 9.9973E-05 0.513642 9.9973E-05 9.9973E-05 0.193128
0.29494 9.9991E-05 0.228588 0.0937952 0.115625 0.266953
0.304727 0.103786 0.344727 0.144879 0.0285551 0.073326
0.295165 9.9973E-05 9.9973E-05 0.252981 9.9973E-05 0.451554
9.9982E-05 0.34695 0.432821 0.113666 0.106364 9.9982E-05
9.9991E-05 0.218096 0.432693 0.271776 0.0642555 0.0130794
9.9991E-05 0.550129 0.305035 0.0573628 0.0281095 0.0592633
9.9982E-05 0.144538 0.516386 0.231629 0.107247 9.9982E-05
9.9973E-05 0.16708 9.9973E-05 0.608477 0.224143 9.9973E-05
0.0858308 0.138463 0.534256 0.126859 0.00326443 0.111326
9.9991E-05 0.210315 0.510278 0.128027 0.14365 0.00763008
9.9991E-05 0.416157 0.356912 0.049558 0.163675 0.0135985
0.12148 0.161095 0.419939 0.0123213 0.209559 0.0756062
9.9982E-05 0.239166 0.0968611 0.393734 0.270039 9.9982E-05
0.0327176 0.20475 0.455993 0.24691 0.0595291 9.9991E-05
0.0389199 0.335068 0.488354 9.9982E-05 0.137458 9.9982E-05
0.204536 0.0329291 0.361539 0.0412985 0.194707 0.16499
0.0162947 0.279449 0.387368 0.233183 0.0836056 9.9991E-05
0.0137117 0.249046 0.512412 0.16338 0.0613501 9.9991E-05
0.0467831 0.139805 0.497752 0.194512 0.121048 9.9991E-05
0.00558737 0.216769 0.498489 0.209084 0.0633182 0.00675217
0.0689138 0.176561 0.614599 0.0331363 0.106689 9.9991E-05
0.0838079 0.0509772 0.540967 0.0583083 0.106515 0.159424
0.00966161 0.230623 0.545803 0.0781279 0.0585973 0.0771877
0.0841387 9.9973E-05 0.124315 9.9973E-05 9.9973E-05 0.791247
0.0786279 9.9982E-05 0.0496229 9.9982E-05 0.0559181 0.815631
0.0266294 0.0694963 0.0555296 0.0421114 0.0253812 0.780852
0.0464099 0.0486475 9.9982E-05 9.9982E-05 0.0993466 0.805396
9.9964E-05 9.9964E-05 0.153978 9.9964E-05 9.9964E-05 0.845622
0.0417616 0.614861 0.182381 0.0795333 0.0813639 9.9991E-05
0.107054 0.152529 0.54658 0.125037 0.0686994 9.9991E-05
0.191106 0.0640499 0.43546 0.134273 0.0215644 0.153547
0.0661803 0.189002 0.594271 0.0590888 0.0627172 0.0287408
9.9991E-05 0.271559 0.496996 0.0559484 0.124585 0.0508119
0.0380371 0.313562 0.308942 0.33926 9.9982E-05 9.9982E-05
9.9991E-05 0.649659 0.0386881 0.0583366 0.11773 0.135487
0.148364 0.306466 0.446535 9.9991E-05 0.0829958 0.015539
0.0793918 0.517096 0.101634 0.122546 0.141577 0.0377548
9.9991E-05 0.152887 0.494946 0.155605 0.0946177 0.101845
9.9991E-05 0.50154 0.100442 0.120324 0.119082 0.158511
0.196876 0.221174 0.459068 9.9991E-05 0.0628958 0.0598864
0.0434349 0.496202 0.176564 0.051391 0.152487 0.0799214
0.101876 0.372005 0.262226 0.228907 0.0348859 9.9991E-05
0.0597702 0.141907 0.487909 0.170539 0.124778 0.0150964
9.9973E-05 0.0994101 0.355473 0.544817 9.9973E-05 9.9973E-05
9.9991E-05 0.129707 0.640522 0.0967429 0.0395357 0.0933931
0.0463343 0.0138231 0.57556 0.153364 0.0747 0.136219
9.9982E-05 0.077278 0.384047 0.458996 0.0794795 9.9982E-05
0.0988384 0.10101 0.456709 0.110008 0.158173 0.0752605
9.9991E-05 0.0186424 0.625298 0.323212 0.00173119 0.0310162
9.9982E-05 0.114392 0.161978 0.610581 0.112849 9.9982E-05
9.9982E-05 0.0346707 0.315539 0.544086 0.105505 9.9982E-05
9.9982E-05 0.079995 0.543522 0.320674 9.9982E-05 0.0556089
9.9991E-05 0.142348 0.144912 0.499445 0.203067 0.0101286
9.9982E-05 0.178796 0.453423 0.312492 0.0550888 9.9982E-05
0.065848 0.604228 0.107899 0.0401286 0.181796 9.9991E-05
9.9982E-05 0.382393 0.296443 0.208686 0.112278 9.9982E-05
0.0825351 0.439438 0.294732 0.0706261 0.112569 9.9991E-05
0.106338 0.230095 0.595089 0.00987947 0.0426534 0.0159455
0.0073194 0.456061 0.257687 0.0988972 0.179936 9.9991E-05
0.0484874 0.0671489 0.555778 0.256024 9.9991E-05 0.072462
0.0822766 0.183242 0.548141 9.9991E-05 0.121278 0.0649629
0.0823068 0.203519 0.468147 0.1083 0.0922425 0.0454852
0.0681966 0.342781 0.521783 0.021863 0.0452756 9.9991E-05
0.087368 0.338177 0.388698 9.9982E-05 0.185557 9.9982E-05
0.146652 0.472446 0.177026 9.9982E-05 0.203677 9.9982E-05
0.109533 0.369816 0.26881 0.08673 0.165011 9.9991E-05
0.0102018 0.189042 0.702321 0.0693175 0.029018 9.9991E-05
9.9991E-05 0.121945 0.65234 0.0423848 0.0485279 0.134702
0.0238781 0.262643 0.449896 0.215361 0.0414545 0.00676654
0.0602501 0.270257 0.560941 0.0785087 0.0299441 9.9991E-05
0.00873542 0.389868 0.421029 0.072833 9.9991E-05 0.107435
0.0488419 0.255451 0.635687 0.0389978 0.0209222 9.9991E-05
0.0975258 0.147928 0.50858 0.125865 0.0941 0.0260018
0.113111 0.177656 0.428829 0.200206 9.9991E-05 0.0800977
0.109181 0.0397647 0.409786 9.9991E-05 0.0472633 0.393905
0.307628 9.9991E-05 0.391982 0.114922 0.0482124 0.137156
0.132904 9.9991E-05 0.49382 0.104558 0.0748411 0.193777
0.127269 0.095022 0.517421 0.114258 0.0694777 0.0765512
0.163433 0.000860873 0.492672 0.0337552 0.0909609 0.218318
9.9982E-05 0.270706 0.493919 0.21518 0.0199942 9.9982E-05
0.0547272 0.0974757 0.514522 0.0394015 0.0867871 0.207087
0.170736 9.9991E-05 0.00872543 0.475353 0.107369 0.237716
0.2074 0.0937218 0.524312 0.110777 9.9991E-05 0.0636891
0.0848183 0.109429 0.610686 0.041157 9.9991E-05 0.153809
0.228293 0.119943 0.48872 0.0931281 9.9991E-05 0.0698168
0.131559 0.0407593 0.255507 0.296737 0.0498702 0.225568
0.140897 0.0832406 0.506512 0.0378776 0.028641 0.202832
0.0878463 9.9982E-05 0.568902 0.0964661 9.9982E-05 0.246586
0.169939 9.9982E-05 9.9982E-05 0.350282 0.00725189 0.472327
0.140783 9.9991E-05 0.569314 0.0581569 0.00533292 0.226313
0.2006 9.9991E-05 0.481078 0.0347279 0.100704 0.182791
0.150945 0.0274826 0.598351 0.11159 9.9991E-05 0.111532
0.181221 9.9991E-05 0.526678 0.0287489 0.0548137 0.208438
0.154687 0.107305 0.480053 0.109947 0.000304893 0.147704
0.0926693 0.089081 0.464216 0.251078 0.102855 9.9991E-05
0.111384 0.114594 0.491848 0.119699 0.162375 9.9991E-05
9.9982E-05 0.124162 0.0501959 0.601412 0.22403 9.9982E-05
9.9982E-05 0.0666135 0.0806042 0.670016 0.182567 9.9982E-05
0.194157 0.000883775 0.389603 0.19141 0.201579 0.022368
0.304665 0.0244762 0.41425 0.147645 9.9991E-05 0.108863
0.402019 9.9982E-05 0.289743 0.241665 9.9982E-05 0.0663733
0.306439 0.0521445 0.159196 0.338318 9.9991E-05 0.143803
0.269456 9.9982E-05 0.367988 0.153926 9.9982E-05 0.208431
0.0258308 9.9982E-05 0.215083 0.720149 9.9982E-05 0.0387379
0.0532591 9.9991E-05 0.255312 0.530358 0.0710312 0.0899395
0.0718909 0.0253619 0.600205 0.186245 0.093998 0.0222993
0.090053 0.021582 0.497518 0.230899 0.0953247 0.0646233
0.0471076 9.9991E-05 0.314728 0.53756 0.0289161 0.0715879
0.0450406 0.0328651 0.563256 0.0809799 0.200165 0.0776937
0.12171 9.9991E-05 0.517184 0.237505 0.0768732 0.0466278
0.182365 0.176271 0.447222 0.135163 9.9991E-05 0.0588786
9.9982E-05 0.0692298 0.371462 0.334554 0.224554 9.9982E-05
0.00412062 0.078519 0.451206 0.318275 0.14778 9.9991E-05
9.9991E-05 0.0865596 0.566778 0.203041 0.0736554 0.0698662
0.0789102 0.146193 0.360824 0.28966 0.10028 0.0241325
0.138494 0.0749453 0.504943 0.274467 0.00398882 0.00316257
9.9982E-05 0.030833 0.460809 0.350083 0.158074 9.9982E-05
9.9982E-05 0.108433 0.287812 0.484676 0.11888 9.9982E-05
9.9982E-05 9.9982E-05 0.653135 0.168398 0.136676 0.041591
0.105225 0.0311692 0.393577 0.174765 0.150026 0.145238
9.9982E-05 0.0700075 0.269176 0.50456 0.156056 9.9982E-05
0.00834191 9.9982E-05 0.449602 0.453622 0.0882342 9.9982E-05
9.9991E-05 0.0252312 0.61397 0.148288 0.100184 0.112227
0.0282745 9.9991E-05 0.536299 0.209717 0.185694 0.0399161
0.111675 0.0413772 0.544476 0.0766449 0.0457484 0.180079
0.2017 0.0556177 0.357179 0.180381 0.153904 0.0512178
0.286405 0.012316 0.340016 0.159142 0.0270288 0.175092
0.262193 0.0905042 0.361543 0.176611 9.9991E-05 0.109048
0.193465 0.0984389 0.390498 0.0449545 0.0964824 0.176161
0.196344 9.9991E-05 0.435401 0.173116 0.0781257 0.116913
0.180065 0.0494732 9.9991E-05 0.579201 0.0641721 0.126989
0.217015 0.00274267 0.582329 0.107132 9.9991E-05 0.0906816
0.158192 9.9973E-05 9.9973E-05 0.512597 9.9973E-05 0.328911
0.107757 0.0268276 0.57051 0.129144 0.0859266 0.0798338
9.9973E-05 9.9973E-05 0.140746 0.566223 0.292731 9.9973E-05
9.9982E-05 0.0256088 0.0189155 0.664259 0.291017 9.9982E-05
0.00278681 9.9982E-05 0.51215 0.29958 0.185284 9.9982E-05
9.9973E-05 9.9973E-05 0.704013 0.260235 0.0354518 9.9973E-05
9.9973E-05 9.9973E-05 0.449117 0.382353 0.16823 9.9973E-05
9.9982E-05 0.0548391 0.510111 0.232528 0.202322 9.9982E-05
9.9973E-05 9.9973E-05 0.558438 0.230862 0.2104 9.9973E-05
0.022302 9.9982E-05 0.117215 0.0576885 9.9982E-05 0.802594
0.0983858 0.118942 9.9991E-05 0.0428312 0.0402836 0.699458
0.0773444 0.049935 9.9973E-05 9.9973E-05 9.9973E-05 0.872421
9.9964E-05 9.9964E-05 0.0690003 9.9964E-05 9.9964E-05 0.9306
0.00816207 0.0273847 0.415587 9.9991E-05 0.472979 0.0757878
0.0366305 9.9982E-05 0.424037 9.9982E-05 0.464104 0.0750285
9.9973E-05 0.0901125 0.441841 9.9973E-05 0.467747 9.9973E-05
9.9982E-05 0.0216344 0.68761 9.9982E-05 0.198267 0.0922879
9.9991E-05 0.0601836 0.507052 0.0630771 0.253001 0.116586
0.0297681 0.10603 0.158504 0.108462 0.58443 0.0128063
0.0359151 9.9982E-05 0.512301 9.9982E-05 0.437532 0.0140511
9.9973E-05 9.9973E-05 0.374695 0.178938 0.446068 9.9973E-05
0.0918273 9.9991E-05 0.542863 0.0687663 0.0453475 0.251096
0.0855238 0.059455 0.306966 0.133881 0.414074 9.9991E-05
9.9982E-05 0.125355 0.358943 9.9982E-05 0.486119 0.0293828
0.000435064 0.00270781 0.569434 9.9982E-05 0.427224 9.9982E-05
9.9991E-05 0.0122287 0.362879 0.0375546 0.545149 0.0420884
0.0311245 9.9982E-05 0.597086 0.000780286 0.370809 9.9982E-05
0.0446159 9.9982E-05 0.592562 9.9982E-05 0.315011 0.0476113
9.9973E-05 9.9973E-05 0.00997496 0.139006 0.850719 9.9973E-05
0.0322905 0.0227715 0.181798 0.213429 0.549611 9.9991E-05
9.9991E-05 0.0656329 0.295975 0.0423651 0.545845 0.0500821
9.9964E-05 9.9964E-05 9.9964E-05 0.204483 0.795117 9.9964E-05
9.9982E-05 0.0745961 0.362314 9.9982E-05 0.495342 0.0675485
9.9973E-05 9.9973E-05 0.0635586 0.364547 0.571594 9.9973E-05
9.9973E-05 9.9973E-05 9.9973E-05 0.262633 0.730318 0.00674889
0.0114935 9.9982E-05 0.560963 9.9982E-05 0.346441 0.0809027
0.0213116 0.100918 0.126239 9.9991E-05 0.721442 0.0299893
0.139358 0.0825052 0.336033 9.9991E-05 0.415906 0.0260969
0.0594973 9.9991E-05 0.602752 0.0541378 0.196544 0.0869686
0.0539756 0.078507 0.436494 9.9991E-05 0.414037 0.0168865
0.0401996 0.269924 0.376824 0.280151 0.0328015 9.9991E-05
0.0795735 0.101551 0.431422 0.0293697 0.357984 9.9991E-05
0.0626595 0.105722 0.396234 0.0204611 0.414824 9.9991E-05
9.9973E-05 9.9973E-05 0.282057 0.0675863 0.650057 9.9973E-05
0.0674182 0.051135 0.549153 9.9991E-05 0.277445 0.0547482
9.9982E-05 0.324468 9.9982E-05 0.0538386 0.00438082 0.617113
9.9991E-05 0.112477 0.0300848 0.102329 0.00988639 0.745122
9.9973E-05 0.117416 9.9973E-05 0.0711494 9.9973E-05 0.811134
9.9973E-05 0.150235 9.9973E-05 0.0479092 9.9973E-05 0.801556
9.9973E-05 0.218917 0.0318044 9.9973E-05 9.9973E-05 0.748978
0.0431763 0.141177 0.0472903 9.9991E-05 0.718611 0.0496453
9.9991E-05 0.0950605 0.123769 0.0754795 0.630419 0.0751726
9.9973E-05 9.9973E-05 0.125842 0.149187 0.724671 9.9973E-05
0.06278 0.0245117 0.516365 9.9991E-05 0.272252 0.123992
0.175505 0.0278514 0.450474 9.9991E-05 0.229492 0.116577
0.0212963 9.9991E-05 0.306972 0.100836 0.539966 0.0308297
0.00465886 0.00250476 0.626527 0.0681148 0.291079 0.00711516
0.0274774 9.9982E-05 0.343495 0.200762 0.428066 9.9982E-05
9.9982E-05 0.0880251 0.5042 9.9982E-05 0.384125 0.0234494
0.0639144 9.9973E-05 0.601963 9.9973E-05 0.333822 9.9973E-05
0.0189834 0.0988341 0.220295 0.0249194 0.636868 9.9991E-05
9.9973E-05 0.082931 0.321584 9.9973E-05 0.595185 9.9973E-05
0.00979684 0.140705 0.266011 9.9982E-05 0.583287 9.9982E-05
9.9991E-05 0.0956911 0.644273 0.126372 0.0549159 0.0786479
9.9982E-05 0.0233807 0.408259 9.9982E-05 0.513681 0.0544799
0.0325607 0.0526341 0.386373 0.00518269 0.489967 0.0332824
0.466848 0.00800357 0.436319 9.9991E-05 0.0341182 0.0546116
0.541029 0.0494883 0.272509 0.103614 9.9991E-05 0.0332592
0.428081 9.9973E-05 0.425392 9.9973E-05 9.9973E-05 0.146228
0.455952 9.9991E-05 0.300416 0.0673035 0.0134699 0.162759
0.217316 0.0871243 0.56657 0.0201013 9.9991E-05 0.108788
9.9982E-05 9.9982E-05 0.607225 0.135056 0.229732 0.0277872
0.676667 9.9982E-05 0.0248188 0.0348357 9.9982E-05 0.263479
0.496182 9.9991E-05 0.295737 0.0338535 0.0545799 0.119549
0.154821 9.9991E-05 0.458676 0.149448 0.076391 0.160564
9.9991E-05 0.0156343 0.631657 0.204992 0.00525997 0.142357
0.018678 0.111521 0.424124 0.267399 0.0489689 0.129308
0.0098696 0.0835788 0.592497 0.172547 0.0117857 0.129721
0.0388098 0.100126 0.651109 0.110213 0.0165198 0.0832223
0.412645 9.9982E-05 0.359399 0.0115271 9.9982E-05 0.216228
0.439227 0.0988191 0.284578 0.0468029 0.0179364 0.112637
0.477419 9.9973E-05 0.442806 9.9973E-05 9.9973E-05 0.079475
0.293726 0.108526 0.480741 9.9991E-05 0.030703 0.0862037
0.480844 9.9982E-05 0.285664 0.105942 9.9982E-05 0.12735
0.282721 9.9991E-05 0.399497 0.066788 0.0750814 0.175813
0.590069 0.0634757 0.153992 0.0618861 9.9991E-05 0.130477
0.411066 0.102804 0.411007 0.0576704 9.9991E-05 0.0173529
9.9982E-05 9.9982E-05 0.578416 0.256308 0.0743601 0.0907163
0.466763 0.0662787 0.296604 0.0424009 9.9991E-05 0.127853
0.716691 9.9982E-05 0.128534 0.0189435 9.9982E-05 0.135631
0.336075 0.131915 0.233014 0.081067 0.121405 0.0965242
9.9991E-05 0.21091 0.206967 0.281691 0.121696 0.178636
0.0764727 9.9982E-05 0.633885 0.255895 0.0335469 9.9982E-05
0.313282 0.123576 0.371435 0.0833701 9.9991E-05 0.108237
9.9982E-05 0.142924 0.656363 0.123442 9.9982E-05 0.0770718
9.9991E-05 0.0642783 0.520018 0.1714 0.0601287 0.184075
0.227454 0.0600974 0.294435 0.0699795 0.12256 0.225474
0.266579 0.0213545 0.388943 0.147239 9.9991E-05 0.175784
0.111959 0.0788249 0.512028 0.133357 0.0693404 0.0944913
0.447299 9.9991E-05 0.314454 0.0790824 0.0540643 0.105
0.450709 9.9982E-05 0.38098 0.0695984 9.9982E-05 0.0985135
0.59888 9.9982E-05 0.115875 0.0381489 9.9982E-05 0.246896
9.9973E-05 9.9973E-05 0.728691 0.160602 9.9973E-05 0.110407
9.9991E-05 0.0332276 0.51763 0.171674 0.157163 0.120205
0.0345953 9.9991E-05 0.245127 0.637649 0.00106619 0.0814623
0.0521107 9.9991E-05 0.596637 0.142263 0.0713312 0.137558
0.0576622 0.182058 0.344238 0.196164 0.139851 0.0800276
0.0940793 9.9991E-05 0.466769 0.103819 0.133323 0.201911
0.161103 0.133106 0.418364 0.109514 0.0766634 0.101249
0.213186 9.9973E-05 9.9973E-05 0.534249 9.9973E-05 0.252264
0.129041 9.9973E-05 9.9973E-05 0.573427 9.9973E-05 0.297231
0.197181 0.0147927 0.230884 0.301085 0.113186 0.142872
0.160859 9.9991E-05 0.0334592 0.434444 0.00593863 0.365199
0.214352 9.9973E-05 9.9973E-05 0.391897 9.9973E-05 0.393452
0.145935 0.00623536 0.297569 0.315232 0.132157 0.102871
0.123093 9.9982E-05 0.436236 0.205078 9.9982E-05 0.235393
0.233138 0.0753946 0.142398 0.242413 0.0671492 0.239508
0.151372 9.9982E-05 0.0800162 0.466289 9.9982E-05 0.302122
0.0677271 0.111022 0.512944 0.192608 9.9991E-05 0.115599
0.151202 0.0255931 0.172684 0.37341 0.0815203 0.195591
0.0486664 9.9973E-05 9.9973E-05 0.518737 9.9973E-05 0.432296
0.286831 0.18899 0.314274 0.116326 9.9991E-05 0.0934788
0.192186 0.0701326 0.361929 0.192708 0.00524646 0.177797
0.156986 0.118046 0.472601 9.9982E-05 9.9982E-05 0.252167
0.26944 0.035686 0.506825 9.9982E-05 9.9982E-05 0.187849
0.115506 0.0239983 0.464737 0.124859 0.0814836 0.189415
0.175064 9.9991E-05 0.471894 0.0175934 0.069731 0.265618
0.179736 0.0304391 0.500984 0.140268 9.9991E-05 0.148472
0.201926 0.0334295 0.385779 0.00381177 9.9991E-05 0.374953
0.166704 0.0682574 0.500561 0.0613955 9.9991E-05 0.202982
0.264174 9.9982E-05 0.446061 9.9982E-05 0.0749063 0.214659
0.233257 9.9982E-05 0.338097 0.181736 9.9982E-05 0.24671
0.145827 0.177367 0.247219 0.0429792 0.199238 0.187371
0.133674 0.133811 0.54626 9.9991E-05 0.0378587 0.148298
0.225249 0.0855743 0.352251 9.9991E-05 0.201465 0.135361
0.101645 0.011911 0.641163 0.0752922 0.0819709 0.0880185
0.280102 0.0351453 0.346325 0.0297782 9.9991E-05 0.30855
0.162892 0.0449202 0.510651 0.0584193 0.071732 0.151385
0.190979 9.9982E-05 0.219138 0.197072 9.9982E-05 0.392611
0.238514 0.117012 0.430031 0.045928 9.9991E-05 0.168414
0.327971 9.9991E-05 0.158719 0.235085 0.0451076 0.233017
0.00511715 0.122123 9.9991E-05 0.0428152 0.0490297 0.780815
0.0318699 0.781873 0.0775433 0.0688658 9.9991E-05 0.0397477
9.9973E-05 0.969792 9.9973E-05 9.9973E-05 0.0124555 0.0174524
9.9973E-05 0.938045 0.00180455 9.9973E-05 9.9973E-05 0.0598503
9.99704E-05 0.990882 0.00871781 9.99704E-05 9.99704E-05 9.99704E-05
0.0229674 0.964444 0.0122884 9.9973E-05 9.9973E-05 9.9973E-05
9.9973E-05 0.900162 0.0847158 9.9973E-05 9.9973E-05 0.0148219
9.9973E-05 0.882399 9.9973E-05 9.9973E-05 0.00830931 0.108991
9.9964E-05 0.780999 9.9964E-05 9.9964E-05 9.9964E-05 0.218602
0.0272861 0.0391933 9.9982E-05 9.9982E-05 0.0257062 0.907614
9.9973E-05 0.106019 0.102124 9.9973E-05 9.9973E-05 0.791557
0.0264804 9.9982E-05 0.0387687 0.0302536 9.9982E-05 0.904297
9.9982E-05 0.11221 0.0534503 0.0339293 9.9982E-05 0.80021
0.0507695 0.0492875 0.0282133 9.9982E-05 9.9982E-05 0.87153
0.020873 0.0179411 9.9991E-05 0.0337786 0.0399847 0.887323
0.103683 0.0470272 0.103665 0.00892461 9.9991E-05 0.7366
0.0556491 0.0232893 0.0545261 9.9991E-05 0.0105925 0.855843
0.0833581 0.171695 0.000623254 9.9991E-05 0.0573723 0.686851
0.0889737 9.9973E-05 0.00776292 9.9973E-05 9.9973E-05 0.902963
9.9973E-05 0.0159794 9.9973E-05 9.9973E-05 0.0346684 0.949052
0.0798165 0.026375 9.9991E-05 0.0353532 0.0421133 0.816242
0.0311269 0.0471808 9.9973E-05 9.9973E-05 9.9973E-05 0.921392
0.0426359 9.9982E-05 0.0691273 0.0227969 9.9982E-05 0.86524
0.00762124 9.9982E-05 0.10332 9.9982E-05 0.0244111 0.864448
0.0449974 9.9973E-05 0.122737 9.9973E-05 9.9973E-05 0.831966
0.178725 9.9973E-05 0.0650826 9.9973E-05 9.9973E-05 0.755892
0.106992 9.9982E-05 0.106467 9.9982E-05 0.011708 0.774633
0.063369 9.9982E-05 0.129131 9.9982E-05 0.00449911 0.802801
9.9991E-05 0.0322934 0.424911 0.24051 0.132118 0.170069
9.9991E-05 0.00522592 0.665229 0.0505131 0.147673 0.131259
9.9982E-05 9.9982E-05 0.592899 0.167246 0.103536 0.136119
0.00512556 0.0096975 0.1857 0.672764 0.077121 0.0495911
0.0153265 0.181867 0.540607 0.111266 9.9991E-05 0.150834
9.9973E-05 9.9973E-05 0.189318 0.654468 9.9973E-05 0.155914
0.022826 0.0193531 0.694176 0.166901 0.00061663 0.0961276
9.9991E-05 0.148364 0.375659 0.207462 0.166553 0.101862
9.9991E-05 0.0463191 0.597688 0.171743 0.106508 0.077642
9.9982E-05 9.9982E-05 0.503138 0.0317339 0.422828 0.0421004
9.9991E-05 0.150426 0.477039 0.2052 0.08678 0.0804549
9.9991E-05 0.000661961 0.679634 0.245501 0.0451332 0.0289702
0.00112003 0.0887502 0.567347 0.172736 0.0847591 0.0852874
0.0128759 0.471476 0.0869521 0.272621 0.155975 9.9991E-05
9.9982E-05 0.130921 0.037215 0.796509 9.9982E-05 0.0351545
9.9982E-05 0.0333099 0.221235 0.693264 9.9982E-05 0.0519915
0.0109448 0.0419659 0.740078 0.03825 0.036586 0.132176
9.9982E-05 9.9982E-05 0.50712 0.30264 0.0474544 0.142586
9.9982E-05 9.9982E-05 0.562706 0.276751 0.0764102 0.0839323
0.0263196 9.9982E-05 0.776831 0.107948 9.9982E-05 0.0887014
0.133839 9.9991E-05 0.568917 0.0956041 0.0146509 0.186889
0.0948545 0.0187437 0.634192 0.00206638 9.9991E-05 0.250044
0.165131 0.112716 0.109697 0.103676 0.092331 0.416448
0.0541703 0.0384049 0.599456 0.00333383 0.149595 0.15504
0.126874 0.0322625 0.455782 0.13216 9.9991E-05 0.252822
0.140333 9.9973E-05 9.9973E-05 0.438511 9.9973E-05 0.420857
0.175651 9.9991E-05 0.320828 0.190579 0.0436378 0.269203
0.20802 0.0424447 0.234861 0.0681491 0.131292 0.315233
0.110818 0.134257 0.441351 0.00137937 0.0101308 0.302064
0.207912 0.0593459 0.458571 0.0321253 0.130465 0.11158
0.0881493 9.9991E-05 0.566548 0.0844241 0.0135746 0.247204
0.187099 0.00386613 0.444491 0.0867789 0.125925 0.15184
0.19713 9.9991E-05 0.337104 0.150932 0.143028 0.171706
0.170876 9.9982E-05 0.285224 9.9982E-05 0.0426277 0.501072
