9.9955E-05 0.0556827 0.0472679 0.200725 0.593374 0.102451 9.9955E-05 9.9955E-05 9.9955E-05 9.9955E-05
9.9973E-05 0.291717 9.9973E-05 0.140759 0.407935 0.0988018 9.9973E-05 0.0487071 0.00245438 0.00932591
9.997E-05 9.997E-05 0.0498598 0.226036 0.340099 0.139294 0.104477 0.0912181 9.997E-05 0.0487161
9.9982E-05 0.211365 0.0400294 0.0278877 0.461771 0.144425 0.0500946 0.0339773 0.0302504 9.9982E-05
0.00384101 0.253547 9.9955E-05 0.149041 0.583135 9.9955E-05 9.9955E-05 0.00993642 9.9955E-05 9.9955E-05
0.127522 0.395852 0.051197 9.9982E-05 0.190622 0.157524 0.0183995 0.0451273 9.9982E-05 0.0135564
0.218179 0.399371 9.9964E-05 0.00989617 0.21309 0.146033 0.0130298 9.9964E-05 9.9964E-05 9.9964E-05
9.99549E-05 9.99549E-05 9.99549E-05 0.131128 0.717619 9.99549E-05 0.107214 9.99549E-05 0.0312174 0.0123211
0.0775577 0.0844616 0.0154667 9.9964E-05 9.9964E-05 9.9964E-05 0.632914 9.9964E-05 0.182003 0.00719648
9.99201E-05 9.99201E-05 0.999101 9.99201E-05 9.99201E-05 9.99201E-05 9.99201E-05 9.99201E-05 9.99201E-05 9.99201E-05
9.99201E-05 9.99201E-05 0.999101 9.99201E-05 9.99201E-05 9.99201E-05 9.99201E-05 9.99201E-05 9.99201E-05 9.99201E-05
9.9946E-05 9.9946E-05 9.9946E-05 0.0157084 0.00706394 9.9946E-05 9.9946E-05 9.9946E-05 0.858954 0.117674
0.0175331 0.000923982 0.0100735 0.118769 0.0972461 9.9982E-05 0.40573 0.0575349 0.29199 9.9982E-05
0.00442922 9.9964E-05 0.0564647 9.9964E-05 0.0503195 0.0258941 0.533136 9.9964E-05 0.329357 9.9964E-05
9.9955E-05 0.0105242 0.0124708 0.029722 9.9955E-05 9.9955E-05 0.0344329 9.9955E-05 0.91235 9.9955E-05
0.00341856 9.9946E-05 9.9946E-05 0.0611884 9.9946E-05 9.9946E-05 0.0433872 9.9946E-05 0.891406 9.9946E-05
0.131009 9.9937E-05 9.9937E-05 9.9937E-05 0.0791283 9.9937E-05 9.9937E-05 9.9937E-05 0.789163 9.9937E-05
9.998E-05 0.00958572 0.0117626 0.0174056 0.227035 0.331673 0.00644396 0.352806 0.0430886 9.998E-05
9.9946E-05 9.9946E-05 0.0279933 0.0259472 9.9946E-05 0.0649568 9.9946E-05 0.880503 9.9946E-05 9.9946E-05
9.9937E-05 9.9937E-05 0.0106708 0.00622952 9.9937E-05 9.9937E-05 9.9937E-05 0.9824 9.9937E-05 9.9937E-05
9.99201E-05 9.99201E-05 9.99201E-05 9.99201E-05 9.99201E-05 9.99201E-05 9.99201E-05 0.999101 9.99201E-05 9.99201E-05
0.0366287 9.9955E-05 0.0234759 9.9955E-05 0.202191 0.0639586 9.9955E-05 0.673246 9.9955E-05 9.9955E-05
9.9946E-05 0.0239764 9.9946E-05 9.9946E-05 0.0121337 0.0775778 9.9946E-05 0.885712 9.9946E-05 9.9946E-05
9.99201E-05 9.99201E-05 9.99201E-05 9.99201E-05 9.99201E-05 9.99201E-05 9.99201E-05 0.999101 9.99201E-05 9.99201E-05
0.028826 9.9955E-05 0.0216113 9.9955E-05 9.9955E-05 9.9955E-05 0.38144 9.9955E-05 0.527763 0.03986
0.361749 9.9955E-05 9.9955E-05 9.9955E-05 9.9955E-05 9.9955E-05 0.269459 0.110603 0.148335 0.109355
0.56526 9.9973E-05 0.0313195 0.00950962 0.089732 9.9973E-05 0.0858277 0.0387366 0.179315 9.9973E-05
0.37565 9.9973E-05 0.0734414 9.9973E-05 0.0236862 0.0368196 0.070957 9.9973E-05 0.282644 0.136502
9.9946E-05 0.140139 9.9946E-05 9.9946E-05 0.0703094 9.9946E-05 9.9946E-05 0.0171384 9.9946E-05 0.771814
9.9955E-05 0.0249825 0.0241528 9.9955E-05 9.9955E-05 0.0357691 9.9955E-05 0.029789 9.9955E-05 0.884807
0.764239 9.9964E-05 0.00837848 9.9964E-05 9.9964E-05 0.0469115 0.0604486 9.9964E-05 0.0882976 0.0313246
0.532678 0.092755 9.9973E-05 0.0989866 0.0572224 0.0314815 9.9973E-05 0.0569273 9.9973E-05 0.129649
0.1123 0.0292954 9.9955E-05 0.0819868 0.728178 0.0477397 9.9955E-05 9.9955E-05 9.9955E-05 9.9955E-05
9.9937E-05 9.9937E-05 0.0129019 0.00780931 0.978589 9.9937E-05 9.9937E-05 9.9937E-05 9.9937E-05 9.9937E-05
9.99201E-05 9.99201E-05 9.99201E-05 9.99201E-05 0.999101 9.99201E-05 9.99201E-05 9.99201E-05 9.99201E-05 9.99201E-05
0.00663165 9.99279E-05 9.99279E-05 9.99279E-05 0.992569 9.99279E-05 9.99279E-05 9.99279E-05 9.99279E-05 9.99279E-05
0.0199616 9.99461E-05 0.0718226 9.99461E-05 0.86956 0.038056 9.99461E-05 9.99461E-05 9.99461E-05 9.99461E-05
9.9964E-05 0.109042 0.0473414 0.141512 0.659041 9.9964E-05 9.9964E-05 9.9964E-05 0.0175344 0.0251291
9.9964E-05 0.1276 0.0224641 0.2305 0.422529 0.130819 9.9964E-05 0.0656875 9.9964E-05 9.9964E-05
0.0233213 0.149186 9.9991E-05 0.0595844 0.566958 0.0186493 0.0185577 0.0829663 0.0154791 0.0651978
9.9973E-05 0.0453473 9.9973E-05 0.0132414 0.828942 0.0555887 9.9973E-05 0.0296838 0.0179688 0.00892809
9.9955E-05 9.9955E-05 9.9955E-05 0.0809229 0.69181 0.0213151 9.9955E-05 0.0843167 9.9955E-05 0.121135
9.9955E-05 0.1371 0.00269301 9.9955E-05 0.157276 9.9955E-05 0.507972 0.194459 9.9955E-05 9.9955E-05
9.9964E-05 0.1371 0.00343243 9.9964E-05 9.9964E-05 0.0510859 0.615644 0.172933 9.9964E-05 0.0194051
9.9955E-05 9.9955E-05 9.9955E-05 0.0386445 0.131482 9.9955E-05 0.615335 0.18367 9.9955E-05 0.0303693
9.9946E-05 9.9946E-05 9.9946E-05 9.9946E-05 0.18336 0.050461 0.682908 0.0826707 9.9946E-05 9.9946E-05
9.9955E-05 9.9955E-05 0.000921404 0.00499129 9.9955E-05 9.9955E-05 0.0407503 0.0115134 0.941324 9.9955E-05
0.0160174 9.9928E-05 9.9928E-05 9.9928E-05 9.9928E-05 9.9928E-05 0.983183 9.9928E-05 9.9928E-05 9.9928E-05
9.99201E-05 9.99201E-05 9.99201E-05 9.99201E-05 9.99201E-05 9.99201E-05 0.999101 9.99201E-05 9.99201E-05 9.99201E-05
9.9964E-05 9.9964E-05 0.0275253 9.9964E-05 0.704031 0.0145633 9.9964E-05 0.151413 0.0578082 0.0442594
0.0642502 0.0131462 0.0319379 0.0374085 0.593381 0.133952 0.0378381 0.0562195 9.9991E-05 0.0317666
9.9946E-05 0.127795 9.9946E-05 9.9946E-05 0.280672 9.9946E-05 0.519921 9.9946E-05 0.0710117 9.9946E-05
9.9937E-05 9.9937E-05 0.978366 9.9937E-05 0.00545962 9.9937E-05 0.0154744 9.9937E-05 9.9937E-05 9.9937E-05
0.129425 9.9955E-05 9.9955E-05 0.184042 0.155598 0.0497755 9.9955E-05 9.9955E-05 9.9955E-05 0.48066
9.993E-05 9.993E-05 9.993E-05 9.993E-05 9.993E-05 9.993E-05 0.172604 9.993E-05 0.72591 0.100787
0.128314 9.9964E-05 0.0145623 0.0271084 9.9964E-05 9.9964E-05 0.28991 9.9964E-05 0.458982 0.0807226
9.99201E-05 9.99201E-05 9.99201E-05 0.999101 9.99201E-05 9.99201E-05 9.99201E-05 9.99201E-05 9.99201E-05 9.99201E-05
9.9928E-05 9.9928E-05 9.9928E-05 0.995105 9.9928E-05 0.00409533 9.9928E-05 9.9928E-05 9.9928E-05 9.9928E-05
9.9964E-05 9.9964E-05 9.9964E-05 0.438709 0.218278 0.0581734 9.9964E-05 0.15847 0.065521 0.0604488
9.9946E-05 9.9946E-05 0.00135402 0.932221 9.9946E-05 9.9946E-05 9.9946E-05 0.0297242 0.0361007 9.9946E-05
0.0141233 9.9973E-05 0.00883367 0.793677 0.133542 0.0405142 0.00614221 0.00286736 9.9973E-05 9.9973E-05
0.155129 9.9973E-05 0.0108907 0.0711652 9.9973E-05 9.9973E-05 0.636464 0.0321263 0.0525387 0.0413854
0.831127 9.9937E-05 9.9937E-05 9.9937E-05 9.9937E-05 0.0200381 9.9937E-05 9.9937E-05 0.148136 9.9937E-05
0.64241 9.9955E-05 0.00878125 9.9955E-05 9.9955E-05 9.9955E-05 0.148196 9.9955E-05 0.136401 0.0637131
0.626998 9.99549E-05 0.0185888 9.99549E-05 9.99549E-05 0.00382061 0.13831 9.99549E-05 0.211783 9.99549E-05
0.329872 9.9964E-05 9.9964E-05 0.00787353 0.0328942 9.9964E-05 9.9964E-05 0.00973132 0.101151 0.518077
0.0114503 9.9973E-05 0.00598666 0.0852133 9.9973E-05 0.12695 9.9973E-05 0.075451 0.023308 0.671341
0.0938442 9.9955E-05 9.9955E-05 0.012783 9.9955E-05 0.0186394 0.0384166 9.9955E-05 0.835817 9.9955E-05
0.169961 0.0671321 9.9946E-05 9.9946E-05 9.9946E-05 0.0541395 9.9946E-05 9.9946E-05 0.708168 9.9946E-05
9.9973E-05 0.0955136 0.0384174 0.108954 9.9973E-05 9.9973E-05 0.00195093 0.0364851 0.597545 0.120834
9.9964E-05 0.0878188 9.9964E-05 9.9964E-05 0.0297549 0.155289 9.9964E-05 0.0120027 0.300364 0.414371
0.0103214 0.0271522 0.0166007 9.9946E-05 9.9946E-05 9.9946E-05 9.9946E-05 9.9946E-05 0.945326 9.9946E-05
9.9946E-05 0.0314454 0.0230266 9.9946E-05 0.0417666 9.9946E-05 9.9946E-05 9.9946E-05 0.903162 9.9946E-05
9.9973E-05 0.143885 0.0320969 0.0943109 0.536782 0.152357 0.0108739 0.0293933 9.9973E-05 9.9973E-05
9.9964E-05 0.272775 0.0590662 0.0749311 0.459271 9.9964E-05 9.9964E-05 0.0856378 9.9964E-05 0.0479187
9.9937E-05 9.9937E-05 9.9937E-05 0.012585 9.9937E-05 9.9937E-05 9.9937E-05 9.9937E-05 0.963439 0.0232765
0.233459 9.99818E-05 0.0128023 9.99818E-05 0.0101667 0.00883685 0.0597289 9.99818E-05 0.628754 0.0459529
9.99281E-05 9.99281E-05 9.99281E-05 9.99281E-05 9.99281E-05 0.0318723 9.99281E-05 9.99281E-05 0.967328 9.99281E-05
9.9973E-05 0.0571304 0.0246595 0.0277429 0.453635 0.0218558 0.383547 0.0311294 9.9973E-05 9.9973E-05
9.998E-05 0.0473529 0.0922402 0.098481 0.460994 0.0206265 0.223819 0.0224204 9.998E-05 0.0338667
0.0280293 0.109714 0.124802 9.9964E-05 0.620915 9.9964E-05 0.0963598 9.9964E-05 9.9964E-05 0.0197798
9.998E-05 0.143454 0.0913403 0.0407329 0.483525 0.000800642 0.156903 0.000652949 9.998E-05 0.0823905
9.9946E-05 0.0226065 9.9946E-05 0.00440688 9.9946E-05 9.9946E-05 0.0399068 9.9946E-05 9.9946E-05 0.93248
0.00886737 9.9928E-05 9.9928E-05 9.9928E-05 9.9928E-05 9.9928E-05 9.9928E-05 9.9928E-05 9.9928E-05 0.990333
9.9928E-05 9.9928E-05 0.00169074 9.9928E-05 9.9928E-05 9.9928E-05 9.9928E-05 9.9928E-05 9.9928E-05 0.99751
9.99369E-05 9.99369E-05 0.00841452 0.890001 9.99369E-05 9.99369E-05 0.100885 9.99369E-05 9.99369E-05 9.99369E-05
9.9946E-05 9.9946E-05 0.0192798 0.0646827 9.9946E-05 9.9946E-05 0.903329 9.9946E-05 0.0121093 9.9946E-05
0.0134293 0.0359287 0.0178998 0.0927911 0.672071 0.0150517 0.0244998 0.128128 9.9982E-05 9.9982E-05
0.0376096 0.0737584 0.00597851 9.997E-05 0.44062 0.0865455 0.136382 0.218806 9.997E-05 9.997E-05
9.9964E-05 0.0481092 0.0472534 0.125427 0.583103 0.00546482 9.9964E-05 0.190242 9.9964E-05 9.9964E-05
9.9964E-05 9.9964E-05 9.9964E-05 0.0310201 0.622465 0.172493 0.0738148 0.0792009 0.0206067 9.9964E-05
0.0649431 0.152998 9.9964E-05 0.0529773 0.577875 0.145672 0.00513455 9.9964E-05 9.9964E-05 9.9964E-05
0.0356913 0.15313 0.0168712 0.0481645 0.541476 0.0653971 9.9991E-05 0.0925631 0.0267515 0.0198549
9.99201E-05 0.999101 9.99201E-05 9.99201E-05 9.99201E-05 9.99201E-05 9.99201E-05 9.99201E-05 9.99201E-05 9.99201E-05
9.99201E-05 0.999101 9.99201E-05 9.99201E-05 9.99201E-05 9.99201E-05 9.99201E-05 9.99201E-05 9.99201E-05 9.99201E-05
9.993E-05 0.961973 9.993E-05 0.0263351 9.993E-05 9.993E-05 9.993E-05 9.993E-05 0.0109919 9.993E-05
9.9964E-05 0.661307 9.9964E-05 9.9964E-05 0.230966 0.010766 0.00260687 0.0373934 9.9964E-05 0.0565613
9.99201E-05 0.974735 0.0244657 9.99201E-05 9.99201E-05 9.99201E-05 9.99201E-05 9.99201E-05 9.99201E-05 9.99201E-05
9.9937E-05 9.9937E-05 0.0287974 9.9937E-05 0.0307938 0.939709 9.9937E-05 9.9937E-05 9.9937E-05 9.9937E-05
9.9955E-05 0.0186318 9.9955E-05 0.00205583 0.100672 0.872358 9.9955E-05 0.00578284 9.9955E-05 9.9955E-05
9.9928E-05 9.9928E-05 9.9928E-05 9.9928E-05 9.9928E-05 0.972574 9.9928E-05 9.9928E-05 9.9928E-05 0.0266265
0.00360067 0.0123258 9.9955E-05 0.0221022 9.9955E-05 0.957898 0.00357371 9.9955E-05 9.9955E-05 9.9955E-05
9.99201E-05 9.99201E-05 9.99201E-05 9.99201E-05 9.99201E-05 0.999101 9.99201E-05 9.99201E-05 9.99201E-05 9.99201E-05
0.919559 0.0480717 0.0316699 9.9937E-05 9.9937E-05 9.9937E-05 9.9937E-05 9.9937E-05 9.9937E-05 9.9937E-05
0.867753 0.069003 0.00896323 9.9946E-05 9.9946E-05 9.9946E-05 9.9946E-05 9.9946E-05 9.9946E-05 0.0536807
0.999101 9.99201E-05 9.99201E-05 9.99201E-05 9.99201E-05 9.99201E-05 9.99201E-05 9.99201E-05 9.99201E-05 9.99201E-05
0.96312 9.9928E-05 9.9928E-05 9.9928E-05 9.9928E-05 0.0360806 9.9928E-05 9.9928E-05 9.9928E-05 9.9928E-05
0.000933157 9.996E-05 0.0190068 0.0387147 0.163793 9.996E-05 9.996E-05 9.996E-05 0.0917137 0.685439
