9.9982E-05 0.076517 0.815168 9.9982E-05 0.000211359 0.0243387 0.083565
9.9973E-05 0.0185453 0.895962 9.9973E-05 0.0585952 9.9973E-05 0.0265976
0.0913007 0.0270025 0.761217 9.9982E-05 9.9982E-05 0.0424374 0.0778422
0.0386 0.079278 0.728516 9.9982E-05 9.9982E-05 0.0931805 0.0602256
0.126478 0.00399891 0.869123 9.9964E-05 9.9964E-05 9.9964E-05 9.9964E-05
0.0808002 0.0998907 0.601597 0.10502 0.0507077 0.0444671 0.0175179
0.0252051 0.0556734 0.797232 0.0675986 9.9982E-05 9.9982E-05 0.0540912
0.0404608 0.146885 0.685292 0.0776181 9.9982E-05 9.9982E-05 0.0495442
9.9982E-05 0.0857324 0.808685 0.088832 0.00291431 9.9982E-05 0.0136359
0.119735 0.00305571 0.688839 0.0990976 9.9991E-05 0.0761636 0.0130086
0.047734 0.0861442 0.762191 0.0897229 0.0140082 9.9982E-05 9.9982E-05
0.200609 0.475818 9.9982E-05 0.0486456 0.1834 0.0913267 9.9982E-05
0.549706 0.257989 9.9991E-05 0.0542864 0.0578422 0.0118831 0.0681933
0.211328 0.396374 0.021481 0.128571 0.116992 0.0806053 0.0446481
0.273779 0.362063 0.0146545 0.022997 0.103735 0.16931 0.0534627
0.378576 0.238772 0.0662621 0.0951105 0.0459476 0.139017 0.0363146
0.506283 0.121728 0.024257 0.000576854 0.153142 0.146631 0.0473823
0.428358 0.192657 9.9991E-05 0.0573119 0.127788 0.119047 0.0747381
0.264808 0.305111 0.109308 0.0389457 0.176045 0.105682 9.9991E-05
0.024945 0.61201 0.0019109 0.208186 0.0499955 0.0849784 0.0179735
0.41974 0.203066 9.9991E-05 0.0331412 0.223291 0.0592897 0.0613725
0.478553 0.178137 9.9982E-05 0.260237 0.0360741 9.9982E-05 0.0467987
0.569465 0.171569 0.0239934 0.0828493 0.138393 9.9991E-05 0.0136299
0.305037 0.360008 9.9991E-05 0.0285902 0.200182 0.0870433 0.0190382
0.588843 0.162027 0.0332961 0.0839431 0.0328982 0.0988931 9.9991E-05
0.559895 0.301394 9.9991E-05 0.0325207 0.0217962 0.0280954 0.0561981
0.172001 0.510017 9.9982E-05 9.9982E-05 0.161325 0.130852 0.0256053
0.202869 0.426325 9.9991E-05 0.0403556 0.131968 0.16004 0.0383425
0.24328 0.431225 0.0312406 0.103891 0.162693 0.0222584 0.00541251
9.995E-05 9.995E-05 9.995E-05 9.995E-05 9.995E-05 9.995E-05 0.9994
9.995E-05 9.995E-05 9.995E-05 9.995E-05 9.995E-05 9.995E-05 0.9994
0.109926 9.9973E-05 0.493406 9.9973E-05 0.06395 9.9973E-05 0.332418
0.0461409 9.9982E-05 0.551461 9.9982E-05 0.105688 0.0438247 0.252686
0.533194 0.10678 9.9991E-05 0.00650731 0.273669 0.0232681 0.0564814
0.500156 0.0163523 0.184497 9.9973E-05 0.298695 9.9973E-05 9.9973E-05
0.579625 9.9973E-05 0.0517679 9.9973E-05 0.318864 9.9973E-05 0.0494425
0.185829 0.554619 0.11665 9.9982E-05 0.120435 9.9982E-05 0.022267
0.273373 9.9982E-05 9.9982E-05 0.0296424 0.61996 0.0145696 0.0622544
0.520326 0.138662 0.0732576 0.00370118 0.235337 0.0211849 0.00753266
0.74548 9.9982E-05 0.0725622 0.00372165 0.145372 9.9982E-05 0.0326651
0.631228 0.0857759 0.120952 0.128648 0.0270824 9.9991E-05 0.00621329
0.614687 0.133329 0.0602934 9.9991E-05 0.0693572 0.0591188 0.0631146
0.106531 0.0946617 9.9991E-05 0.0394713 0.717837 0.005417 0.035982
0.57167 0.0101391 0.100538 0.16638 0.102948 0.0314116 0.0169124
0.552385 0.024164 0.100264 0.0780789 0.18977 0.0424771 0.0128615
0.595263 0.0469961 0.114308 0.0580089 0.162234 0.0012308 0.0219599
0.325786 9.9973E-05 9.9973E-05 0.0122797 0.660511 9.9973E-05 0.0011232
0.595761 9.9982E-05 0.0792637 9.9982E-05 0.228588 0.0586542 0.0375331
0.43154 0.0387112 0.0718254 0.00129413 0.285671 0.131357 0.0396013
9.9982E-05 0.0160987 0.0303652 0.294161 0.651393 9.9982E-05 0.00778211
0.20921 0.425356 9.9973E-05 0.17071 0.194424 9.9973E-05 9.9973E-05
0.0839299 0.163639 0.0729769 0.431935 0.24732 9.9982E-05 9.9982E-05
0.487342 0.14653 0.0868415 9.9991E-05 0.121684 0.10959 0.047912
0.667689 0.039823 0.0280805 0.201362 9.9982E-05 0.0628457 9.9982E-05
0.526238 0.134221 0.0468968 0.101934 0.085253 0.105357 9.9991E-05
0.107816 0.327326 0.0787916 0.128378 0.272198 0.0603466 0.0251439
0.634479 0.2552 9.9991E-05 0.0271505 0.0554595 0.0202145 0.00739592
0.501001 0.105316 0.0244956 0.0749689 0.133421 0.0895987 0.0711987
0.306352 0.204206 0.0357422 0.130067 0.216694 0.0523793 0.05456
0.0822087 0.345149 0.130363 0.18828 0.138086 0.0358684 0.0800447
0.457978 0.149222 0.0744872 0.122866 0.103049 0.0615725 0.0308245
0.350435 0.286017 9.9991E-05 0.0818645 0.167757 0.0909325 0.022894
0.0151616 0.548362 9.9982E-05 0.147623 0.231583 9.9982E-05 0.05707
0.500665 0.216386 0.00344172 0.103174 0.151586 0.0131615 0.0115852
0.650166 9.9973E-05 9.9973E-05 0.135798 0.104428 0.109307 9.9973E-05
0.53797 0.113287 0.0704184 0.139933 9.9991E-05 0.0532319 0.0850594
0.278489 0.297431 9.9991E-05 0.0645644 0.261499 0.0620643 0.0358529
0.467455 0.121284 9.9991E-05 0.172112 0.146034 0.0517466 0.0412687
0.517755 0.17021 0.046755 0.0724329 0.0903664 0.10238 9.9991E-05
0.150135 0.320959 9.9982E-05 0.147126 0.299665 9.9982E-05 0.081915
0.548103 0.0338801 9.9973E-05 9.9973E-05 0.408621 9.9973E-05 0.0090954
0.118019 0.0698946 9.9982E-05 9.9982E-05 0.743059 0.00321238 0.0656147
0.429863 0.0943106 0.023429 0.110991 0.178818 0.141121 0.0214668
9.9973E-05 0.00252855 0.00531622 0.148063 0.843792 9.9973E-05 9.9973E-05
9.9964E-05 0.0261174 9.9964E-05 0.16768 0.805803 9.9964E-05 9.9964E-05
0.269408 9.9964E-05 9.9964E-05 9.9964E-05 0.726001 0.00419124 9.9964E-05
0.487366 0.046291 0.0556077 9.9982E-05 0.385169 9.9982E-05 0.0253664
0.466392 0.00116957 0.135901 0.0658733 0.181006 0.118891 0.0307673
0.363559 0.0157214 0.0361577 9.9991E-05 0.510155 0.0674719 0.00683439
0.0812731 0.0749833 0.0718899 9.9982E-05 0.711212 0.0604418 9.9982E-05
0.231736 0.316928 0.0303045 9.9982E-05 0.419219 0.00161237 9.9982E-05
0.516687 0.0404059 0.0256115 0.0623906 0.271977 0.0211808 0.0617466
0.237377 0.0463486 0.0153801 9.9991E-05 0.602024 0.0849796 0.0137903
0.261113 0.0732891 0.00150236 9.9991E-05 0.555901 0.0935763 0.0145187
0.367816 9.9964E-05 9.9964E-05 0.126574 0.50521 9.9964E-05 9.9964E-05
9.9964E-05 9.9964E-05 9.9964E-05 0.308243 0.69038 0.000976972 9.9964E-05
0.642059 0.0544553 0.0405115 0.0791763 0.136573 0.0207476 0.0264778
0.0910769 0.0450035 0.791835 9.9982E-05 9.9982E-05 0.0552213 0.0166632
0.0665275 9.9964E-05 0.84556 9.9964E-05 9.9964E-05 9.9964E-05 0.087513
0.0820284 0.00473515 0.751382 9.9982E-05 9.9982E-05 0.0446914 0.116963
0.0481358 9.9964E-05 0.798586 9.9964E-05 9.9964E-05 9.9964E-05 0.152879
0.0811632 9.9973E-05 0.802051 9.9973E-05 9.9973E-05 0.0120421 0.104444
0.045144 9.9991E-05 0.839829 0.0337715 0.0302672 0.0290174 0.0218708
0.0707076 9.9982E-05 0.843691 0.00250244 9.9982E-05 0.0213492 0.0615492
0.453197 0.0079047 0.180923 0.0205789 0.210555 0.126741 9.9991E-05
0.458074 0.0339847 0.0354333 0.0778983 0.247101 0.112708 0.0348014
0.0165202 0.0536906 0.0848616 9.9973E-05 0.844628 9.9973E-05 9.9973E-05
0.596271 9.9991E-05 0.0931138 0.0382377 0.220113 0.041025 0.0111397
0.454433 0.0517616 0.00918967 9.9982E-05 0.44555 9.9982E-05 0.0388656
0.562271 9.9964E-05 0.017043 9.9964E-05 0.420286 9.9964E-05 9.9964E-05
0.549618 0.00440259 0.130256 0.0434343 0.272089 9.9982E-05 9.9982E-05
0.445322 9.9991E-05 0.00898968 0.0148862 0.398973 0.130371 0.0013574
9.9964E-05 0.204772 0.0566587 9.9964E-05 0.738169 9.9964E-05 9.9964E-05
0.544244 0.137621 0.169689 9.9982E-05 0.116899 9.9982E-05 0.0313475
0.727485 0.0207282 0.0351108 9.99832E-05 0.192313 0.0241623 9.99832E-05
0.504857 0.0919426 0.016241 0.0182226 0.172424 0.157013 0.0393001
0.309294 9.9973E-05 9.9973E-05 0.101628 0.530217 9.9973E-05 0.0585617
0.437545 9.9991E-05 0.0358165 0.0195129 0.385432 0.100183 0.0214107
0.393468 0.083501 9.9982E-05 9.9982E-05 0.459716 0.0151292 0.0479862
0.294455 9.9973E-05 9.9973E-05 9.9973E-05 0.635418 0.0371881 0.0326392
0.400103 0.0576937 0.0574562 9.9982E-05 0.458408 9.9982E-05 0.0261394
0.590729 0.0155294 0.162982 0.0689549 0.161227 9.9991E-05 0.000478021
0.272624 0.352204 9.9982E-05 0.239375 0.121677 9.9982E-05 0.0139208
0.452868 0.301172 0.0768718 9.9991E-05 0.0627191 0.0633865 0.042882
0.532102 0.202711 0.0376328 0.0173546 0.03138 0.0853022 0.0935172
0.5249 0.070801 0.0915028 0.0668187 0.0941394 0.0971558 0.0546823
0.535729 0.281862 0.00545504 0.0415848 0.101092 9.9991E-05 0.0341773
0.572752 0.300495 9.9973E-05 0.075619 9.9973E-05 0.0508342 9.9973E-05
0.549061 0.450375 9.9964E-05 9.9964E-05 9.9964E-05 0.000164383 9.9964E-05
0.56218 0.142461 0.125583 0.0747665 0.0948091 9.9982E-05 9.9982E-05
0.692223 0.212374 0.0747915 0.00789821 0.0125128 9.9982E-05 9.9982E-05
0.589149 0.199919 0.0640543 9.9982E-05 0.116094 9.9982E-05 0.0305837
0.595444 0.319842 9.9973E-05 0.0290371 0.0553779 9.9973E-05 9.9973E-05
0.700788 0.192529 0.00790516 0.0285255 0.0116532 0.0584988 9.9991E-05
0.63121 0.0819022 0.125218 0.054997 0.00577519 0.100797 9.9991E-05
0.543529 0.280095 9.9991E-05 0.0108476 0.0931126 0.0502958 0.0220202
0.562956 0.144617 9.9982E-05 0.186735 9.9982E-05 0.0889291 0.0165622
0.536688 0.16978 9.9991E-05 0.114423 0.0611142 0.111427 0.00646806
0.40907 0.226716 0.0943538 0.256429 9.9982E-05 9.9982E-05 0.0132318
0.536592 0.285575 9.9991E-05 0.00199542 0.00513176 0.144433 0.0261728
0.715989 0.0973102 9.9973E-05 0.133686 9.9973E-05 0.0527153 9.9973E-05
0.209252 0.335094 0.00517818 0.0714248 0.272618 0.0655041 0.0409285
0.165849 0.287697 0.0525809 0.353277 0.0759609 0.0645353 9.9991E-05
0.473841 0.166082 0.0807424 0.0718528 0.123637 0.0611692 0.0226757
0.124999 0.297395 9.9991E-05 0.398433 0.16509 0.00798238 0.00600044
0.344652 0.43833 0.0398854 0.0175347 0.148043 9.9991E-05 0.0114545
0.479787 0.286636 0.0419539 0.0349837 0.156439 9.9982E-05 9.9982E-05
0.314673 0.460338 9.9973E-05 9.9973E-05 0.163022 9.9973E-05 0.0616677
0.292114 0.50878 0.0113608 0.0806757 0.106869 9.9982E-05 9.9982E-05
0.732954 0.0998776 0.0194252 0.0125209 0.0812833 0.0304615 0.0234777
0.527437 0.109226 0.112992 0.0275623 0.135891 0.0867925 9.9991E-05
0.51523 0.225755 9.9982E-05 9.9982E-05 0.156444 0.066355 0.0360163
0.0794304 0.387033 9.9982E-05 0.275227 0.173477 0.0846332 9.9982E-05
0.529131 0.105786 0.197699 0.100731 0.0300072 9.9991E-05 0.0365464
0.506538 0.0673019 0.0365964 0.224753 0.150271 0.0144401 9.9991E-05
0.0358174 0.148171 0.111575 0.542463 0.149429 9.9991E-05 0.0124443
0.654763 9.9973E-05 0.14482 0.121819 0.0782983 9.9973E-05 9.9973E-05
0.335315 9.9982E-05 0.0853567 0.281046 0.254994 0.0430882 9.9982E-05
0.55509 0.0555272 0.100019 0.193592 0.0321262 0.0476215 0.0160249
0.259475 0.117432 0.0862114 0.40582 0.0695186 0.0173466 0.0441971
0.197724 0.212439 0.0483559 0.489704 0.0327772 9.9991E-05 0.0188997
0.477643 0.16327 9.9982E-05 0.262045 0.0875637 9.9982E-05 0.00927861
0.433748 0.0689961 0.133261 0.111095 0.162719 0.0900807 9.9991E-05
0.354694 0.0867122 0.123604 0.150652 0.0922447 0.17404 0.0180527
9.9982E-05 0.0830509 0.0775462 0.37038 0.293264 0.175559 9.9982E-05
0.453368 0.0854786 0.141791 0.231131 9.9991E-05 0.0745573 0.0135743
0.420008 0.0914619 9.9973E-05 0.27362 0.21461 9.9973E-05 9.9973E-05
0.541628 0.0892894 9.99796E-05 0.2238 0.144983 9.99796E-05 9.99796E-05
0.569812 0.0139956 0.0975879 0.166399 0.107909 0.026186 0.0181105
0.120851 0.0343893 0.33001 0.183345 0.0494011 0.266639 0.0153644
9.9964E-05 9.9964E-05 0.50437 0.3602 9.9964E-05 0.13503 9.9964E-05
9.9973E-05 9.9973E-05 0.413055 0.409825 9.9973E-05 0.153343 0.0234778
0.0267658 0.0290414 0.348077 0.236248 9.9991E-05 0.339756 0.0200123
0.678633 9.9973E-05 9.9973E-05 0.244785 0.0574241 9.9973E-05 0.0188587
0.645084 9.9991E-05 0.0637217 0.182376 0.0825183 0.00522531 0.0209749
0.307817 9.99705E-05 9.99705E-05 9.99705E-05 9.99705E-05 0.68587 0.00591276
0.386475 0.0527824 0.00491585 9.9991E-05 0.126489 0.38494 0.0442975
0.354614 0.134416 0.0504922 0.0189382 9.9991E-05 0.402114 0.0393257
0.336669 9.9973E-05 9.9973E-05 0.549818 0.0843336 9.9973E-05 0.0288794
0.460153 0.0630726 9.9991E-05 0.280981 0.0558438 0.108434 0.0314152
0.278501 0.0228496 9.9973E-05 0.687188 9.9973E-05 9.9973E-05 0.0111616
0.655744 0.0312886 0.0175656 0.253926 0.0412761 9.9982E-05 9.9982E-05
0.459226 0.092202 0.0336744 0.305526 0.0468439 0.0624276 9.9991E-05
0.662738 0.0491617 0.0133942 0.245452 0.0290542 9.9982E-05 9.9982E-05
0.213717 0.0694872 9.9973E-05 0.562021 0.154475 9.9973E-05 9.9973E-05
0.624637 0.0369472 9.9991E-05 0.157511 0.100875 0.0706246 0.00930557
0.586351 0.0393457 0.0202665 0.269987 0.00228285 0.081667 9.9991E-05
9.9955E-05 9.9955E-05 9.9955E-05 0.0463982 9.9955E-05 0.953102 9.9955E-05
0.0873491 0.0182681 9.9964E-05 9.9964E-05 9.9964E-05 0.893983 9.9964E-05
0.291495 0.0211091 0.0629285 9.9982E-05 0.0728054 0.551462 9.9982E-05
0.302543 9.9964E-05 9.9964E-05 9.9964E-05 0.0211861 0.675872 9.9964E-05
0.123949 9.9973E-05 0.0214722 9.9973E-05 0.0542357 0.800043 9.9973E-05
9.995E-05 9.995E-05 9.995E-05 9.995E-05 9.995E-05 0.9994 9.995E-05
9.9973E-05 0.0179733 0.0116608 0.0144817 9.9973E-05 0.955584 9.9973E-05
0.215998 9.9955E-05 9.9955E-05 9.9955E-05 9.9955E-05 0.783502 9.9955E-05
9.9955E-05 0.0235348 9.9955E-05 9.9955E-05 9.9955E-05 0.975965 9.9955E-05
9.995E-05 9.995E-05 9.995E-05 9.995E-05 9.995E-05 0.9994 9.995E-05
9.9955E-05 9.9955E-05 9.9955E-05 9.9955E-05 9.9955E-05 0.994745 0.00475538
0.164276 0.000233922 9.9973E-05 9.9973E-05 9.9973E-05 0.742503 0.0926875
0.0579126 0.0341135 0.0855694 9.9991E-05 0.0258762 0.781218 0.0152102
9.9964E-05 9.9964E-05 9.9964E-05 9.9964E-05 0.00926172 0.968364 0.0219746
0.344811 0.0980575 0.102529 0.0401054 0.0190229 0.395374 9.9991E-05
0.140331 0.102587 0.0847234 9.9991E-05 0.0124835 0.636685 0.0230903
0.113981 0.0518369 9.9973E-05 9.9973E-05 9.9973E-05 0.761385 0.0724978
0.0794601 9.9964E-05 9.9964E-05 9.9964E-05 9.9964E-05 0.911269 0.00887061
0.00770325 9.9955E-05 9.9955E-05 9.9955E-05 9.9955E-05 0.991797 9.9955E-05
0.0941701 9.9973E-05 0.0405655 9.9973E-05 9.9973E-05 0.862181 0.00278307
9.995E-05 9.995E-05 9.995E-05 9.995E-05 9.995E-05 0.9994 9.995E-05
0.193583 0.0965539 0.0891603 9.9982E-05 9.9982E-05 0.619208 0.00129509
0.0247752 0.00885373 0.017883 9.9982E-05 0.0686695 0.879619 9.9982E-05
9.9973E-05 9.9973E-05 0.314771 0.616058 0.0266673 0.0422035 9.9973E-05
0.378697 0.11561 0.164176 0.182384 0.0464286 0.0702703 0.0424339
0.441744 9.9982E-05 0.228009 0.215982 9.9982E-05 0.0845362 0.029529
0.16389 9.9991E-05 0.128296 0.467073 0.0378503 0.131832 0.070958
0.418971 9.9991E-05 0.110234 0.214159 0.0371122 0.204488 0.0149357
0.191099 9.9991E-05 0.189117 0.386212 0.0604635 0.0949186 0.0780906
0.516898 0.0528802 0.202417 0.143637 9.9991E-05 0.0455585 0.0385091
0.341796 9.9973E-05 0.137556 0.36937 9.9973E-05 0.150977 9.9973E-05
0.521886 9.9991E-05 0.104557 0.210124 0.0125864 0.0962332 0.0545139
0.336943 9.9982E-05 0.161495 0.306338 9.9982E-05 0.157796 0.0372292
0.418002 0.116519 0.154937 0.120382 0.0424137 0.0859268 0.0618198
0.0448006 0.0785824 0.823687 0.0496861 0.00304433 9.9982E-05 9.9982E-05
0.00842177 9.9982E-05 0.897686 0.010268 9.9982E-05 0.0424097 0.0410141
9.9973E-05 0.022482 0.904003 9.9973E-05 0.0262782 9.9973E-05 0.046937
0.0151807 0.0665763 0.884308 9.9973E-05 9.9973E-05 9.9973E-05 0.0336352
9.9973E-05 0.0250911 0.783503 9.9973E-05 9.9973E-05 0.0696142 0.121492
9.9973E-05 9.9973E-05 0.797145 9.9973E-05 0.0413154 0.0519983 0.109242
0.0268129 9.9973E-05 0.846152 9.9973E-05 9.9973E-05 0.0517051 0.0750299
0.00256735 9.9991E-05 0.896244 0.0472301 0.0266591 0.0192325 0.0079673
0.0235022 0.0305605 0.88209 9.9982E-05 9.9982E-05 0.0509417 0.0127053
9.9982E-05 0.0187996 0.829502 0.041912 9.9982E-05 0.108785 0.000802357
9.9982E-05 0.284164 0.592586 0.0140434 0.0603731 9.9982E-05 0.0486329
9.9973E-05 0.319633 0.53146 9.9973E-05 0.100337 9.9973E-05 0.0482697
9.9973E-05 0.302198 0.466268 0.193473 9.9973E-05 9.9973E-05 0.0377616
9.9973E-05 0.346491 0.503303 0.0508243 0.0990814 9.9973E-05 9.9973E-05
0.523888 0.20053 0.0696941 9.9982E-05 0.200898 9.9982E-05 0.00478928
0.504863 0.151289 0.00775855 9.9991E-05 0.229214 0.0790397 0.0277356
0.518466 0.144841 0.0383832 0.0190664 0.215437 0.0637066 9.9991E-05
0.357192 0.239504 0.00611185 0.0511934 0.303018 9.9991E-05 0.0428804
0.171099 0.686648 9.9973E-05 0.00221644 0.139737 9.9973E-05 9.9973E-05
0.528424 9.9991E-05 0.0271601 0.0198571 0.29874 0.112464 0.0132548
0.550275 0.0854128 9.9973E-05 9.9973E-05 0.328061 0.035951 9.9973E-05
0.457096 0.0860906 9.9982E-05 0.0644367 0.327899 0.0642779 9.9982E-05
0.352573 0.0329762 9.9982E-05 0.0429428 0.569322 0.00198569 9.9982E-05
0.576288 0.135752 0.0494156 9.9982E-05 0.166247 0.0720969 9.9982E-05
0.412368 0.128217 9.9991E-05 0.01066 0.396212 0.0324877 0.0199552
9.9964E-05 0.0744109 9.9964E-05 0.201841 0.723349 9.9964E-05 9.9964E-05
0.546278 0.122658 0.0611762 0.0835465 0.150851 9.9991E-05 0.0353901
0.199692 0.00564443 0.0220016 0.208017 0.56163 0.0029145 9.9991E-05
0.433367 9.9991E-05 0.0384227 0.00903507 0.470365 0.00875292 0.0399567
0.0435342 0.235905 0.0456269 9.9973E-05 0.674634 9.9973E-05 9.9973E-05
0.0531075 0.734969 0.115406 0.0962176 9.9973E-05 9.9973E-05 9.9973E-05
0.0755479 0.721243 0.100278 0.102631 9.9973E-05 9.9973E-05 9.9973E-05
9.9964E-05 0.821663 0.0192154 0.158722 9.9964E-05 9.9964E-05 9.9964E-05
9.9964E-05 0.862723 0.101499 0.0353785 9.9964E-05 9.9964E-05 9.9964E-05
0.0242515 0.870396 9.9982E-05 0.052939 9.9982E-05 0.048852 0.00336134
0.123992 0.754471 0.11459 0.00664692 9.9973E-05 9.9973E-05 9.9973E-05
0.056347 9.9982E-05 0.783206 9.9982E-05 0.00730073 0.0802138 0.072732
0.0849235 0.048785 0.798204 9.9982E-05 9.9982E-05 0.0439326 0.0239545
0.105095 9.9973E-05 0.709405 9.9973E-05 9.9973E-05 0.147465 0.0377356
0.00931999 0.0962768 0.697035 9.9982E-05 9.9982E-05 0.155054 0.0421142
0.069968 0.041885 0.788287 9.9982E-05 9.9982E-05 0.0706207 0.0290396
9.9973E-05 0.47833 0.397812 0.0690174 0.0545407 9.9973E-05 9.9973E-05
9.9973E-05 0.419916 0.451834 0.0985329 0.0294175 9.9973E-05 9.9973E-05
9.9982E-05 0.429371 0.443914 0.0604502 0.0529635 9.9982E-05 0.0131009
9.995E-05 9.995E-05 9.995E-05 9.995E-05 9.995E-05 9.995E-05 0.9994
9.9982E-05 0.439608 0.365568 0.11532 0.0744446 9.9982E-05 0.00485928
0.261165 9.9973E-05 0.181443 0.209939 9.9973E-05 0.347153 9.9973E-05
0.534281 0.0900911 0.129157 9.9991E-05 0.0214613 0.208956 0.0159536
0.46518 9.9973E-05 0.205005 9.9973E-05 9.9973E-05 0.281249 0.0482665
0.389079 9.9991E-05 0.251925 0.0568705 0.0885228 0.210784 0.00271911
0.357065 0.0957925 0.0822904 9.9991E-05 0.132297 0.22095 0.111506
9.9964E-05 9.9964E-05 0.448796 0.236636 9.9964E-05 0.314168 9.9964E-05
0.508684 0.387955 9.9964E-05 9.9964E-05 0.102961 9.9964E-05 9.9964E-05
0.369445 0.22504 0.0408066 0.274351 0.0897689 9.9991E-05 0.000489096
0.297317 0.538187 0.0188655 9.9982E-05 0.0717879 9.9982E-05 0.0736426
0.539141 0.173027 9.9973E-05 0.152521 0.135011 9.9973E-05 9.9973E-05
9.9964E-05 0.186374 9.9964E-05 0.606558 0.206668 9.9964E-05 9.9964E-05
0.50427 0.11616 0.0549787 0.16273 0.0674362 0.0720144 0.022411
0.559568 0.202163 0.00952679 0.186695 0.0211662 9.9991E-05 0.0207818
0.332866 0.417759 0.057395 0.00905416 0.140534 9.9991E-05 0.0422909
0.551033 0.139439 0.143054 0.0783385 0.0792673 0.00876842 9.9991E-05
0.152848 0.302944 9.9973E-05 0.381392 0.162516 9.9973E-05 9.9973E-05
0.496536 0.119538 0.0377517 0.214832 0.0932529 0.0153448 0.0227449
0.515667 0.271269 9.9991E-05 0.00281635 0.147573 0.0305107 0.032064
0.294807 0.0788394 0.147768 9.9982E-05 0.264433 0.213952 9.9982E-05
0.394996 0.289533 9.9973E-05 0.27433 0.04084 9.9973E-05 9.9973E-05
0.519673 0.274998 0.000255929 0.13422 0.0706533 9.9982E-05 9.9982E-05
0.52551 0.073145 0.00596432 0.216025 0.121871 0.0573843 9.9991E-05
0.530232 0.159829 0.0168668 0.109589 0.183284 9.9982E-05 9.9982E-05
0.712737 0.166376 9.9991E-05 0.0186672 0.032972 0.0376686 0.0314795
0.590222 0.135739 0.0876032 9.9982E-05 0.125092 0.0611431 9.9982E-05
0.556117 0.170841 0.0439378 0.0422493 0.0593733 0.0850924 0.0423888
0.157547 9.9964E-05 0.778707 9.9964E-05 9.9964E-05 0.063346 9.9964E-05
0.0452424 9.9982E-05 0.847306 9.9982E-05 0.0642434 0.040339 0.00266962
0.0665128 9.9973E-05 0.811486 0.0700196 0.0516821 9.9973E-05 9.9973E-05
0.00626632 0.0291835 0.812474 9.9991E-05 0.0945395 0.0207638 0.0366728
0.137968 9.9973E-05 0.792706 9.9973E-05 9.9973E-05 0.0141939 0.054832
0.182694 0.643613 9.9982E-05 0.058786 0.0519097 0.0627971 9.9982E-05
0.544559 0.206467 9.9991E-05 0.105604 0.0382463 0.100394 0.00462983
0.390863 9.9982E-05 0.254574 0.100152 0.126171 0.128041 9.9982E-05
0.647736 0.208894 0.0258743 9.9991E-05 0.000545557 0.08467 0.03218
0.480608 0.326285 0.0231996 9.9991E-05 0.110141 0.0216322 0.0380346
0.368407 0.322346 9.9982E-05 0.237483 9.9982E-05 0.0239278 0.0476357
0.0220124 0.614409 0.0794961 0.144395 0.0954001 9.9991E-05 0.0441876
0.565394 0.285219 9.9982E-05 0.0916323 0.0256701 0.0318848 9.9982E-05
0.166614 0.513022 0.0718488 0.120276 0.066054 0.0586334 0.003552
0.384451 0.216195 0.0340735 0.0619163 0.207234 0.0960299 9.9991E-05
0.0919983 0.52932 0.118165 0.0407337 0.15455 0.0651329 9.9991E-05
0.643455 0.202174 0.0876279 9.9991E-05 0.0137064 0.0526601 0.000276517
0.23506 0.501872 0.0889046 0.0839542 0.0887352 9.9991E-05 0.00137497
0.250113 0.365015 9.9982E-05 0.122466 0.145745 0.116461 9.9982E-05
0.548018 0.127338 0.0981277 0.196091 9.9982E-05 9.9982E-05 0.0302254
0.327502 0.178447 9.9964E-05 0.493651 9.9964E-05 9.9964E-05 9.9964E-05
0.580672 0.131913 0.0430327 0.147488 0.0602314 0.0365642 9.9991E-05
0.550195 0.0257038 0.0762842 0.119799 0.149768 0.0781504 9.9991E-05
0.360462 0.103163 9.9973E-05 0.482968 0.0531061 9.9973E-05 9.9973E-05
0.557201 0.0120342 0.0874105 0.0913087 0.135152 0.0654676 0.0514256
0.550919 9.9982E-05 0.0467096 0.252761 0.124322 9.9982E-05 0.025088
0.161731 0.0782602 9.9973E-05 0.591978 0.16773 9.9973E-05 9.9973E-05
0.30626 0.0316666 9.9973E-05 0.633651 0.0281216 9.9973E-05 9.9973E-05
0.596556 0.157516 0.0144855 0.231142 9.9973E-05 9.9973E-05 9.9973E-05
0.160652 0.146771 9.9973E-05 0.528725 0.163552 9.9973E-05 9.9973E-05
0.461619 0.125728 9.9973E-05 0.339104 0.0732495 9.9973E-05 9.9973E-05
0.103334 0.583196 9.9991E-05 0.0493168 0.186123 0.0570941 0.0208362
0.284448 0.34254 9.9973E-05 0.26217 0.110541 9.9973E-05 9.9973E-05
0.340812 0.403142 0.025431 9.9991E-05 0.125375 0.067391 0.0377488
0.592704 0.237753 0.0346195 9.9991E-05 0.0379185 0.0829713 0.0139334
0.247921 0.550905 9.9982E-05 0.00821476 0.16849 0.0242687 9.9982E-05
0.569511 0.0766426 0.00356717 0.160083 0.0927473 0.0431907 0.0542576
0.601644 0.23955 0.00712702 9.9991E-05 0.00140937 0.0691787 0.0809912
0.490593 0.284447 0.0471047 9.9982E-05 0.138873 0.0387814 9.9982E-05
0.472685 0.242369 0.0278457 0.0679116 0.0578444 0.131245 9.9991E-05
0.50809 0.332484 0.0311658 9.9982E-05 0.10433 9.9982E-05 0.0237299
0.14317 0.557101 9.9973E-05 9.9973E-05 0.150658 0.148772 9.9973E-05
0.304978 0.449916 9.9982E-05 0.018511 0.10582 0.120576 9.9982E-05
0.693721 0.213489 9.9973E-05 0.0224602 0.0700303 9.9973E-05 9.9973E-05
0.598753 0.224124 0.0841108 0.0641288 0.0268222 0.00196108 9.9991E-05
0.417619 0.244866 0.04546 0.159105 0.0653618 0.0397525 0.0278363
0.504 0.300208 9.9973E-05 0.0979124 9.9973E-05 0.0975792 9.9973E-05
0.420736 0.381575 9.9982E-05 0.114854 9.9982E-05 0.0263133 0.056322
0.658502 0.232894 0.0122891 0.00995513 0.0823359 0.00392398 9.9991E-05
0.509902 0.272743 0.0489748 0.00633412 0.0851167 0.0708253 0.00610455
0.634542 0.112555 0.112954 0.0742686 0.0297222 0.0074708 0.0284882
0.43146 0.0233064 0.318183 0.0210675 0.055768 0.102248 0.0479677
0.515083 9.9991E-05 0.119698 0.0776701 0.0710204 0.206254 0.010175
0.321268 0.104109 0.102795 0.131899 0.0601243 0.223968 0.0558371
0.545311 0.0990267 0.0246234 0.0477488 0.0662645 0.173803 0.0432224
0.459076 0.00689948 0.205538 0.0650142 0.0469576 0.153543 0.0629715
0.50612 0.25035 9.9982E-05 0.210201 0.0247161 0.00841228 9.9982E-05
0.546876 0.151736 0.114534 0.00429846 0.0649861 0.114368 0.00320193
9.9982E-05 0.0147833 0.23196 0.49363 0.0922118 0.167215 9.9982E-05
0.517581 0.13473 0.0620286 0.0627309 9.9991E-05 0.161509 0.0613203
0.624139 0.0352522 0.0636677 0.128707 9.9991E-05 0.110196 0.0379383
0.391402 0.0756509 0.0426713 0.0715557 0.0935106 0.272843 0.0523669
0.319813 0.141125 0.182322 0.187006 0.0196054 0.131193 0.018935
0.60552 9.9991E-05 0.0797456 0.139011 0.0184958 0.130749 0.0263787
0.511195 0.0331226 0.118668 0.118437 9.9991E-05 0.217943 0.000533301
9.9973E-05 9.9973E-05 0.392931 0.331296 9.9973E-05 0.201577 0.0738963
0.3747 0.0655654 0.0621545 0.0421339 0.0784083 0.319439 0.0575994
0.487838 9.9991E-05 0.0324587 0.0863179 0.000133948 0.296898 0.0962534
0.536583 0.024271 0.118639 0.021979 0.124928 0.165727 0.00787242
0.639515 9.9982E-05 0.159479 0.0517474 9.9982E-05 0.135609 0.013449
0.440066 0.0602045 0.196558 0.062674 0.0420773 0.193448 0.00497199
0.501249 0.0678031 9.9991E-05 0.316935 0.0370677 0.0272488 0.0495964
0.560405 0.0172531 0.0357673 0.212173 0.0794283 0.0652677 0.0297054
0.0678371 0.109522 9.9973E-05 0.569512 0.252829 9.9973E-05 9.9973E-05
0.0399521 0.0885001 9.9973E-05 0.669713 0.201535 9.9973E-05 9.9973E-05
0.541268 0.112043 0.0488648 0.17411 0.0337536 0.0645536 0.0254062
0.419499 0.0105999 0.107506 0.149428 9.9982E-05 0.312767 9.9982E-05
0.273129 9.9991E-05 0.0979252 0.228235 0.041721 0.346354 0.0125363
0.147744 9.9982E-05 0.19949 0.318719 0.0275543 0.306293 9.9982E-05
0.389444 0.00677753 0.124573 0.171262 9.9991E-05 0.228613 0.0792305
0.152547 9.9982E-05 0.0614888 0.614299 0.10393 0.067535 9.9982E-05
0.212923 9.9991E-05 0.0289674 0.598458 0.0221478 0.0792584 0.0581452
0.515877 9.9982E-05 9.9982E-05 0.148762 0.173849 0.133778 0.0275338
0.47513 9.9982E-05 0.00937671 0.3156 0.0797278 0.119966 9.9982E-05
0.332347 9.9991E-05 0.0355842 0.544329 0.00264426 0.0331085 0.0518862
0.560974 0.0627743 0.0563048 0.177066 0.0808644 0.0619165 9.9991E-05
0.59125 9.9982E-05 9.9982E-05 0.245431 0.0376545 0.0859919 0.0394728
0.456322 9.9982E-05 0.161692 0.0807519 0.172068 0.128966 9.9982E-05
0.314374 0.0721979 9.9982E-05 0.406962 0.19762 9.9982E-05 0.00864542
0.369951 0.0574338 9.9991E-05 0.330541 0.191527 0.00693661 0.0435113
0.464323 0.135264 0.0266883 0.223459 0.0398633 0.109114 0.00128787
0.406942 0.15104 9.99963E-05 0.321309 0.0439338 0.0168074 0.0598682
0.45851 0.0823023 0.0682769 0.242565 0.0707147 0.077531 9.9991E-05
0.497489 0.00641796 9.9982E-05 0.394468 0.0877671 9.9982E-05 0.0136578
0.310507 0.0814098 9.9973E-05 0.546259 0.0615242 9.9973E-05 9.9973E-05
0.660903 9.9973E-05 9.9973E-05 0.237863 0.100607 9.9973E-05 0.000327519
0.559013 0.104623 0.043623 0.173948 9.9991E-05 0.0497528 0.0689398
0.25851 0.0719221 9.9973E-05 0.441116 0.228152 9.9973E-05 9.9973E-05
0.466469 9.9973E-05 9.9973E-05 0.35859 0.154369 9.9973E-05 0.0202723
0.604528 0.049902 0.0253725 0.0882852 0.0812269 0.0572361 0.0934488
0.543486 0.0422756 9.9982E-05 0.187849 0.188137 9.9982E-05 0.0380521
0.419132 9.9973E-05 0.155648 0.175775 9.9973E-05 0.249145 9.9973E-05
0.361217 0.0417147 0.132263 0.15669 0.0910086 0.195047 0.0220599
0.343794 0.00331083 0.0724904 0.211952 0.0465248 0.289903 0.0320246
0.251894 0.127034 0.183542 0.128297 9.9991E-05 0.229964 0.0791684
0.486173 0.130293 0.185134 9.9991E-05 0.0158086 0.174015 0.00847693
0.412073 0.0569719 0.080169 0.131074 0.11055 0.141371 0.0677907
0.0209773 0.0355835 0.113551 0.569183 0.0684919 0.15123 0.0409828
0.564415 0.0428527 0.0505143 0.0945986 9.9982E-05 0.247419 9.9982E-05
9.9973E-05 9.9973E-05 0.339285 0.526314 9.9973E-05 0.122318 0.0117827
0.562926 9.9982E-05 0.0211962 0.177412 0.0323248 0.205942 9.9982E-05
0.166929 9.9964E-05 9.9964E-05 0.539092 0.293579 9.9964E-05 9.9964E-05
9.9964E-05 0.0385537 9.9964E-05 0.64869 0.312356 9.9964E-05 9.9964E-05
0.507206 0.0377851 9.9982E-05 0.305107 0.147645 9.9982E-05 0.00205716
0.695828 9.9973E-05 9.9973E-05 0.193163 0.0898301 9.9973E-05 0.020879
0.473094 0.0360464 9.9973E-05 0.308615 0.181945 9.9973E-05 9.9973E-05
0.504937 9.9982E-05 9.9982E-05 0.182455 0.27729 0.0105032 0.0246147
0.5972 0.000894492 9.9973E-05 0.274069 0.127536 9.9973E-05 9.9973E-05
0.0513134 0.0107478 0.743969 0.0730265 0.00184244 0.0515667 0.0675342
9.9991E-05 0.116578 0.662723 0.0256866 0.0360335 0.142898 0.0159808
9.9973E-05 0.0546997 0.83951 9.9973E-05 9.9973E-05 0.0658901 0.0395999
0.0284114 9.9973E-05 0.79191 0.018194 9.9973E-05 9.9973E-05 0.161185
0.400732 0.016451 0.0536315 0.0452567 0.382009 0.0681736 0.0337463
0.555409 9.9982E-05 0.10306 9.9982E-05 0.302334 0.0313722 0.00762373
0.46425 0.0285045 9.9973E-05 9.9973E-05 0.46014 9.9973E-05 0.0468058
0.433238 9.9982E-05 0.077121 9.9982E-05 0.3343 0.0335161 0.121625
0.506144 0.126283 0.0588388 0.0552866 0.171982 0.0687747 0.0126913
0.24192 0.0463947 0.0555424 0.1029 0.553043 9.9982E-05 9.9982E-05
0.598078 9.9982E-05 0.0143836 0.0258022 0.339498 9.9982E-05 0.0220374
0.311908 9.9973E-05 9.9973E-05 0.117064 0.550327 9.9973E-05 0.0204017
0.426284 0.0780271 0.258888 0.0279235 9.9982E-05 0.208677 9.9982E-05
0.400807 0.0703803 9.9982E-05 0.179482 0.286822 0.0623087 9.9982E-05
0.300669 0.12227 9.9982E-05 9.9982E-05 0.5236 0.0217923 0.0314691
0.59735 0.0579877 9.9964E-05 9.9964E-05 0.344262 9.9964E-05 9.9964E-05
0.404405 0.0199999 0.0334961 9.9973E-05 0.541799 9.9973E-05 9.9973E-05
0.6208 9.9973E-05 9.9973E-05 0.0160808 0.359629 9.9973E-05 0.00319031
0.548095 0.0625968 0.0421246 9.9991E-05 0.29578 0.0470781 0.00422548
0.0228034 9.9973E-05 9.9973E-05 0.0432742 0.932297 9.9973E-05 0.00132553
0.159232 9.9991E-05 0.0129618 0.134554 0.59358 0.0701679 0.0294037
0.241107 9.9982E-05 9.9982E-05 0.0618172 0.623784 0.0238284 0.0492638
9.9955E-05 9.9955E-05 9.9955E-05 0.235756 0.763744 9.9955E-05 9.9955E-05
0.39404 0.132527 9.9973E-05 9.9973E-05 0.434248 9.9973E-05 0.0388851
0.0442016 9.9973E-05 9.9973E-05 0.283962 0.653426 0.0181104 9.9973E-05
9.9955E-05 9.9955E-05 9.9955E-05 0.240515 0.758985 9.9955E-05 9.9955E-05
0.601743 9.9982E-05 0.020605 9.9982E-05 0.316592 0.00454725 0.056313
0.0314819 0.119835 0.0394383 9.9991E-05 0.725185 0.0781856 0.00577422
0.4125 0.128492 0.00955657 9.9991E-05 0.387917 0.0545055 0.00692862
0.472912 0.0488332 0.00863204 0.0472878 0.223704 0.168988 0.0296431
0.473883 0.0529631 0.00756236 0.0159961 0.403554 0.0459413 9.9991E-05
0.413498 0.219579 9.9991E-05 0.241016 0.0770717 0.0323295 0.016406
0.554514 0.0295692 0.00339146 0.0304109 0.345884 0.0228732 0.0133568
0.434405 0.116093 9.9991E-05 0.000680508 0.353763 0.0527556 0.0422031
0.26427 9.9973E-05 9.9973E-05 0.0923478 0.615935 0.0271473 9.9973E-05
0.52661 0.0313341 0.0383964 0.0937341 0.208448 0.0500874 0.0513905
9.9982E-05 0.26682 0.610095 0.0799709 9.9982E-05 0.00976083 0.0331536
0.0471763 0.102192 0.730453 0.0402506 0.0289507 9.9991E-05 0.0508774
9.9973E-05 0.149901 0.711366 0.0573296 9.9973E-05 9.9973E-05 0.0811036
9.9982E-05 0.132874 0.753822 0.0359353 0.00336189 9.9982E-05 0.0738068
0.0134665 0.201429 0.685678 0.0305936 0.029442 9.9991E-05 0.0392913
0.0248334 0.152756 0.0629226 9.9982E-05 0.693863 0.0654243 9.9982E-05
0.0942949 0.105237 0.0658823 9.9982E-05 0.717529 9.9982E-05 0.0168573
0.0650656 9.9973E-05 9.9973E-05 0.123643 0.778377 0.0326148 9.9973E-05
0.57946 9.9991E-05 0.0707302 0.0899587 0.101341 0.110142 0.0482682
0.569503 0.0372912 0.0551623 0.00861528 0.206204 0.078024 0.0451999
0.346576 9.9982E-05 0.0325598 0.0819431 0.525576 9.9982E-05 0.0131457
0.632937 9.9982E-05 0.005507 0.0800844 0.253965 0.0273064 9.9982E-05
0.378184 9.9973E-05 0.0766669 0.0712323 0.473617 9.9973E-05 9.9973E-05
0.623247 0.0667131 0.0606291 9.9973E-05 0.249111 9.9973E-05 9.9973E-05
0.599966 0.0776807 9.9982E-05 0.0118326 0.273892 0.0364286 9.9982E-05
0.161856 0.102454 9.9982E-05 0.0755184 0.586646 0.0733256 9.9982E-05
0.362184 0.0412954 0.0216781 9.9982E-05 0.556404 9.9982E-05 0.0182389
0.31774 0.162261 9.9973E-05 9.9973E-05 0.512204 9.9973E-05 0.00749523
0.636622 0.0965021 0.0364019 0.20801 0.0222644 9.9982E-05 9.9982E-05
0.37375 9.9964E-05 9.9964E-05 9.9964E-05 0.592324 9.9964E-05 0.0335255
0.483239 0.10825 0.0501032 9.9982E-05 0.353067 0.00514082 9.9982E-05
0.400012 0.0131585 9.9991E-05 0.00697732 0.0320885 0.485818 0.0618464
0.263246 0.053111 9.9991E-05 0.0977517 0.059957 0.446577 0.0792568
0.422781 9.9973E-05 0.0883103 0.04166 9.9973E-05 0.446948 9.9973E-05
0.216664 9.9991E-05 0.11208 0.0915111 0.0556762 0.480557 0.0434116
0.451421 0.0226278 0.134458 0.025855 9.9991E-05 0.325079 0.0404589
0.558359 9.9982E-05 9.9982E-05 0.11152 0.282333 0.0331023 0.0144864
0.0344191 9.9982E-05 0.238417 0.0603514 9.9982E-05 0.652876 0.0137365
0.240951 9.9982E-05 0.124904 0.0724478 0.0446932 0.516803 9.9982E-05
0.40316 0.012976 0.106982 0.136683 0.105197 0.223619 0.0113827
0.590782 0.0179786 0.091897 0.232473 9.9982E-05 9.9982E-05 0.0666688
0.450231 0.0441867 0.16924 0.260243 0.0376266 9.9991E-05 0.0383722
0.639961 0.0515861 0.0730873 0.145539 0.056063 0.0336643 9.9991E-05
0.621584 9.9982E-05 0.107796 0.103916 0.12648 9.9982E-05 0.0400239
0.31221 9.9973E-05 0.192642 9.9973E-05 9.9973E-05 0.447987 0.0468609
0.327271 0.0466093 0.119104 9.9991E-05 0.0703755 0.407175 0.0293653
0.409278 9.9982E-05 0.0887054 0.0271134 9.9982E-05 0.466562 0.00814097
0.416637 9.9991E-05 0.0758353 0.0979958 0.0739291 0.315206 0.0202965
0.300164 9.9982E-05 0.101487 0.0233635 9.9982E-05 0.551193 0.0235928
0.338954 0.0913941 0.117391 0.0219922 0.0430388 0.35453 0.0326997
0.196967 9.9982E-05 0.118955 0.0931654 9.9982E-05 0.571267 0.0194457
0.320507 0.0971172 0.0732369 0.0265911 9.9991E-05 0.462613 0.0198345
0.629128 9.9982E-05 0.0886146 0.253182 0.01111 9.9982E-05 0.0177648
0.327153 0.0715902 0.0856283 0.0657928 9.9991E-05 0.427206 0.0225293
0.177726 9.9982E-05 0.159668 0.0308281 9.9982E-05 0.631265 0.000312932
0.291417 0.0163626 0.137771 0.112728 0.0522495 0.3752 0.0142723
0.185664 0.245842 0.168273 0.243643 0.134706 0.0102423 0.0116293
0.622613 0.040739 9.9991E-05 0.161479 0.0540666 0.061591 0.0594114
0.219085 0.112432 0.104927 0.0438046 0.0832394 0.436413 9.9991E-05
0.614357 0.0711999 0.138208 0.106971 9.9991E-05 0.0189253 0.0502388
0.504712 0.0319009 0.150541 0.146981 0.131159 9.9991E-05 0.0346062
0.32043 9.9991E-05 0.12823 0.0919966 0.164193 0.251795 0.0432544
0.357273 9.9973E-05 0.183607 0.162166 9.9973E-05 0.296654 9.9973E-05
0.538231 0.0909666 0.0393735 0.0913915 0.0392594 0.0673759 0.133402
0.340472 9.9982E-05 0.114696 9.9982E-05 0.110102 0.405244 0.0292865
0.363143 0.0215024 0.0709667 0.0409035 9.9991E-05 0.475067 0.0283174
0.1177 9.9991E-05 0.222084 0.0201601 0.025719 0.606178 0.00805887
0.572706 0.147689 0.0625335 0.140062 0.00406588 0.0334326 0.0395107
0.445026 0.079506 0.14979 0.19478 0.112346 9.9991E-05 0.0184516
0.230003 0.0290303 0.0731092 0.589615 9.9982E-05 9.9982E-05 0.0780429
0.643614 0.0734946 0.155098 0.103193 9.9982E-05 9.9982E-05 0.0244004
0.369109 0.263301 0.0522412 0.176999 9.9982E-05 0.13815 9.9982E-05
0.489489 0.0129237 0.176321 0.126674 0.0533746 0.0921855 0.0490316
0.407054 0.0614588 0.00787863 0.269531 0.0462451 0.157635 0.0501979
9.9964E-05 9.9964E-05 0.282552 0.54641 9.9964E-05 0.170638 9.9964E-05
9.9973E-05 9.9973E-05 0.229487 0.608765 9.9973E-05 0.0823857 0.0790617
0.321421 0.0490616 0.0979766 0.404214 9.9991E-05 0.102416 0.0248104
9.9973E-05 9.9973E-05 0.287232 0.433219 9.9973E-05 0.230954 0.0482952
9.9973E-05 9.9973E-05 0.357848 0.365579 9.9973E-05 0.246473 0.0298008
0.266157 9.9991E-05 0.054116 0.426622 0.0451532 0.182843 0.0250086
0.473676 9.9982E-05 0.230995 0.172698 9.9982E-05 0.107662 0.0147687
0.228066 0.00235641 0.277542 0.369306 9.9982E-05 0.122529 9.9982E-05
0.062831 9.9982E-05 0.194098 0.539389 9.9982E-05 0.160459 0.0430236
0.432736 0.000763478 0.147412 0.149167 0.0899238 0.179898 9.9991E-05
0.188746 9.9991E-05 0.105754 0.4861 0.00058145 0.135085 0.0836343
9.9973E-05 9.9973E-05 0.359444 0.544957 9.9973E-05 0.0307135 0.0645855
0.496435 0.00320253 0.194706 0.0830606 9.9991E-05 0.194135 0.0283605
0.32027 0.0216494 0.145395 0.210286 0.0272982 0.238532 0.0365691
0.377689 0.0415706 0.296396 9.9991E-05 0.0244805 0.229576 0.0301875
0.562568 9.9973E-05 0.169783 0.0217929 9.9973E-05 0.245557 9.9973E-05
0.53121 9.9991E-05 0.225173 0.0357397 0.108742 0.0405706 0.0584653
0.510079 9.9982E-05 0.191061 0.0201919 0.108487 0.169982 9.9982E-05
0.460266 0.0191659 0.161742 0.067978 0.0708801 0.219868 9.9991E-05
0.32151 0.0423993 0.333335 0.0686242 9.9991E-05 0.20112 0.0329111
0.581624 0.0392119 0.258529 9.9973E-05 9.9973E-05 0.120335 9.9973E-05
0.408586 0.0396725 0.244903 9.9982E-05 0.00982973 0.296809 9.9982E-05
0.398648 9.9991E-05 0.2236 0.107566 0.00238228 0.198957 0.068747
0.277157 0.156362 0.192438 0.0370991 0.213707 0.119604 0.00363354
0.494467 0.139059 0.0678138 9.9991E-05 0.109584 0.137433 0.051543
0.370194 0.102844 0.0403529 9.9991E-05 0.108992 0.286683 0.0908332
0.553752 0.0740443 0.0730633 9.9991E-05 0.116614 0.175463 0.00696272
0.320108 0.0231746 0.238303 0.108478 9.9991E-05 0.279644 0.0301929
0.594426 9.9973E-05 0.217107 0.044864 9.9973E-05 0.143302 9.9973E-05
0.247386 9.9982E-05 0.406952 0.13901 0.0154018 0.191051 9.9982E-05
0.441452 0.0359339 0.200759 9.9982E-05 0.0262237 0.295432 9.9982E-05
0.235561 9.9982E-05 0.276134 0.21188 9.9982E-05 0.262846 0.0133788
9.9982E-05 0.0962025 0.771028 0.0587259 0.0499001 9.9982E-05 0.0239434
0.0896198 0.781345 0.0961263 9.9982E-05 0.0180408 0.0146684 9.9982E-05
9.9964E-05 0.949994 0.0366712 9.9964E-05 0.0129354 9.9964E-05 9.9964E-05
9.9964E-05 0.950815 0.00060286 9.9964E-05 9.9964E-05 9.9964E-05 0.0481824
0.0273872 0.971306 0.00090669 9.9964E-05 9.9964E-05 9.9964E-05 9.9964E-05
0.020577 0.935999 0.00220241 9.9982E-05 9.9982E-05 0.0333848 0.00763671
0.0389491 0.923852 9.9964E-05 9.9964E-05 9.9964E-05 9.9964E-05 0.0367991
9.9955E-05 0.978741 0.020759 9.9955E-05 9.9955E-05 9.9955E-05 9.9955E-05
0.00410426 0.776747 0.209929 9.9973E-05 9.9973E-05 9.9973E-05 0.00891908
9.9973E-05 9.9973E-05 0.847201 9.9973E-05 0.0353015 0.0386781 0.0785195
0.0131693 0.139012 0.749294 9.9991E-05 0.000124835 0.0472831 0.0510172
0.0535245 0.0169233 0.820848 0.00650847 0.0096425 0.0131639 0.0793892
0.0378921 0.131038 0.790287 9.9973E-05 9.9973E-05 9.9973E-05 0.0404829
0.0306383 0.0422436 0.881338 9.9982E-05 9.9982E-05 0.0299394 0.015641
9.9982E-05 0.0678091 0.863496 0.0195383 9.9982E-05 0.0363771 0.0125791
0.0128973 0.111255 0.680373 9.9982E-05 9.9982E-05 0.136 0.0592747
0.0284956 9.9991E-05 0.818157 0.0132949 0.0115633 0.0567059 0.0716832
0.0115158 0.23233 0.660847 9.9991E-05 0.013 0.0686759 0.0135309
9.9973E-05 9.9973E-05 0.877196 9.9973E-05 0.0187924 0.0805 0.023212
9.9973E-05 0.0318615 0.871667 9.9973E-05 0.0336382 9.9973E-05 0.0625331
9.9982E-05 9.9982E-05 0.764373 0.0588406 0.0378464 0.0776232 0.0611169
0.0139208 0.00367543 0.955092 9.9982E-05 9.9982E-05 0.0204746 0.00663762
0.022775 9.9982E-05 0.832393 0.0254529 9.9982E-05 0.0410907 0.0780882
0.0512612 9.9982E-05 0.800747 9.9982E-05 0.0158097 0.0213292 0.110653
0.110968 9.9973E-05 0.773856 9.9973E-05 9.9973E-05 0.055001 0.0598758
0.0622575 9.9973E-05 0.735444 9.9973E-05 9.9973E-05 0.167224 0.0347748
0.10936 9.9973E-05 0.762784 9.9973E-05 9.9973E-05 0.062538 0.0650181
0.102823 9.9973E-05 0.742879 9.9973E-05 9.9973E-05 0.0891831 0.0648144
0.4451 9.9973E-05 0.179147 0.348126 0.0273274 9.9973E-05 9.9973E-05
0.699229 0.0379858 0.0769122 0.105939 0.0744419 9.9991E-05 0.00539189
0.591163 0.0427639 0.192929 0.0137673 0.0744685 0.0461916 0.0387166
0.165821 0.0326255 0.0133472 0.698688 0.0745524 9.9991E-05 0.0148657
0.583407 0.155798 0.11023 0.150265 9.9973E-05 9.9973E-05 9.9973E-05
0.165167 0.0222855 0.124891 0.687356 9.9973E-05 9.9973E-05 9.9973E-05
0.678025 0.0758411 0.0878524 0.140839 9.9982E-05 9.9982E-05 0.0172426
0.390054 0.170942 0.10667 0.25341 0.0787243 9.9982E-05 9.9982E-05
0.554517 0.0407882 0.0879667 0.240364 0.0596659 0.0101565 0.00654151
0.460615 9.9973E-05 0.0790806 9.9973E-05 0.367458 0.0925458 9.9973E-05
0.481381 0.146515 0.044092 0.272918 0.00199666 9.9991E-05 0.0529974
0.690329 0.00692783 0.0849066 0.215331 0.00230542 9.9982E-05 9.9982E-05
0.615375 0.12955 0.0957052 0.137935 9.9982E-05 9.9982E-05 0.0212357
0.060742 0.434751 9.9991E-05 0.268723 0.17766 0.0260263 0.0319987
9.9973E-05 0.118463 0.0321977 0.841966 0.0070734 9.9973E-05 9.9973E-05
0.202291 0.000218105 0.0337677 0.763424 9.9973E-05 9.9973E-05 9.9973E-05
0.68267 0.0406342 0.038153 0.173231 9.9982E-05 9.9982E-05 0.0651117
0.468634 0.0326816 0.0844503 0.35012 9.9982E-05 0.0639143 9.9982E-05
0.586944 0.00209549 0.113722 0.294498 0.00254126 9.9982E-05 9.9982E-05
