0.058092 9.9982E-05 0.0210689 9.9982E-05 0.0120822 0.0958524 0.00108027 0.806279 0.00534557
0.0404007 9.9964E-05 9.9964E-05 9.9964E-05 0.0746888 0.0165296 9.9964E-05 0.861024 0.00695712
0.041094 9.9973E-05 9.9973E-05 0.0850221 0.0226304 0.0532365 0.0410588 0.756658 9.9973E-05
0.0393701 9.9973E-05 0.0048216 0.000935434 9.9973E-05 0.102077 0.114494 0.738002 9.9973E-05
9.9955E-05 9.9955E-05 9.9955E-05 0.0714446 9.9955E-05 0.0526098 0.0329344 0.842511 9.9955E-05
0.0353298 9.9991E-05 0.0105154 0.0595806 0.097685 0.0832414 0.0461683 0.584592 0.0827872
0.0581698 0.013992 0.0297257 9.9973E-05 9.9973E-05 0.039817 9.9973E-05 0.777554 0.0804416
0.056882 0.0312795 9.9973E-05 9.9973E-05 9.9973E-05 0.125986 0.0300178 0.6691 0.0864348
0.0380985 9.99639E-05 9.99639E-05 9.99639E-05 0.0349348 0.0853584 9.99639E-05 0.773169 0.0680396
0.0410968 0.0565928 9.9982E-05 0.134478 9.9982E-05 0.0356073 0.0284758 0.671122 0.0324283
0.00822565 9.9964E-05 9.9964E-05 9.9964E-05 0.0636345 0.109098 9.9964E-05 0.717214 0.101428
9.9955E-05 9.9955E-05 0.768147 0.153973 0.0691212 9.9955E-05 0.00825837 9.9955E-05 9.9955E-05
0.0446002 9.9964E-05 0.478773 0.461105 9.9964E-05 0.0080327 9.9964E-05 0.00708903 9.9964E-05
0.0571849 0.0468621 0.704488 0.126696 0.0162306 9.9991E-05 0.00784216 0.0323401 0.00825577
0.0303187 9.9973E-05 0.653459 0.157368 9.9973E-05 9.9973E-05 0.130005 0.0153236 0.0132268
9.9964E-05 0.0286503 0.370045 0.390652 9.9964E-05 9.9964E-05 0.0690166 0.141237 9.9964E-05
9.9982E-05 0.0881399 0.165443 0.602266 9.9982E-05 0.0471975 0.0517937 0.0370943 0.0078659
0.0581412 9.9982E-05 0.414304 0.275438 0.145531 0.0135302 0.0921517 0.000704316 9.9982E-05
0.00173634 9.9982E-05 0.579718 0.201614 0.073018 9.9982E-05 0.0555745 0.0839021 0.00423679
0.0120932 9.9964E-05 0.763673 9.9964E-05 9.9964E-05 0.115688 9.9964E-05 0.0234119 0.0847348
0.06074 0.0446661 0.392422 0.314997 0.0685452 0.045438 0.0729911 9.9982E-05 9.9982E-05
0.0218126 0.00906676 0.36669 0.379213 0.0172231 9.9973E-05 9.9973E-05 9.9973E-05 0.205695
0.00116642 0.0353932 0.378602 0.489858 9.9973E-05 9.9973E-05 9.9973E-05 0.092056 0.00262391
0.0173264 9.9964E-05 0.709672 0.165381 0.0351081 9.9964E-05 0.072112 9.9964E-05 9.9964E-05
9.9973E-05 0.0565396 0.178755 0.542737 0.0294143 9.9973E-05 0.0305811 0.161673 9.9973E-05
0.0165209 9.9973E-05 0.460799 0.41741 9.9973E-05 9.9973E-05 0.0990285 0.00546463 0.000477475
0.0463237 9.9946E-05 0.872671 9.9946E-05 9.9946E-05 9.9946E-05 0.0804054 9.9946E-05 9.9946E-05
9.9937E-05 9.9937E-05 0.831657 9.9937E-05 9.9937E-05 9.9937E-05 0.167643 9.9937E-05 9.9937E-05
9.9973E-05 0.018797 0.665066 0.16931 0.0121828 9.9973E-05 9.9973E-05 0.0201914 0.114153
0.999201 9.993E-05 9.993E-05 9.993E-05 9.993E-05 9.993E-05 9.993E-05 9.993E-05 9.993E-05
0.999201 9.993E-05 9.993E-05 9.993E-05 9.993E-05 9.993E-05 9.993E-05 9.993E-05 9.993E-05
0.337929 0.021046 9.9964E-05 0.106577 0.0566414 9.9964E-05 9.9964E-05 0.477406 9.9964E-05
0.281594 9.9973E-05 9.9973E-05 0.102821 0.0539113 9.9973E-05 0.0585663 0.487739 0.0150683
9.9964E-05 9.9964E-05 0.03773 0.518215 0.305914 0.0887086 9.9964E-05 0.0490325 9.9964E-05
9.9955E-05 9.9955E-05 0.0866482 0.559641 0.273771 9.9955E-05 9.9955E-05 0.0794395 9.9955E-05
0.000205256 9.9955E-05 9.9955E-05 0.516227 0.467544 9.9955E-05 0.0155243 9.9955E-05 9.9955E-05
0.0170165 9.9982E-05 0.65531 0.0616227 0.0567809 0.0976826 0.017352 0.094035 9.9982E-05
0.0349411 0.0619461 9.9982E-05 0.232807 0.596646 9.9982E-05 0.0312374 0.000217075 0.0420049
0.0424747 0.0450473 0.169831 0.443691 0.179766 0.0436031 0.0135656 0.0619218 9.9991E-05
0.00947578 0.034594 9.9982E-05 0.576087 0.242812 0.0090855 0.0769693 0.0507756 9.9982E-05
0.0100375 9.9982E-05 0.0251657 0.5636 0.131046 0.116381 9.9982E-05 0.0536507 0.0999186
0.0941783 0.0131907 0.0788499 0.567874 0.127832 0.0105961 0.020972 0.0143514 0.0721564
0.00171731 9.9973E-05 0.174606 0.077161 0.665143 9.9973E-05 0.00878973 9.9973E-05 0.0722831
9.9973E-05 9.9973E-05 0.0541619 0.628213 0.0531806 9.9973E-05 0.00301342 0.0937158 0.167416
9.9982E-05 9.9982E-05 0.00721021 0.513464 0.211998 0.0665575 0.121368 0.0144659 0.0647357
0.0495597 0.0470031 9.9982E-05 0.605798 0.145396 0.0536729 9.9982E-05 0.0784726 0.0198982
0.0162977 9.9955E-05 9.9955E-05 0.271708 0.706475 9.9955E-05 9.9955E-05 9.9955E-05 0.00501901
0.0278766 9.9973E-05 9.9973E-05 0.546913 0.281676 0.0931343 0.0170312 0.0330687 9.9973E-05
0.00757652 0.0586865 0.0142803 0.578753 0.222762 0.0163991 0.00902645 0.0924162 9.9991E-05
9.9946E-05 9.9946E-05 9.9946E-05 9.9946E-05 0.69093 9.9946E-05 9.9946E-05 0.02488 0.28359
9.9964E-05 9.9964E-05 0.376627 0.149283 0.214614 0.178594 9.9964E-05 9.9964E-05 0.0804823
9.9982E-05 0.137597 0.359401 0.0405124 0.149839 0.00236797 0.00810899 9.9982E-05 0.301973
9.9982E-05 0.000313466 0.109797 0.445531 0.137359 0.164482 0.107117 9.9982E-05 0.0352019
0.0295708 0.0307183 0.213162 0.600758 9.9982E-05 9.9982E-05 0.0131352 0.0501627 0.0622929
9.9982E-05 9.9982E-05 0.0653515 0.558169 0.0523768 0.102488 0.0631865 0.0690779 0.0891501
0.0212148 0.0455058 0.2426 0.149811 0.26625 0.147893 9.9991E-05 0.0498555 0.0767697
0.0159366 9.9973E-05 0.21048 0.523391 0.0377117 0.200257 9.9973E-05 9.9973E-05 0.0119243
0.053299 0.0642265 0.106195 0.446235 0.180037 9.9991E-05 0.0832241 0.0367285 0.0299555
0.0533299 0.0466623 0.302231 0.294486 0.137968 0.0248753 0.00640647 0.13394 9.9991E-05
0.0376003 0.0201003 0.488384 0.0524315 0.0265091 0.0456556 0.0269489 0.14644 0.155931
0.101434 0.0308721 0.0877223 0.525252 0.134848 0.0308647 0.00553729 0.0637856 0.019684
0.0358115 0.013163 0.42821 0.36227 9.9991E-05 0.0486273 0.0182765 0.066011 0.0275306
0.0281575 0.0352103 0.611016 9.9982E-05 0.125536 0.132805 9.9982E-05 0.00838327 0.0586919
0.0292043 0.0809544 0.448538 0.368526 0.00849848 0.0278256 0.0101333 9.9991E-05 0.0262201
9.999E-05 0.160366 0.0700927 0.542383 0.0538188 0.090329 0.0422336 0.00884998 0.0318272
0.0810338 9.9982E-05 0.211211 0.486629 0.0426947 9.9982E-05 0.045468 0.026672 0.106091
0.015214 0.0330006 0.345052 0.240106 0.15133 0.0738441 0.0485542 0.0153797 0.0775197
0.0218011 9.9982E-05 0.284649 0.407906 0.128856 0.0031628 0.0397338 9.9982E-05 0.11369
0.0528034 0.0650022 0.0712473 0.5227 0.0542571 0.15041 0.0833808 9.9982E-05 9.9982E-05
0.0351643 0.0645505 0.599655 0.095936 0.0795096 9.9973E-05 9.9973E-05 9.9973E-05 0.124885
0.00106759 0.0612585 9.9964E-05 0.470751 0.436727 9.9964E-05 9.9964E-05 9.9964E-05 0.0297964
0.0416532 9.9955E-05 0.106653 0.195737 0.655457 9.9955E-05 9.9955E-05 9.9955E-05 9.9955E-05
9.9982E-05 0.0574429 0.0125391 0.530288 0.182002 0.04846 9.9982E-05 0.077486 0.0915821
9.9946E-05 0.0068166 9.9946E-05 9.9946E-05 0.84971 9.9946E-05 9.9946E-05 9.9946E-05 0.142873
9.9955E-05 0.0716022 0.098578 9.9955E-05 0.733309 9.9955E-05 9.9955E-05 9.9955E-05 0.0960112
9.9937E-05 9.9937E-05 9.9937E-05 0.206793 0.792507 9.9937E-05 9.9937E-05 9.9937E-05 9.9937E-05
0.0328303 9.9964E-05 0.097123 0.46751 0.364432 0.0377055 9.9964E-05 9.9964E-05 9.9964E-05
9.9964E-05 0.0891319 9.9964E-05 0.596653 0.0636504 9.9964E-05 9.9964E-05 0.148614 0.101551
0.0400594 0.0500968 0.093738 0.40776 0.381797 0.0127242 0.013624 9.9982E-05 9.9982E-05
0.0429014 9.9973E-05 0.0946962 0.0889638 0.646021 0.0643238 0.0627941 9.9973E-05 9.9973E-05
0.0322911 9.9973E-05 0.0731837 0.209694 0.520247 0.129749 9.9973E-05 0.0345352 9.9973E-05
0.0786468 0.116543 9.9982E-05 0.539477 0.149156 0.0404511 0.0583047 0.0172214 9.9982E-05
0.0131633 0.0216004 0.114549 0.269841 0.53576 9.9973E-05 9.9973E-05 0.044786 9.9973E-05
0.0319342 9.9973E-05 0.114445 0.346965 0.430864 9.9973E-05 0.0588759 0.0166167 9.9973E-05
0.00351518 9.9955E-05 9.9955E-05 0.340974 0.620008 9.9955E-05 9.9955E-05 9.9955E-05 0.0350031
9.9964E-05 0.115217 9.9964E-05 9.9964E-05 0.694673 0.0154419 9.9964E-05 0.00805415 0.166215
0.00625352 0.00891948 9.9982E-05 0.529443 0.254603 0.052255 0.0535068 9.9982E-05 0.0948192
0.0489654 9.9964E-05 9.9964E-05 0.112764 9.9964E-05 0.0357973 0.0482158 0.753858 9.9964E-05
0.135696 9.9946E-05 9.9946E-05 0.068386 9.9946E-05 9.9946E-05 9.9946E-05 0.795318 9.9946E-05
0.128334 9.9955E-05 9.9955E-05 0.0676148 9.9955E-05 9.9955E-05 0.0389388 0.764613 9.9955E-05
0.13888 9.9964E-05 9.9964E-05 0.0448013 9.9964E-05 9.9964E-05 0.00219097 0.803038 0.0106899
0.159341 0.00159578 9.9973E-05 0.082898 0.0406265 9.9973E-05 0.0160325 0.699206 9.9973E-05
0.0631371 0.0139253 9.9982E-05 0.0607564 0.00760842 0.026448 0.0247167 0.803208 9.9982E-05
0.0816288 0.0137512 0.0319421 0.0507385 9.9964E-05 9.9964E-05 9.9964E-05 0.821539 9.9964E-05
0.0141096 0.0682603 9.9982E-05 0.506185 0.199351 0.141089 0.008472 0.0623327 9.9982E-05
0.0527232 9.9982E-05 0.107154 0.536488 0.128428 0.0677997 0.024794 9.9982E-05 0.0824123
9.9964E-05 9.9964E-05 0.157288 0.0208107 0.764175 0.00176989 9.9964E-05 0.0555568 9.9964E-05
0.0253974 0.0103177 0.0671709 0.491791 0.228223 9.9982E-05 0.105626 0.0712745 9.9982E-05
9.9964E-05 9.9964E-05 0.231971 0.397269 0.358216 9.9964E-05 0.000236484 0.0119078 9.9964E-05
0.0242461 0.115098 0.0206275 0.480098 0.258137 9.9982E-05 0.0475025 0.0540912 9.9982E-05
0.0176129 0.137972 0.0846213 0.443692 0.279493 9.9973E-05 9.9973E-05 0.0363089 9.9973E-05
0.00315386 9.9964E-05 9.9964E-05 0.415443 0.44621 0.0600927 0.0747 9.9964E-05 9.9964E-05
9.9964E-05 0.0191353 0.177035 9.9964E-05 0.703725 0.0600528 9.9964E-05 0.0396522 9.9964E-05
9.9991E-05 0.140766 0.0773524 0.447284 0.0751822 0.045036 0.0514882 0.126559 0.0362316
9.9964E-05 9.9964E-05 0.00219526 0.61143 0.220501 9.9964E-05 0.0621813 0.103293 9.9964E-05
9.9982E-05 0.0623407 9.9982E-05 0.609884 0.0736036 0.128033 0.00849861 0.0729259 0.0445145
0.0237724 0.0292702 9.9964E-05 0.237139 0.566073 9.9964E-05 9.9964E-05 9.9964E-05 0.143346
0.000208725 0.0643983 9.9973E-05 0.386751 0.477637 9.9973E-05 0.0469284 0.0237765 9.9973E-05
0.020118 0.0107178 0.161619 0.476587 0.330558 9.9964E-05 9.9964E-05 9.9964E-05 9.9964E-05
9.9955E-05 9.9955E-05 9.9955E-05 0.229837 0.653522 9.9955E-05 0.1035 9.9955E-05 0.012641
9.9955E-05 9.9955E-05 9.9955E-05 0.352233 0.508688 0.0254496 9.9955E-05 0.11313 9.9955E-05
0.008264 0.131682 0.0501011 0.451409 0.169405 0.0283043 0.0498763 0.110857 9.9991E-05
0.0371761 0.219551 0.432545 0.0968085 9.9982E-05 0.095016 0.0476438 9.9982E-05 0.0710595
0.00905726 0.0270984 0.247518 0.425061 9.9982E-05 0.137539 0.010786 0.142741 9.9982E-05
9.9973E-05 0.07813 0.112566 0.503055 0.0688514 0.0283472 9.9973E-05 0.20875 9.9973E-05
9.9973E-05 9.9973E-05 0.00374801 0.460371 0.236235 0.120141 0.110934 0.0682701 9.9973E-05
0.0503064 0.0531593 0.419724 0.393464 9.9973E-05 0.0825933 9.9973E-05 0.000453504 9.9973E-05
9.9973E-05 0.0243457 0.271376 0.539504 9.9973E-05 0.0594143 9.9973E-05 0.0589842 0.0460757
9.9964E-05 0.0855747 0.360482 0.435625 9.9964E-05 0.102453 9.9964E-05 0.0154656 9.9964E-05
9.9982E-05 0.0551838 0.215943 0.513393 0.0303143 0.0663664 9.9982E-05 0.0678292 0.0507703
9.9973E-05 9.9973E-05 0.0922485 0.595855 9.9973E-05 0.171544 0.0280782 0.0718517 0.0401228
0.0173551 0.0886415 0.207097 0.527815 0.00814924 0.100672 0.00668361 0.0207381 0.0228482
0.0254662 0.0823614 0.317274 0.435908 9.9964E-05 0.138591 9.9964E-05 9.9964E-05 9.9964E-05
0.0104605 0.0543632 0.100047 0.567923 9.9991E-05 0.0941434 0.0619387 0.00249569 0.108529
9.9982E-05 0.076074 0.0936666 0.577765 0.118867 0.0538309 0.0368674 0.0427298 9.9982E-05
0.000935676 0.0940814 0.224741 0.514887 9.9973E-05 0.0785396 0.0865154 9.9973E-05 9.9973E-05
0.0173983 0.0334708 9.9991E-05 0.506546 0.0569149 0.172744 0.0972492 0.0423263 0.0732502
0.00847974 0.0817276 0.179488 0.51888 9.9973E-05 0.127555 0.0835696 9.9973E-05 9.9973E-05
9.9973E-05 0.0710003 0.360192 0.295082 9.9973E-05 0.0435292 9.9973E-05 0.0743223 0.155574
0.00195954 0.0939931 0.16309 0.542492 0.0434795 0.08506 0.0697253 9.9982E-05 9.9982E-05
9.9964E-05 0.0958759 0.0598622 0.677954 9.9964E-05 0.0626443 9.9964E-05 9.9964E-05 0.103264
9.9982E-05 0.0352763 0.316682 0.217416 0.234885 0.116156 0.0312847 0.0481009 9.9982E-05
9.9991E-05 0.146959 0.368515 0.121881 0.0682962 0.0473942 0.0114945 0.0410912 0.194269
0.00782985 0.0683036 0.152257 0.500639 0.0996708 0.0967617 0.0178201 0.00658783 0.0501309
0.00523168 0.274192 0.15045 0.115517 0.0934683 0.208108 9.9982E-05 9.9982E-05 0.152832
9.9973E-05 0.0671037 0.455461 0.225955 0.102552 0.101945 9.9973E-05 0.046684 9.9973E-05
9.9973E-05 0.10338 0.267013 0.364644 0.0743687 0.152959 9.9973E-05 0.0373349 9.9973E-05
0.0477813 9.9973E-05 0.43923 0.236674 0.173449 0.0647848 9.9973E-05 0.037781 9.9973E-05
9.9973E-05 0.0790443 0.486893 0.246217 0.0727797 0.0900134 9.9973E-05 0.0247528 9.9973E-05
0.0182157 9.9991E-05 0.211599 0.512696 0.140736 0.00320737 0.0184843 0.0472758 0.0476859
0.00852584 0.0749048 0.108833 0.466206 0.176512 0.0295544 0.0839315 0.031751 0.0197812
0.0250416 0.0357123 0.325599 0.488438 0.10185 9.9973E-05 9.9973E-05 9.9973E-05 0.0230586
9.9982E-05 0.0711736 0.307927 0.108862 0.100958 0.145225 0.0486921 9.9982E-05 0.216963
9.9973E-05 9.9973E-05 0.119874 0.529343 0.0879931 0.0297205 9.9973E-05 0.144516 0.088254
9.9982E-05 0.108804 0.0206522 0.459603 0.113017 9.9982E-05 0.0622704 0.0546964 0.180756
0.0281471 0.165598 0.0993243 9.9982E-05 0.113974 0.0768417 9.9982E-05 0.0812002 0.434715
0.0128774 0.121358 9.9991E-05 0.587246 0.121101 0.00158483 0.0644236 0.0752626 0.0160462
9.9973E-05 0.0733657 9.9973E-05 0.323683 0.262886 0.0242485 9.9973E-05 0.0771178 0.238399
9.9991E-05 0.0460456 0.0916984 0.460755 0.0455288 0.0463433 0.0499457 0.03766 0.221923
0.0281711 0.0684839 0.0174432 0.274422 0.102006 0.106997 9.9982E-05 9.9982E-05 0.402277
9.9982E-05 0.191689 0.130435 0.206516 0.0713258 0.0739823 9.9982E-05 0.0644507 0.261401
0.0321289 0.193878 0.0217361 0.376718 0.0971972 0.139869 9.9982E-05 9.9982E-05 0.138272
0.0130473 0.0702635 0.0858024 0.490045 0.0516009 9.9991E-05 0.0435609 0.0687227 0.176858
9.9991E-05 0.0764884 0.109154 0.430636 0.136289 0.0437875 0.0303974 0.114455 0.0586927
0.0358881 0.105661 0.205667 0.0335077 0.161648 0.0346495 0.112457 9.9991E-05 0.310422
0.0612646 0.0690921 9.9991E-05 0.457399 0.138537 0.0799353 0.0651789 0.0748625 0.0536314
9.9973E-05 0.00325395 0.129725 0.313956 0.197195 0.0627257 9.9973E-05 9.9973E-05 0.292845
9.9964E-05 0.0773573 0.138792 0.460581 0.179578 9.9964E-05 9.9964E-05 9.9964E-05 0.143291
9.9973E-05 0.0706513 0.0407186 0.576923 0.141937 0.0531608 9.9973E-05 0.11631 9.9973E-05
0.0650855 9.9982E-05 9.9982E-05 0.141812 0.00276825 0.0149798 0.302287 0.192291 0.280576
0.0492831 9.9955E-05 9.9955E-05 9.9955E-05 9.9955E-05 9.9955E-05 0.108484 0.441295 0.400437
0.0375409 9.9955E-05 9.9955E-05 9.9955E-05 9.9955E-05 9.9955E-05 0.109915 0.355549 0.496496
0.0200367 9.9973E-05 0.0575439 0.110783 9.9973E-05 9.9973E-05 0.308653 0.328331 0.174352
9.9955E-05 9.9955E-05 9.9955E-05 0.650998 0.131982 0.068822 9.9955E-05 9.9955E-05 0.147698
0.06744 0.0546871 9.9982E-05 0.501302 0.0600236 0.0949354 9.9982E-05 0.0636977 0.157714
0.0366196 9.9973E-05 0.0139805 0.305288 0.00457139 0.021557 0.617684 9.9973E-05 9.9973E-05
0.061956 0.0665676 0.123003 0.233367 0.0631878 9.9982E-05 0.416342 0.0353774 9.9982E-05
0.0633796 0.115696 0.040022 0.277751 0.0289313 9.9982E-05 0.467314 9.9982E-05 0.00670668
0.0458125 0.15383 0.0297437 0.318728 0.0756871 9.9973E-05 9.9973E-05 9.9973E-05 0.375899
0.00333131 0.096253 9.9982E-05 0.473594 0.089998 0.0931422 0.065434 9.9982E-05 0.178048
9.9964E-05 0.180933 0.0937991 0.212268 0.0591776 9.9964E-05 9.9964E-05 9.9964E-05 0.453423
9.9973E-05 0.0113997 0.0383646 0.573519 0.130767 0.0345801 9.9973E-05 9.9973E-05 0.211069
9.9973E-05 0.155588 0.0756702 0.418235 0.16277 0.0168668 9.9973E-05 9.9973E-05 0.17057
9.9964E-05 0.0525172 9.9964E-05 0.590375 0.0170199 0.0963745 9.9964E-05 9.9964E-05 0.243314
9.9973E-05 0.0989184 0.110021 0.18841 0.152857 0.0632135 9.9973E-05 9.9973E-05 0.38628
9.9982E-05 9.9982E-05 0.0269727 0.490897 0.207009 0.0703086 0.0789328 0.0709777 0.0547022
0.0112964 0.00218528 0.03575 0.542625 0.0343144 0.0307742 0.0653315 0.0381531 0.23957
9.9946E-05 9.9946E-05 0.0338652 0.0086206 9.9946E-05 9.9946E-05 0.956915 9.9946E-05 9.9946E-05
9.9946E-05 9.9946E-05 9.9946E-05 0.066483 9.9946E-05 9.9946E-05 0.904978 9.9946E-05 0.0279394
9.9982E-05 0.00370162 0.0919942 0.186404 0.06187 0.00841569 0.619488 0.0279265 9.9982E-05
0.0102166 0.00604802 9.9964E-05 0.285756 9.9964E-05 0.0785881 0.618991 9.9964E-05 9.9964E-05
9.9946E-05 9.9946E-05 9.9946E-05 0.121537 0.0733168 9.9946E-05 0.804547 9.9946E-05 9.9946E-05
9.993E-05 9.993E-05 9.993E-05 9.993E-05 9.993E-05 9.993E-05 0.999201 9.993E-05 9.993E-05
0.0120862 9.9946E-05 9.9946E-05 9.9946E-05 9.9946E-05 0.0573393 0.929975 9.9946E-05 9.9946E-05
0.00160431 9.9946E-05 9.9946E-05 0.132869 9.9946E-05 9.9946E-05 0.864927 9.9946E-05 9.9946E-05
0.0301067 9.9946E-05 9.9946E-05 9.9946E-05 9.9946E-05 0.0109321 0.958362 9.9946E-05 9.9946E-05
9.9937E-05 0.0056841 9.9937E-05 9.9937E-05 9.9937E-05 9.9937E-05 0.993616 9.9937E-05 9.9937E-05
0.0249473 9.9937E-05 9.9937E-05 9.9937E-05 9.9937E-05 9.9937E-05 0.974353 9.9937E-05 9.9937E-05
0.0626765 0.0232183 0.0339437 0.152003 9.9964E-05 9.9964E-05 0.727759 9.9964E-05 9.9964E-05
9.9973E-05 0.00367523 0.0278796 0.0365138 9.9973E-05 0.0491816 0.821694 0.0607556 9.9973E-05
9.9937E-05 9.9937E-05 9.9937E-05 9.9937E-05 0.0422218 9.9937E-05 0.957079 9.9937E-05 9.9937E-05
9.9964E-05 0.0442732 9.9964E-05 0.321081 9.9964E-05 0.143116 0.389911 9.9964E-05 0.101218
0.0494974 0.00184173 9.9973E-05 0.220081 0.0626902 0.0182864 0.647303 9.9973E-05 9.9973E-05
0.0459802 9.9982E-05 9.9982E-05 0.0249794 0.0628525 0.0323474 0.806065 0.023455 0.00412103
0.0209519 9.9964E-05 9.9964E-05 0.111614 0.016871 9.9964E-05 0.83724 0.0129232 9.9964E-05
9.9946E-05 9.9946E-05 9.9946E-05 0.0105656 9.9946E-05 0.0168727 0.971962 9.9946E-05 9.9946E-05
0.0299438 9.9973E-05 0.00353386 0.0507853 9.9973E-05 0.0315453 0.854317 0.0295747 9.9973E-05
0.00462104 9.9937E-05 9.9937E-05 9.9937E-05 9.9937E-05 9.9937E-05 0.994679 9.9937E-05 9.9937E-05
9.9964E-05 9.9964E-05 9.9964E-05 0.114858 0.116116 0.0873077 0.622886 0.0584327 9.9964E-05
0.0118821 9.9982E-05 0.03165 0.00360813 0.0155606 0.0375388 0.877646 0.0219146 9.9982E-05
9.9973E-05 0.00701514 0.0635516 9.9973E-05 0.0575424 9.9973E-05 0.0151359 0.292817 0.563638
0.0608994 9.9991E-05 0.0852591 0.464221 0.0265474 0.0837418 0.050593 0.117011 0.111627
0.0124665 9.9982E-05 9.9982E-05 0.438613 0.063873 0.025519 0.0509668 0.198083 0.210279
0.0158919 0.0242761 0.0146402 0.209239 0.00490692 0.0527542 0.0878055 0.122319 0.468167
0.0157241 0.0735839 0.00231121 0.451625 0.0343976 0.0081105 0.107859 0.11206 0.194329
0.0524632 0.0257728 0.00659505 0.262657 0.0475198 9.9991E-05 0.0230117 0.202147 0.379734
0.0354183 0.117867 0.0997911 0.45984 0.0203115 0.0045368 9.9991E-05 0.131783 0.130353
9.9982E-05 0.0238644 0.0196402 0.338993 0.0288297 9.9982E-05 0.133319 0.0888047 0.366349
0.0656826 9.9973E-05 9.9973E-05 0.458436 0.0867404 9.9973E-05 0.11615 0.029545 0.243145
0.0377605 0.0166009 9.9973E-05 0.404902 9.9973E-05 9.9973E-05 0.133442 0.115124 0.29187
0.0181924 9.9982E-05 0.0197895 0.465988 0.110055 9.9982E-05 0.0792053 0.119149 0.18742
9.9955E-05 9.9955E-05 9.9955E-05 0.0659138 9.9955E-05 0.0885356 9.9955E-05 0.799161 0.0458896
0.0613209 9.9955E-05 9.9955E-05 9.9955E-05 9.9955E-05 9.9955E-05 0.0598034 0.845886 0.0324897
0.0503318 9.9955E-05 0.0246024 9.9955E-05 9.9955E-05 9.9955E-05 9.9955E-05 0.915079 0.00948687
0.0369779 9.9955E-05 9.9955E-05 0.0106336 9.9955E-05 0.0356062 9.9955E-05 0.916282 9.9955E-05
0.0919632 9.9964E-05 0.0539842 9.9964E-05 9.9964E-05 9.9964E-05 0.00490251 0.811635 0.0371152
0.0983205 0.0530147 9.9955E-05 9.9955E-05 9.9955E-05 9.9955E-05 0.0572837 0.790881 9.9955E-05
0.0988599 9.9964E-05 9.9964E-05 0.0346577 9.9964E-05 0.0213547 0.062273 0.782455 9.9964E-05
0.0103771 0.0259841 9.9973E-05 0.00716068 0.0199183 9.9973E-05 9.9973E-05 0.823935 0.112325
0.0242205 9.9964E-05 0.0149961 0.0420174 0.0429204 9.9964E-05 9.9964E-05 0.875446 9.9964E-05
0.018374 9.9973E-05 9.9973E-05 0.0190267 9.9973E-05 0.00708344 0.100769 0.820465 0.0339825
0.0912851 0.0269504 0.215602 9.9973E-05 0.0536588 0.0768839 9.9973E-05 0.53532 9.9973E-05
0.00936073 0.05389 0.264845 9.9964E-05 9.9964E-05 0.1379 9.9964E-05 0.533604 9.9964E-05
0.0323419 9.9964E-05 0.355036 9.9964E-05 9.9964E-05 0.0629911 9.9964E-05 0.483801 0.0654301
0.00608616 0.0299453 0.321568 9.9982E-05 0.0607162 0.0898305 9.9982E-05 0.473604 0.0180503
0.0440327 0.0856619 0.0847991 0.476748 0.206855 0.033002 9.9982E-05 0.0687015 9.9982E-05
9.9973E-05 0.0487101 0.0880306 0.404171 0.340982 0.0563184 0.0614877 9.9973E-05 9.9973E-05
9.9991E-05 0.0536121 0.1094 0.504187 0.146845 0.115658 0.0224334 0.0385069 0.00925769
0.036545 0.0853281 0.257894 0.288427 0.210198 0.104465 9.9991E-05 0.0026984 0.0143445
0.00533381 0.0963509 0.497031 0.0994794 0.0819907 0.216232 9.9982E-05 0.00338149 9.9982E-05
0.0177473 9.9973E-05 0.103538 0.611917 0.209903 0.0175232 9.9973E-05 0.0390714 9.9973E-05
9.9964E-05 9.9964E-05 0.0296074 0.562324 0.316623 0.0854257 0.00561977 9.9964E-05 9.9964E-05
0.0133324 0.0416265 0.0318046 0.514299 0.269468 0.0729392 9.9982E-05 9.9982E-05 0.0563299
9.9955E-05 9.9955E-05 9.9955E-05 0.293095 0.608872 0.00342208 0.0941108 9.9955E-05 9.9955E-05
9.9982E-05 9.9982E-05 0.0640948 0.54158 0.197316 0.0610346 0.0285677 0.0738117 0.0333949
0.00639332 0.0460714 0.191467 0.36697 0.257685 0.0740505 0.0571619 9.9982E-05 9.9982E-05
9.9946E-05 0.206414 9.9946E-05 9.9946E-05 0.68958 0.103406 9.9946E-05 9.9946E-05 9.9946E-05
9.9982E-05 9.9982E-05 0.163994 0.492376 0.0863137 0.0785946 0.0325292 0.105521 0.0404716
9.9964E-05 0.148953 9.9964E-05 0.223564 0.47752 9.9964E-05 0.0122868 9.9964E-05 0.137277
0.040794 9.9973E-05 0.0393805 0.47638 0.411026 0.00926035 9.9973E-05 9.9973E-05 0.0228598
9.9973E-05 0.0119037 0.138797 0.0422199 0.660782 0.107511 9.9973E-05 0.0384867 9.9973E-05
9.9955E-05 9.9955E-05 9.9955E-05 0.0517805 9.9955E-05 0.857507 9.9955E-05 0.0301103 0.0601028
9.9964E-05 9.9964E-05 9.9964E-05 0.0788226 9.9964E-05 0.816588 0.000887658 0.00944986 0.0938523
9.9937E-05 0.0188127 9.9937E-05 9.9937E-05 9.9937E-05 0.980488 9.9937E-05 9.9937E-05 9.9937E-05
9.9964E-05 0.0429207 9.9964E-05 9.9964E-05 0.0252441 0.876971 9.9964E-05 0.0241168 0.0303476
0.0103854 9.9982E-05 0.00567337 0.0603456 0.00361679 0.832973 0.00678213 9.9982E-05 0.0800234
9.9964E-05 0.013797 9.9964E-05 0.0240993 9.9964E-05 0.847371 0.103466 0.0108677 9.9964E-05
0.0669797 0.00968248 9.9973E-05 0.0537491 0.0259027 9.9973E-05 0.0395616 0.803825 9.9973E-05
0.00828606 9.9964E-05 0.0235285 0.0843332 9.9964E-05 0.0569516 9.9964E-05 0.826501 9.9964E-05
0.0497808 9.9955E-05 9.9955E-05 0.127029 9.9955E-05 9.9955E-05 0.0823415 0.740349 9.9955E-05
0.0153919 9.9964E-05 0.126791 0.00594095 9.9964E-05 9.9964E-05 0.162042 0.689435 9.9964E-05
9.9955E-05 9.9955E-05 0.105171 0.0679314 9.9955E-05 9.9955E-05 0.0731313 0.753267 9.9955E-05
0.0323816 9.9973E-05 0.0989829 9.9973E-05 0.0539025 0.428377 9.9973E-05 0.299482 0.0865741
0.00045094 0.0229505 9.9973E-05 9.9973E-05 0.0730809 0.40556 9.9973E-05 0.435503 0.0621553
0.00909681 0.0480889 0.0454267 9.9973E-05 0.042074 0.405732 9.9973E-05 0.449282 9.9973E-05
0.999201 9.993E-05 9.993E-05 9.993E-05 9.993E-05 9.993E-05 9.993E-05 9.993E-05 9.993E-05
0.0245078 0.0476014 9.9973E-05 9.9973E-05 0.0946779 0.484724 9.9973E-05 0.316208 0.0319809
0.0101697 0.00164857 9.9973E-05 0.274573 9.9973E-05 9.9973E-05 0.313222 0.18926 0.210827
0.0377681 9.9982E-05 0.102858 0.549297 0.0365976 9.9982E-05 0.18325 0.0896201 0.000408243
0.0421043 9.9955E-05 9.9955E-05 0.532286 9.9955E-05 9.9955E-05 0.263287 0.161823 9.9955E-05
0.0359324 9.9991E-05 0.0430412 0.343836 0.0689133 0.0358091 0.174121 0.24308 0.0551665
0.0739237 0.00221059 0.113827 0.450967 9.9991E-05 0.0313212 0.0990319 0.0534076 0.175212
9.9946E-05 9.9946E-05 9.9946E-05 9.9946E-05 9.9946E-05 9.9946E-05 0.304185 0.397701 0.297514
9.9973E-05 0.0738468 0.255345 0.367416 0.0585097 0.182863 9.9973E-05 9.9973E-05 0.0617198
9.9982E-05 0.22333 0.212049 0.31795 0.0551693 0.105953 9.9982E-05 0.0181428 0.0672068
0.0501112 9.9964E-05 0.564058 0.202567 9.9964E-05 0.145966 9.9964E-05 0.0368981 9.9964E-05
9.9973E-05 0.248036 0.12711 0.412321 0.0675215 0.122507 0.0222044 9.9973E-05 9.9973E-05
9.9964E-05 0.440073 0.0830828 9.9964E-05 0.100357 0.0688259 9.9964E-05 9.9964E-05 0.307262
0.0595275 9.9991E-05 0.195154 0.327686 0.136903 0.0626407 0.107277 0.0350127 0.0756993
0.0137996 0.248836 0.133661 0.392349 0.0813399 0.062492 9.9982E-05 0.0673223 9.9982E-05
0.0302591 0.0605279 0.45914 0.225033 0.0609856 0.112369 9.9982E-05 9.9982E-05 0.0514847
9.9982E-05 9.9982E-05 0.189585 0.524216 0.0760047 0.017761 0.030082 0.104948 0.0572027
9.9964E-05 0.184154 0.391917 0.0968307 0.0963594 9.9964E-05 9.9964E-05 9.9964E-05 0.230339
9.9982E-05 0.174393 0.143142 0.372336 0.0987706 0.0497232 0.0367743 9.9982E-05 0.124661
0.0466694 0.00948438 0.245161 0.480337 0.0946092 0.108316 9.9982E-05 9.9982E-05 0.0152229
0.0195482 0.0323889 0.0620806 0.360026 0.102169 0.0820353 0.175924 0.14475 0.0210772
9.9964E-05 0.245904 0.354894 0.308314 9.9964E-05 0.0510545 9.9964E-05 9.9964E-05 0.0394343
0.0254466 0.15296 0.218516 0.375189 0.105614 0.0711945 9.9982E-05 0.0508804 9.9982E-05
9.9982E-05 0.109344 0.219189 0.4019 0.0742577 0.0182096 0.12732 9.9982E-05 0.0495799
0.0108027 0.100405 0.136988 0.441032 0.0937004 0.15527 9.9991E-05 0.00126411 0.0604381
9.9982E-05 0.123007 0.0658325 0.452222 0.114523 0.0684922 0.158836 0.0168882 9.9982E-05
0.0148401 0.0289373 0.193492 0.412887 0.132101 0.00659864 0.115092 0.0959515 9.9991E-05
0.0285743 0.0253777 0.0439501 0.57835 0.021231 0.0674256 0.0198805 0.0392245 0.175986
9.9946E-05 9.9946E-05 9.9946E-05 0.136203 9.9946E-05 9.9946E-05 0.086512 0.776685 9.9946E-05
9.9964E-05 0.0100271 9.9964E-05 0.0729035 0.0256304 9.9964E-05 0.0490581 0.841981 9.9964E-05
9.9973E-05 0.0584199 0.0713079 0.0212745 9.9973E-05 9.9973E-05 0.0456733 0.787108 0.015916
0.0226359 0.0484067 9.9973E-05 9.9973E-05 0.0697696 0.0551132 0.043646 0.760129 9.9973E-05
0.0797978 9.9946E-05 9.9946E-05 0.142349 9.9946E-05 9.9946E-05 9.9946E-05 0.777253 9.9946E-05
9.9973E-05 9.9973E-05 0.714736 0.086779 9.9973E-05 0.127518 0.00493295 0.00638587 0.0593482
9.9982E-05 0.075141 0.261167 0.402066 0.117075 0.0211145 0.0835979 0.0396381 9.9982E-05
9.9991E-05 0.0549268 0.0423626 0.352508 0.106007 0.0128362 0.171539 0.213254 0.0464661
0.0792239 0.0194328 0.146222 0.60778 0.0790856 0.00595374 0.0235759 0.033424 0.00530183
9.9991E-05 0.123038 0.0796182 0.4655 0.0621312 0.179424 0.00383856 0.0822464 0.0041038
0.0730133 0.0968101 0.345793 0.199133 9.9973E-05 0.122951 9.9973E-05 9.9973E-05 0.161999
0.0641084 9.9973E-05 0.591373 9.9973E-05 0.0328061 0.16064 9.9973E-05 0.0515661 0.0992063
0.0327774 0.0991791 0.249581 0.403035 0.0459916 0.169136 9.9973E-05 9.9973E-05 9.9973E-05
0.0468035 0.133493 0.481476 0.0736051 0.0211989 0.195457 0.016429 0.0232704 0.00826742
0.0209482 0.114029 0.0984997 0.391012 0.109876 0.0554937 0.0175921 0.0435346 0.149014
0.024138 0.112745 0.629942 9.9964E-05 9.9964E-05 0.10893 9.9964E-05 0.123845 9.9964E-05
0.067969 9.9982E-05 0.0895729 0.509309 0.0900257 0.116341 0.0692454 0.0573363 9.9982E-05
0.0370345 9.9973E-05 0.565097 0.157569 9.9973E-05 0.149376 9.9973E-05 0.0759709 0.0146532
0.038882 9.9982E-05 0.30612 0.254987 0.129276 0.0963394 0.0502976 9.9982E-05 0.123898
0.0213908 0.144977 0.0533572 0.506116 0.0126177 0.0344647 9.9991E-05 0.0596015 0.167375
9.9973E-05 0.00449885 0.0801544 0.341434 0.0268497 0.0816455 9.9973E-05 9.9973E-05 0.465118
0.0102834 9.9991E-05 0.0922248 0.583327 0.0586268 0.0325678 0.00251284 0.0399882 0.180369
9.9973E-05 0.0267212 0.0512402 0.620585 0.0641555 9.9973E-05 9.9973E-05 0.0655324 0.171466
9.9973E-05 0.0697556 0.0304939 0.36318 0.0439046 0.105352 9.9973E-05 9.9973E-05 0.387014
0.0371978 0.0341992 0.0329807 0.481797 0.103687 0.0648834 0.0484253 0.0662015 0.130628
0.0304563 0.0493228 9.9973E-05 0.539537 0.082642 0.0132126 9.9973E-05 9.9973E-05 0.284529
9.9973E-05 0.113435 0.0765583 0.102886 0.169803 0.0922703 9.9973E-05 9.9973E-05 0.444748
9.9964E-05 0.0509725 9.9964E-05 0.29106 0.0883505 0.0649172 9.9964E-05 9.9964E-05 0.5043
9.9964E-05 0.000343966 9.9964E-05 0.56081 0.0525752 0.0663175 9.9964E-05 9.9964E-05 0.319554
9.9973E-05 0.117171 0.0280005 0.165817 0.16931 0.118818 9.9973E-05 9.9973E-05 0.400584
9.9964E-05 9.9964E-05 0.0438282 0.48637 0.199354 0.018075 9.9964E-05 9.9964E-05 0.251973
9.9982E-05 0.0849208 0.612981 9.9982E-05 0.0711361 0.159409 0.0237518 0.0311104 0.0164918
9.9973E-05 0.252449 0.299226 0.193181 0.0868008 0.12569 9.9973E-05 9.9973E-05 0.0423535
0.0300318 0.0214129 0.378819 0.276142 0.0930813 0.158471 0.0391903 0.00275176 9.9991E-05
0.0354979 9.9982E-05 0.147573 0.628577 0.0179718 0.132583 0.0316859 9.9982E-05 0.00591206
9.9973E-05 9.9973E-05 0.543653 0.187765 0.0284526 0.169235 0.0132879 9.9973E-05 0.0573075
9.9982E-05 0.112526 0.0976065 0.476216 9.9982E-05 0.0806161 0.0774303 0.0534248 0.10198
0.060056 0.0892302 0.090609 0.442322 0.0924743 0.130184 0.0692048 0.00660204 0.019318
9.9982E-05 0.0230992 0.261027 0.401743 0.0387125 0.125282 0.108935 0.0410015 9.9982E-05
0.0470561 0.128844 0.231454 0.391192 0.0547461 0.0546742 0.0918328 9.9982E-05 9.9982E-05
0.000257679 9.9982E-05 0.288176 0.341324 0.151545 0.123372 0.0649359 0.0301895 9.9982E-05
0.0363144 9.9973E-05 0.529123 0.0952807 0.145812 0.12512 0.0680496 9.9973E-05 9.9973E-05
9.9964E-05 0.088698 0.38209 0.293972 9.9964E-05 0.220494 0.0143457 9.9964E-05 9.9964E-05
9.9973E-05 0.0839987 0.247827 0.506317 0.0372935 0.0648545 0.0594087 9.9973E-05 9.9973E-05
0.0174553 0.0775323 0.198027 0.512091 0.00964256 0.144914 0.0269782 9.9991E-05 0.0132594
9.9991E-05 0.166411 0.217611 0.395757 0.05882 0.10694 0.00505559 0.000903354 0.0484014
0.0151607 0.104816 0.165922 0.467167 0.0161105 0.179768 0.0508549 9.9982E-05 9.9982E-05
0.0427289 0.0278845 0.39754 0.322383 9.9982E-05 0.147131 0.000647399 9.9982E-05 0.0614855
9.9955E-05 9.9955E-05 0.197793 0.580235 0.0686591 0.152813 9.9955E-05 9.9955E-05 9.9955E-05
0.0218479 0.0967046 0.160097 0.494639 9.9973E-05 0.17548 0.0509316 9.9973E-05 9.9973E-05
0.0400442 0.0620431 0.0394773 0.471587 0.0715594 0.135598 0.102861 0.043224 0.0336057
0.0396476 9.9982E-05 0.1027 0.34957 0.0185096 9.9982E-05 0.141967 0.287427 0.0599783
0.0384876 0.0909815 0.029382 0.476009 0.0254538 9.9991E-05 0.200923 0.0590331 0.0796298
0.0242492 0.0120588 0.0326256 0.41055 0.0446545 0.0207496 0.234366 0.0813776 0.139369
0.0405677 0.0546585 0.130217 0.469132 0.0488663 0.0331499 0.157973 0.0100798 0.0553558
9.9973E-05 0.0855078 0.201294 0.343502 0.0212625 9.9973E-05 0.186305 0.161829 9.9973E-05
9.9964E-05 0.200178 0.249007 0.408987 9.9964E-05 0.0819924 9.9964E-05 9.9964E-05 0.0594362
0.0142537 0.0570202 9.9982E-05 0.49069 0.0718945 0.106006 0.112363 0.147572 9.9982E-05
9.9982E-05 0.0213347 0.110069 0.0495892 0.0767605 9.9982E-05 0.133745 0.196854 0.411448
0.0595074 0.0424546 0.138298 0.461147 0.023851 0.0458677 0.142396 0.0829811 0.00349788
0.0166343 0.0917073 0.0206842 0.580445 0.0520773 0.00431978 0.122428 0.0122934 0.0994106
0.0047437 0.107582 0.050909 0.378779 9.9991E-05 0.090408 0.291154 0.0381331 0.0381917
0.0712958 0.0571341 0.188932 0.243773 0.0676389 9.9991E-05 0.103881 0.123077 0.144168
9.9982E-05 0.0203579 0.0732378 0.493816 0.0275652 9.9982E-05 0.147597 0.177822 0.0594048
0.0746198 9.9973E-05 0.00159446 0.624907 9.9973E-05 9.9973E-05 0.0935585 0.120158 0.0848624
0.0446279 9.9964E-05 0.0119419 9.9964E-05 9.9964E-05 9.9964E-05 0.192518 0.393437 0.357076
0.0656798 9.9973E-05 9.9973E-05 0.444823 0.103657 0.0431164 0.124284 0.218139 9.9973E-05
9.9991E-05 0.0494141 0.0200721 0.488352 0.0133699 0.0169655 0.205237 0.111537 0.0949521
9.9982E-05 9.9982E-05 0.0819709 0.469225 0.0671601 0.0500761 0.185403 0.0824152 0.0635501
0.0721772 9.9973E-05 0.0117137 0.539063 9.9973E-05 9.9973E-05 0.134782 0.10314 0.138824
0.0288685 0.118604 0.0549827 0.52066 9.9991E-05 0.0163608 0.071075 0.169368 0.0199814
0.0273282 0.481876 9.9982E-05 0.326126 0.0198536 0.0462757 0.0746079 0.0237333 9.9982E-05
0.0642653 0.274375 9.9973E-05 0.484658 9.9973E-05 0.0310599 9.9973E-05 0.0826742 0.0626673
9.9946E-05 0.770795 0.192461 9.9946E-05 0.0361436 9.9946E-05 9.9946E-05 9.9946E-05 9.9946E-05
9.9964E-05 0.86775 0.0567708 9.9964E-05 0.0112036 0.0574095 9.9964E-05 0.00646654 9.9964E-05
0.00530457 0.389562 0.0425902 0.436182 9.9982E-05 9.9982E-05 0.0787137 0.0456167 0.00183039
9.9964E-05 0.142758 9.9964E-05 0.383759 9.9964E-05 9.9964E-05 0.253987 0.151867 0.0672293
0.0077971 0.238162 9.9982E-05 0.24587 0.0335752 9.9982E-05 0.357755 0.0716483 0.0449931
0.0324574 0.197526 9.9973E-05 0.176732 9.9973E-05 9.9973E-05 0.286251 0.105447 0.201287
0.0458195 0.240502 0.0597999 0.259074 0.00168771 9.9982E-05 0.27565 0.117267 9.9982E-05
0.00589338 0.60297 9.9973E-05 0.0582928 9.9973E-05 9.9973E-05 0.0898065 0.0767489 0.165989
0.0454586 0.678751 9.9973E-05 0.0485134 9.9973E-05 9.9973E-05 0.112463 0.0381822 0.0763325
0.0240448 0.361668 0.0226823 0.462613 0.00520493 9.9973E-05 0.123486 9.9973E-05 9.9973E-05
9.9955E-05 0.432418 9.9955E-05 0.436239 9.9955E-05 9.9955E-05 0.0465793 0.0842642 9.9955E-05
0.0504138 0.689451 9.9964E-05 0.116669 9.9964E-05 9.9964E-05 0.110325 0.0327408 9.9964E-05
0.00319663 0.295358 0.0877616 0.473715 9.9973E-05 9.9973E-05 0.0262938 0.113374 9.9973E-05
0.00726478 0.346306 9.9973E-05 0.498108 0.0235712 9.9973E-05 0.0255613 0.0988883 9.9973E-05
0.082465 0.221541 0.0723257 0.337623 9.9991E-05 0.0680583 0.158705 0.0441942 0.0149876
9.9964E-05 0.532363 0.126374 0.260138 9.9964E-05 0.0523785 9.9964E-05 9.9964E-05 0.0283475
0.019271 0.515878 0.136033 0.269029 0.0581681 9.9973E-05 9.9973E-05 0.00132132 9.9973E-05
9.9973E-05 0.255153 0.0725828 0.521752 9.9973E-05 0.0997783 0.038136 0.0122986 9.9973E-05
0.028224 0.48302 9.9973E-05 0.327791 9.9973E-05 0.102071 0.0348324 0.0237614 9.9973E-05
0.0627389 0.190625 0.185399 0.368864 0.0306189 0.0494497 0.0701668 0.0346455 0.00749225
9.9955E-05 0.437819 0.0822678 0.448804 9.9955E-05 9.9955E-05 9.9955E-05 9.9955E-05 0.0306096
9.9955E-05 0.630413 9.9955E-05 0.20132 9.9955E-05 0.0674919 9.9955E-05 9.9955E-05 0.100275
9.9973E-05 0.312788 9.9973E-05 0.495764 0.0548863 9.9973E-05 0.0206209 0.0422822 0.0733582
0.0289036 0.153072 0.106407 0.479722 0.0192287 0.0212314 0.120965 0.0570229 0.0134473
9.9955E-05 0.700232 0.0846566 0.146635 0.0679767 9.9955E-05 9.9955E-05 9.9955E-05 9.9955E-05
0.0400246 0.547061 0.00823249 0.383869 0.0184128 0.000558575 9.9982E-05 9.9982E-05 0.00164137
0.0798317 0.279858 0.0481784 0.506124 9.9973E-05 0.00745069 0.0782577 9.9973E-05 9.9973E-05
0.0161581 0.311307 0.0703755 0.392639 0.136134 0.0164322 0.0567543 9.9982E-05 9.9982E-05
9.9982E-05 0.104785 0.0170683 0.531731 9.9982E-05 0.0240235 0.0575895 0.164315 0.100288
9.9991E-05 0.114584 0.0567928 0.344034 0.07225 0.0429123 0.167907 0.134868 0.0665532
0.0439443 0.0350638 9.9982E-05 0.350682 9.9982E-05 0.0318912 0.186114 0.117362 0.234743
0.143567 0.0210037 9.9982E-05 0.304621 9.9982E-05 0.188435 0.196044 0.0209185 0.12521
9.99724E-05 9.99724E-05 9.99724E-05 0.445196 0.13093 0.0967738 0.213278 0.113422 9.99724E-05
9.9973E-05 0.217382 9.9973E-05 0.339955 9.9973E-05 0.0695319 0.20807 0.150233 0.014528
0.0159384 0.621892 9.9964E-05 9.9964E-05 9.9964E-05 9.9964E-05 0.0920549 0.169063 0.100652
0.0360686 0.0744127 0.0164206 0.577641 0.0110502 0.0777624 0.185813 0.0207318 9.9991E-05
9.9955E-05 0.428535 9.9955E-05 9.9955E-05 9.9955E-05 9.9955E-05 0.0320078 0.358093 0.180864
9.9964E-05 0.296238 9.9964E-05 0.473286 9.9964E-05 9.9964E-05 0.152198 0.0583026 0.0195753
9.9955E-05 0.773142 9.9955E-05 0.0512646 0.11748 9.9955E-05 9.9955E-05 9.9955E-05 0.057614
0.00126431 0.911361 9.9955E-05 9.9955E-05 0.0722419 9.9955E-05 9.9955E-05 0.0146327 9.9955E-05
9.9955E-05 0.467631 0.0161807 0.452917 0.0627709 9.9955E-05 9.9955E-05 9.9955E-05 9.9955E-05
9.9955E-05 0.368954 9.9955E-05 0.621185 9.9955E-05 9.9955E-05 0.00680001 0.00256075 9.9955E-05
9.9937E-05 0.660237 9.9937E-05 0.339063 9.9937E-05 9.9937E-05 9.9937E-05 9.9937E-05 9.9937E-05
9.9955E-05 0.503895 9.9955E-05 0.465923 0.0140466 0.0156359 9.9955E-05 9.9955E-05 9.9955E-05
9.9937E-05 0.535257 9.9937E-05 0.464043 9.9937E-05 9.9937E-05 9.9937E-05 9.9937E-05 9.9937E-05
0.0418454 0.0737526 9.9973E-05 0.0858396 9.9973E-05 0.00226135 0.0273609 0.76864 9.9973E-05
0.0420562 0.0677069 0.0214614 9.9973E-05 9.9973E-05 0.120907 0.108549 0.63902 9.9973E-05
0.0423835 9.9964E-05 0.0448104 9.9964E-05 9.9964E-05 0.0023696 0.0610474 0.848989 9.9964E-05
0.151587 9.9955E-05 9.9955E-05 0.0121011 9.9955E-05 9.9955E-05 9.9955E-05 0.794645 0.0411669
0.0614961 0.0853177 0.0422443 0.455039 0.305348 0.00548287 0.0321967 0.0127747 9.9991E-05
0.00563136 9.9982E-05 0.0719066 0.342283 0.405062 0.0143445 0.116433 0.0441391 9.9982E-05
0.0582016 0.0159283 0.109634 0.409696 0.40614 9.9964E-05 9.9964E-05 9.9964E-05 9.9964E-05
0.0470908 9.9964E-05 0.00621545 0.550808 0.325226 9.9964E-05 9.9964E-05 0.07026 9.9964E-05
0.00854883 0.0259276 9.9982E-05 0.515877 0.275675 0.0734463 0.0182381 0.0820875 9.9982E-05
0.0263209 0.0339758 0.0666104 0.240464 0.497817 0.0723655 9.9982E-05 9.9982E-05 0.0622464
9.9955E-05 9.9955E-05 0.0251178 0.453712 0.46287 9.9955E-05 0.0578005 9.9955E-05 9.9955E-05
0.0445858 9.9955E-05 9.9955E-05 0.333493 0.483919 9.9955E-05 9.9955E-05 9.9955E-05 0.137503
0.0228887 0.05122 0.0593692 0.504265 9.9973E-05 9.9973E-05 0.0753293 0.286628 9.9973E-05
9.9973E-05 0.154352 0.0310025 0.301596 0.37408 9.9973E-05 0.052853 9.9973E-05 0.0858164
0.038218 9.9964E-05 0.088285 0.283515 0.552031 0.0375517 9.9964E-05 9.9964E-05 9.9964E-05
0.00375549 0.0943028 0.0246434 0.573104 0.283987 0.0199075 9.9973E-05 9.9973E-05 9.9973E-05
0.000559656 0.0879991 0.0452551 0.352218 0.4982 9.9973E-05 9.9973E-05 0.0154681 9.9973E-05
9.9964E-05 0.0894269 9.9964E-05 0.539899 0.299252 9.9964E-05 9.9964E-05 0.0303344 0.040688
9.9973E-05 0.0763029 9.9973E-05 0.54457 0.267146 0.0238507 0.0648247 0.0230055 9.9973E-05
9.9955E-05 0.0835653 9.9955E-05 0.0589773 0.834746 9.9955E-05 9.9955E-05 9.9955E-05 0.0222118
0.0309209 9.9973E-05 0.0620927 0.184191 0.574383 9.9973E-05 0.0343586 9.9973E-05 0.113754
0.0322761 9.9982E-05 0.0046743 0.267034 0.649677 0.00842084 0.0146625 0.0230554 9.9982E-05
9.9946E-05 0.0850922 9.9946E-05 9.9946E-05 0.775014 9.9946E-05 9.9946E-05 9.9946E-05 0.139294
0.0169802 0.0758506 0.134356 0.406424 0.320753 0.0373733 9.9982E-05 0.0080639 9.9982E-05
9.9955E-05 0.0308096 9.9955E-05 0.0706413 0.62484 9.9955E-05 9.9955E-05 9.9955E-05 0.273209
9.9946E-05 0.0996976 9.9946E-05 9.9946E-05 0.734989 9.9946E-05 9.9946E-05 9.9946E-05 0.164714
0.0348164 0.0249082 9.9982E-05 0.511872 0.278447 0.0231194 0.0732124 0.053425 9.9982E-05
0.00917894 9.9973E-05 0.135846 0.148869 0.650834 0.0318046 9.9973E-05 0.023168 9.9973E-05
9.9964E-05 9.9964E-05 0.173753 0.302621 0.384793 9.9964E-05 0.103751 9.9964E-05 0.0346828
0.0257916 9.9982E-05 9.9982E-05 0.577877 0.223924 0.0276013 0.043799 0.0947577 0.00604994
0.0135618 9.9991E-05 0.124135 0.449525 0.311483 0.0109714 0.00256793 0.0285703 0.0590853
9.9973E-05 0.0908089 0.320539 0.347599 0.0026217 0.0357555 9.9973E-05 9.9973E-05 0.202376
0.00879068 9.9973E-05 0.0149928 0.475655 0.346785 0.0837459 0.0697303 9.9973E-05 9.9973E-05
9.9964E-05 9.9964E-05 0.0976443 0.458914 0.383521 9.9964E-05 0.0211749 0.0383463 9.9964E-05
0.0159597 0.0233384 9.9964E-05 0.26087 0.620665 9.9964E-05 9.9964E-05 9.9964E-05 0.0787671
0.0137371 0.0533015 9.9991E-05 0.486706 0.265007 0.0179791 0.0533727 0.0784942 0.0313022
0.0268739 9.99743E-05 0.136101 9.99743E-05 9.99743E-05 0.181816 0.00629446 0.590373 0.0582413
0.0881528 0.00103189 0.0336993 0.0181215 0.0476762 0.0844914 9.9991E-05 0.666324 0.0604027
0.123604 9.9955E-05 9.9955E-05 9.9955E-05 9.9955E-05 0.101834 9.9955E-05 0.691779 0.0822831
0.0886963 0.00356066 9.9973E-05 9.9973E-05 0.030739 0.132797 9.9973E-05 0.70213 0.0417766
0.0512626 9.9964E-05 9.9964E-05 0.0473692 9.9964E-05 0.178143 9.9964E-05 0.677552 0.0452735
9.9964E-05 9.9964E-05 0.147064 0.0150625 0.728909 9.9964E-05 0.0481224 0.0604419 9.9964E-05
