0.0593576 0.0188201 0.0129546 9.9991E-05 0.154005 0.684543 0.0702195
9.9973E-05 9.9973E-05 0.0693317 9.9973E-05 0.0733799 0.750887 0.106102
0.0485249 9.9991E-05 0.0591371 0.0534897 0.163853 0.535296 0.139599
0.0406688 0.112978 9.9991E-05 0.00760283 0.0379408 0.639176 0.161533
9.9964E-05 0.00769519 9.9964E-05 9.9964E-05 0.130295 0.86161 9.9964E-05
0.0561903 0.169761 9.9973E-05 9.9973E-05 9.9973E-05 0.658239 0.115511
0.00664981 0.28023 9.9982E-05 9.9982E-05 0.0372606 0.480826 0.194834
9.99729E-05 9.99729E-05 0.0922406 0.058855 0.150248 0.698356 9.99729E-05
0.01824 0.0181894 9.9982E-05 0.729546 9.9982E-05 0.230462 0.00336254
0.9994 9.995E-05 9.995E-05 9.995E-05 9.995E-05 9.995E-05 9.995E-05
0.9994 9.995E-05 9.995E-05 9.995E-05 9.995E-05 9.995E-05 9.995E-05
9.9955E-05 9.9955E-05 0.183553 0.815947 9.9955E-05 9.9955E-05 9.9955E-05
0.0205345 0.000581544 0.017318 0.564902 0.153898 0.227511 0.0152545
0.0586855 0.0310593 9.9982E-05 0.710943 9.9982E-05 0.176562 0.0225506
0.0210642 9.9973E-05 9.9973E-05 0.922879 0.0484385 9.9973E-05 0.00731828
9.9955E-05 9.9955E-05 9.9955E-05 0.931996 0.0675042 9.9955E-05 9.9955E-05
9.9964E-05 0.137429 0.0933717 0.768799 9.9964E-05 9.9964E-05 9.9964E-05
0.0173976 9.9973E-05 9.9973E-05 0.0901888 9.9973E-05 0.58964 0.302474
0.0693893 9.9973E-05 9.9973E-05 9.9973E-05 0.0542748 0.797881 0.0781552
0.0634071 9.9973E-05 0.0298758 9.9973E-05 0.0772352 0.829182 9.9973E-05
0.0423393 9.9973E-05 0.0649562 9.9973E-05 0.0750856 0.817319 9.9973E-05
0.0419455 0.0394916 0.0098961 9.9991E-05 0.0294198 0.751272 0.127876
0.0164821 9.9982E-05 0.0428505 9.9982E-05 0.0128306 0.845602 0.0820346
0.00742238 9.9982E-05 0.0156979 9.9982E-05 0.0255334 0.913057 0.0380895
0.0406312 9.9964E-05 0.12591 0.833059 9.9964E-05 9.9964E-05 9.9964E-05
9.9982E-05 0.166895 0.1617 0.53362 0.0369429 0.100641 9.9982E-05
0.00545912 0.378256 0.0782479 0.375301 0.0952379 0.067399 9.9991E-05
0.0413949 0.158861 0.26824 0.457476 9.9991E-05 0.0243367 0.0495902
9.9955E-05 9.9955E-05 0.76342 9.9955E-05 9.9955E-05 0.23608 9.9955E-05
0.0373528 9.9955E-05 0.962147 9.9955E-05 9.9955E-05 9.9955E-05 9.9955E-05
9.997E-05 0.608682 0.0625371 0.311861 9.997E-05 9.997E-05 0.016619
9.9973E-05 0.553788 0.223164 9.9973E-05 0.0609708 0.161777 9.9973E-05
9.9982E-05 0.126523 0.012283 9.9982E-05 0.0722071 0.736758 0.0520283
0.0282326 9.9973E-05 0.0751428 9.9973E-05 0.0635139 0.832811 9.9973E-05
0.0326305 9.9973E-05 0.0119318 9.9973E-05 0.00110053 0.954037 9.9973E-05
9.9955E-05 0.0226003 9.9955E-05 9.9955E-05 9.9955E-05 0.9769 9.9955E-05
0.0739174 9.9973E-05 0.133325 9.9973E-05 9.9973E-05 0.744136 0.0483215
0.037732 9.9982E-05 0.0290792 9.9982E-05 0.155897 0.765679 0.0114122
9.9973E-05 9.9973E-05 0.0546305 9.9973E-05 0.205139 0.625362 0.114568
0.0244607 9.9991E-05 0.0726073 0.0473825 0.0854426 0.761616 0.0083912
9.9982E-05 9.9982E-05 0.056176 0.00170752 0.019157 0.871837 0.0509229
9.9973E-05 9.9973E-05 0.166478 9.9973E-05 0.11407 0.676754 0.0423986
0.0146877 9.9973E-05 9.9973E-05 0.302078 9.9973E-05 0.676391 0.00654361
0.0283324 9.9973E-05 9.9973E-05 0.29885 9.9973E-05 0.611936 0.0605815
0.0209759 9.9982E-05 9.9982E-05 0.350624 0.0703055 0.538763 0.0191309
9.9964E-05 9.9964E-05 9.9964E-05 0.39225 9.9964E-05 0.511121 0.0962296
9.9964E-05 9.9964E-05 0.00544963 0.991706 0.00244484 9.9964E-05 9.9964E-05
9.9982E-05 0.278785 9.9982E-05 0.413533 0.0757434 0.110293 0.121445
9.9973E-05 0.0682893 9.9973E-05 0.599819 9.9973E-05 0.212636 0.118956
0.0100917 9.9982E-05 0.0983104 0.0453474 9.9982E-05 0.796488 0.0495622
0.0406848 0.104555 0.00780743 9.9991E-05 0.0146882 0.705158 0.127006
0.0080796 9.9973E-05 9.9973E-05 0.444251 9.9973E-05 0.52689 0.0204798
0.992457 9.9955E-05 9.9955E-05 9.9955E-05 9.9955E-05 0.00704362 9.9955E-05
9.9982E-05 0.0668948 0.659141 9.9982E-05 0.149312 0.0419917 0.0824606
9.9955E-05 9.9955E-05 0.0766212 0.922879 9.9955E-05 9.9955E-05 9.9955E-05
9.9973E-05 9.9973E-05 0.135218 0.775431 0.0499786 9.9973E-05 0.0390731
9.995E-05 9.995E-05 9.995E-05 9.995E-05 0.9994 9.995E-05 9.995E-05
9.995E-05 9.995E-05 9.995E-05 9.995E-05 0.9994 9.995E-05 9.995E-05
9.9991E-05 0.052227 0.0509764 0.00408835 0.407918 0.408108 0.0765825
9.9964E-05 9.9964E-05 9.9964E-05 0.0149204 0.965581 0.0190991 9.9964E-05
0.0158798 0.00826412 9.9982E-05 9.9982E-05 0.857521 0.0950085 0.0231268
0.044927 9.9973E-05 9.9973E-05 0.652711 0.156158 0.145904 9.9973E-05
9.9955E-05 0.758716 9.9955E-05 0.240784 9.9955E-05 9.9955E-05 9.9955E-05
0.0257871 0.649298 0.0202287 0.304386 9.9973E-05 9.9973E-05 9.9973E-05
0.0595137 0.5873 9.9973E-05 0.349944 0.00294248 9.9973E-05 9.9973E-05
9.9973E-05 0.218363 0.593075 0.164391 9.9973E-05 0.023871 9.9973E-05
0.0279164 9.9973E-05 0.86267 9.9973E-05 0.0578941 9.9973E-05 0.0512195
9.9973E-05 0.171238 9.9973E-05 0.805263 0.0166923 9.9973E-05 0.00650595
9.9973E-05 0.091507 9.9973E-05 0.810101 9.9973E-05 0.0239765 0.0741158
0.0105077 0.0588563 0.273576 0.505201 0.0712656 0.0750407 0.00555249
0.0122886 0.0383911 0.586546 0.196243 9.9991E-05 0.0304991 0.135932
9.9955E-05 0.0202894 9.9955E-05 0.979211 9.9955E-05 9.9955E-05 9.9955E-05
0.0218431 0.043872 9.9973E-05 0.89204 9.9973E-05 0.0419445 9.9973E-05
0.0288716 9.997E-05 9.997E-05 9.997E-05 0.13032 0.70384 0.136668
0.0674585 9.998E-05 0.0498477 9.998E-05 0.0798058 0.77184 0.0308483
9.9955E-05 9.9955E-05 0.0757307 0.92377 9.9955E-05 9.9955E-05 9.9955E-05
9.9973E-05 0.201685 0.0566461 0.712324 9.9973E-05 9.9973E-05 0.0290451
9.9964E-05 9.9964E-05 0.0344562 0.942952 9.9964E-05 9.9964E-05 0.0221918
0.0416445 9.9982E-05 9.9982E-05 0.216077 0.0810054 0.646964 0.0141089
0.0721968 9.9991E-05 0.0128088 0.138747 0.147304 0.543667 0.0851761
0.137654 9.9982E-05 0.0962447 0.0635524 0.00206029 0.700288 9.9982E-05
0.0775571 9.998E-05 9.998E-05 0.105846 0.0576703 0.699245 0.0594821
9.9964E-05 9.9964E-05 0.979156 0.0163458 0.00409818 9.9964E-05 9.9964E-05
0.00543132 9.9964E-05 0.901766 0.0924031 9.9964E-05 9.9964E-05 9.9964E-05
0.0339607 9.9964E-05 0.961677 9.9964E-05 9.9964E-05 9.9964E-05 0.00396252
0.0115804 9.9973E-05 0.0193674 0.0331429 0.935609 9.9973E-05 9.9973E-05
0.0831504 9.9973E-05 9.9973E-05 0.647449 0.0723254 0.196775 9.9973E-05
0.0330076 0.0344381 9.9982E-05 9.9982E-05 0.112065 0.766945 0.0533446
0.0455392 0.0728406 9.9982E-05 0.0480003 9.9982E-05 0.760685 0.0727349
0.0957058 9.997E-05 9.997E-05 9.997E-05 0.149148 0.666426 0.0884206
9.9982E-05 9.9982E-05 0.0147356 0.0678436 0.111641 0.561277 0.244303
9.9973E-05 0.0654754 9.9973E-05 9.9973E-05 0.0829744 0.669946 0.181304
0.0109978 0.056046 0.0761963 9.9991E-05 0.0245978 0.750317 0.0817447
0.0178657 0.0577214 9.9982E-05 9.9982E-05 0.0577177 0.748363 0.118132
0.0464292 0.0167524 9.9982E-05 9.9982E-05 0.0772818 0.788326 0.0710103
0.026014 0.0776105 9.9982E-05 9.9982E-05 0.118079 0.73568 0.0424167
9.9973E-05 0.0366673 0.0307506 9.9973E-05 9.9973E-05 0.835466 0.0968158
0.0498936 0.00217157 0.00426502 9.9991E-05 0.0752656 0.726571 0.141733
0.0385872 9.9964E-05 9.9964E-05 9.9964E-05 9.9964E-05 0.0208753 0.940138
0.0317708 9.9982E-05 0.00622327 9.9982E-05 0.00754201 0.0605323 0.893732
9.9955E-05 9.9955E-05 0.0160866 9.9955E-05 9.9955E-05 9.9955E-05 0.983414
9.9964E-05 0.00633656 9.9964E-05 9.9964E-05 0.0301636 9.9964E-05 0.9631
9.995E-05 9.995E-05 9.995E-05 9.995E-05 9.995E-05 9.995E-05 0.9994
0.0110389 0.988461 9.9955E-05 9.9955E-05 9.9955E-05 9.9955E-05 9.9955E-05
0.0217356 0.881797 0.0943617 9.9973E-05 9.9973E-05 9.9973E-05 0.0018055
9.995E-05 0.9994 9.995E-05 9.995E-05 9.995E-05 9.995E-05 9.995E-05
9.9955E-05 0.964023 0.0354772 9.9955E-05 9.9955E-05 9.9955E-05 9.9955E-05
0.0289567 9.9973E-05 0.869889 0.0597953 0.0410589 9.9973E-05 9.9973E-05
