0.0412573 0.728665 0.0464862 9.9991E-05 0.0691811 0.11431
0.0307983 0.800049 0.0503515 9.9991E-05 0.0621255 0.0565759
0.0215805 0.620269 0.147098 9.9991E-05 0.0873054 0.123647
0.0357227 0.666756 0.0929 0.0170182 0.0207834 0.166819
9.9982E-05 0.821961 0.0667533 9.9982E-05 0.0987577 0.0123284
0.0734999 0.673103 0.0996275 0.0208228 0.0108145 0.122133
0.0261833 0.5407 0.106233 0.124319 0.0871009 0.115464
0.0149601 0.694549 0.155304 0.0266836 0.093394 0.0151094
0.00114104 9.9973E-05 0.793969 0.20459 9.9973E-05 9.9973E-05
0.9995 9.996E-05 9.996E-05 9.996E-05 9.996E-05 9.996E-05
0.9995 9.996E-05 9.996E-05 9.996E-05 9.996E-05 9.996E-05
9.9964E-05 9.9964E-05 9.9964E-05 0.900898 9.9964E-05 0.0987022
0.0583591 0.0601296 0.546828 0.203536 0.105705 0.0254424
0.0491643 9.9973E-05 0.601712 0.348824 9.9973E-05 9.9973E-05
0.0105406 9.9982E-05 0.122473 0.834332 0.0324547 9.9982E-05
9.9973E-05 9.9973E-05 0.0793584 0.859422 0.0609195 9.9973E-05
9.9964E-05 0.0527934 9.9964E-05 0.946807 9.9964E-05 9.9964E-05
0.0236408 0.600664 0.0808803 9.9991E-05 0.0483285 0.246386
0.0622555 0.839021 9.9982E-05 9.9982E-05 0.035426 0.0630972
0.0447921 0.830616 9.9973E-05 9.9973E-05 0.124292 9.9973E-05
0.0405814 0.843417 9.9973E-05 9.9973E-05 0.115702 9.9973E-05
0.022997 0.814036 0.0366803 0.0167921 9.9991E-05 0.109394
0.0270356 0.832696 0.031634 9.9991E-05 0.0579105 0.0506238
0.000599771 0.874997 0.0701567 9.9982E-05 0.0540461 9.9982E-05
9.9964E-05 9.9964E-05 0.467629 0.531972 9.9964E-05 9.9964E-05
9.9982E-05 0.113281 0.338175 0.48907 0.0592743 9.9982E-05
0.0432633 0.0405303 0.239802 0.637893 0.0384113 9.9991E-05
0.0584901 0.144258 0.0995626 0.687703 9.9991E-05 0.00988618
9.9964E-05 0.66527 9.9964E-05 0.334331 9.9964E-05 9.9964E-05
0.0626586 0.510502 9.9982E-05 0.38617 9.9982E-05 0.0404696
0.0143115 9.9982E-05 0.0918247 0.830533 9.9982E-05 0.0631308
9.9982E-05 0.325297 9.9982E-05 0.549256 0.0813104 0.0439363
9.999E-05 0.72285 0.069283 0.0637576 0.109112 0.0348977
0.0564703 0.84469 9.9982E-05 9.9982E-05 0.0355703 0.0630696
0.0297509 0.931412 9.9982E-05 9.9982E-05 0.0366671 0.00197008
0.0180631 0.928704 0.0529331 9.9973E-05 9.9973E-05 9.9973E-05
0.0571871 0.854647 9.9973E-05 9.9973E-05 9.9973E-05 0.0878657
0.0478743 0.805839 9.9991E-05 0.0119798 0.124184 0.0100236
0.0106832 0.75777 9.9982E-05 9.9982E-05 0.150681 0.0806665
0.0169172 0.8259 0.0916932 9.9982E-05 0.0652892 9.9982E-05
9.9982E-05 0.833381 0.0384756 9.9982E-05 0.00606316 0.12188
9.9982E-05 0.798775 0.0838641 0.00973666 0.107424 9.9982E-05
0.0326999 0.368905 0.550686 9.9982E-05 9.9982E-05 0.0475092
0.0274617 0.338683 0.57259 9.9982E-05 9.9982E-05 0.0610654
9.9982E-05 0.312364 0.615141 9.9982E-05 0.0584061 0.0138882
9.9982E-05 0.29937 0.639419 0.00431631 9.9982E-05 0.0566943
9.9973E-05 9.9973E-05 0.0839287 0.911511 0.00426071 9.9973E-05
9.9973E-05 9.9973E-05 0.915287 0.0350724 0.0493401 9.9973E-05
9.996E-05 9.996E-05 0.9995 9.996E-05 9.996E-05 9.996E-05
0.0740015 0.77137 9.9982E-05 0.0659514 9.9982E-05 0.0884774
0.0706416 0.606796 0.13343 0.0101774 9.9991E-05 0.178855
0.0144611 0.30503 0.680088 9.9982E-05 9.9982E-05 0.000220952
0.975818 9.9964E-05 0.0237822 9.9964E-05 9.9964E-05 9.9964E-05
9.9982E-05 0.365179 9.9982E-05 0.357063 0.119895 0.157663
9.9964E-05 9.9964E-05 0.0955931 0.904007 9.9964E-05 9.9964E-05
9.9973E-05 9.9973E-05 0.330914 0.597057 9.9973E-05 0.0717289
9.996E-05 9.996E-05 9.996E-05 9.996E-05 0.9995 9.996E-05
9.9964E-05 9.9964E-05 9.9964E-05 9.9964E-05 0.9568 0.0428003
9.9982E-05 0.391006 9.9982E-05 0.0816614 0.450396 0.076737
0.00989908 0.00026426 9.9973E-05 9.9973E-05 0.989537 9.9973E-05
0.0254906 0.107222 9.9982E-05 9.9982E-05 0.860589 0.0064984
9.9973E-05 9.9973E-05 0.764439 0.154709 0.0805516 9.9973E-05
0.0209621 9.9982E-05 0.0753849 0.889456 0.0139974 9.9982E-05
0.0477198 9.9982E-05 0.191538 0.758416 0.00212577 9.9982E-05
0.0473514 9.9982E-05 0.167011 0.777968 9.9982E-05 0.00746955
9.9973E-05 0.328548 9.9973E-05 0.660832 0.0103203 9.9973E-05
0.00493821 0.570419 9.9991E-05 0.362969 0.034333 0.0272407
9.9973E-05 9.9973E-05 0.0977112 0.890957 9.9973E-05 0.0110321
9.9982E-05 9.9982E-05 0.1109 0.82733 0.0280421 0.0335281
0.0417135 0.137294 0.117011 0.624101 0.0789759 0.000903992
0.0124334 0.39534 9.9982E-05 0.499725 9.9982E-05 0.092301
0.00751601 9.9973E-05 9.9973E-05 0.983441 0.00874297 9.9973E-05
0.0265409 0.0216496 0.0249035 0.926706 9.9982E-05 9.9982E-05
0.015344 0.746992 0.0380039 9.9991E-05 0.0656947 0.133865
0.107097 0.756456 9.9982E-05 9.9982E-05 0.0982024 0.0380447
9.9964E-05 9.9964E-05 9.9964E-05 0.995737 0.00386351 9.9964E-05
0.0195375 9.9982E-05 0.053248 0.870637 9.9982E-05 0.0563775
9.9964E-05 9.9964E-05 9.9964E-05 0.901142 9.9964E-05 0.098458
0.0342114 0.467939 0.413456 9.9991E-05 0.0770469 0.00724627
0.0453773 0.372095 0.335168 9.9991E-05 0.11848 0.128779
0.117274 0.627266 0.25516 9.9973E-05 9.9973E-05 9.9973E-05
0.0879393 0.630743 0.251814 9.9991E-05 0.0173803 0.0120239
9.9973E-05 0.360035 9.9973E-05 0.495731 0.143934 9.9973E-05
0.0373462 0.4427 9.9973E-05 0.519654 9.9973E-05 9.9973E-05
0.0709491 0.430752 9.9982E-05 0.427379 9.9982E-05 0.0707203
0.0101076 9.99729E-05 0.125602 9.99729E-05 0.863991 9.99729E-05
0.0337702 9.9982E-05 0.893255 0.0562057 0.0165688 9.9982E-05
0.0226905 0.715253 0.036338 9.9991E-05 0.154397 0.071221
0.0266537 0.687834 0.209265 9.9991E-05 0.0135188 0.0626282
0.0458617 0.723857 0.0293716 9.9991E-05 0.130232 0.0705777
0.0208408 0.610279 0.141665 9.9991E-05 0.0463083 0.180807
0.00722859 0.70311 0.128047 9.9991E-05 0.0323983 0.129116
0.0103944 0.875433 9.9991E-05 0.0500744 0.0132206 0.0507773
0.0103615 0.84619 9.9991E-05 0.0203363 0.0788064 0.0442055
0.0242611 0.816226 0.0377255 9.9991E-05 0.0246387 0.0970487
0.0624303 0.684051 0.0577765 9.9991E-05 0.176231 0.0194116
9.9964E-05 0.933459 0.0661406 9.9964E-05 9.9964E-05 9.9964E-05
0.0410941 0.746829 0.0244277 9.9991E-05 0.106271 0.0812783
0.0189115 9.9964E-05 9.9964E-05 9.9964E-05 9.9964E-05 0.980689
0.0120037 0.0984325 9.9973E-05 9.9973E-05 9.9973E-05 0.889264
9.996E-05 9.996E-05 9.996E-05 9.996E-05 9.996E-05 0.9995
9.9973E-05 9.9973E-05 9.9973E-05 0.00987114 0.0402386 0.94959
9.996E-05 9.996E-05 9.996E-05 9.996E-05 9.996E-05 0.9995
0.0745337 0.0269461 0.101222 0.797098 9.9982E-05 9.9982E-05
0.0166821 9.9991E-05 0.017492 0.753854 0.17947 0.0324023
9.9982E-05 0.0286812 0.0638624 0.854466 0.0527904 9.9982E-05
9.9973E-05 0.132316 9.9973E-05 0.855354 0.0120297 9.9973E-05
0.0564743 0.38966 9.9991E-05 0.452614 0.0950354 0.00611604
