9.9982E-05 0.0597529 0.0913025 0.0536908 0.0855864 9.9982E-05 0.709467
0.0482398 0.017799 0.110845 9.9982E-05 0.120153 9.9982E-05 0.702764
9.999E-05 0.018871 0.144619 0.0474537 0.141142 0.0940952 0.553719
0.0641097 0.0468423 0.0101078 0.0268853 0.117188 9.9991E-05 0.734767
0.0323344 9.9964E-05 0.120976 9.9964E-05 9.9964E-05 9.9964E-05 0.846289
0.0762532 0.0705842 9.9991E-05 0.00861638 0.0761317 0.0261733 0.742141
0.155484 0.0187915 0.0442087 0.0705289 0.157631 9.9991E-05 0.553256
0.00351875 9.9982E-05 0.0871515 0.124223 9.9982E-05 0.0357242 0.749183
0.173352 0.00907754 9.9964E-05 0.817171 9.9964E-05 9.9964E-05 9.9964E-05
9.995E-05 0.9994 9.995E-05 9.995E-05 9.995E-05 9.995E-05 9.995E-05
9.995E-05 0.9994 9.995E-05 9.995E-05 9.995E-05 9.995E-05 9.995E-05
0.864531 9.9973E-05 9.9973E-05 9.9973E-05 0.0777505 0.0361902 0.0212285
0.198589 0.0541175 0.0696365 0.545563 9.9991E-05 0.0308688 0.101125
0.326288 0.0361574 9.9973E-05 0.633167 9.9973E-05 9.9973E-05 0.00408718
0.836691 0.0113251 0.0372757 0.114408 9.9973E-05 9.9973E-05 9.9973E-05
0.846811 0.00945166 0.0893074 0.0541299 9.9973E-05 9.9973E-05 9.9973E-05
0.890605 9.9955E-05 9.9955E-05 9.9955E-05 9.9955E-05 9.9955E-05 0.108895
0.0312177 0.038112 0.0419249 0.0196927 0.204041 0.0217136 0.643298
9.9973E-05 0.0304686 0.0535023 9.9973E-05 0.0745087 9.9973E-05 0.841221
9.9973E-05 0.0292914 0.143924 0.00045059 9.9973E-05 9.9973E-05 0.826034
9.9964E-05 0.0282593 0.114518 9.9964E-05 9.9964E-05 9.9964E-05 0.856823
0.0378258 0.0205153 0.0179422 9.9991E-05 0.0491013 0.028964 0.845552
0.0393804 0.0166691 9.9982E-05 0.0142596 0.0528012 9.9982E-05 0.87669
9.9964E-05 0.0078151 9.9964E-05 0.0436505 9.9964E-05 9.9964E-05 0.948135
0.555677 9.9964E-05 9.9964E-05 0.37386 9.9964E-05 0.0700638 9.9964E-05
0.348604 9.9973E-05 0.0867457 0.432905 9.9973E-05 0.131445 9.9973E-05
0.485037 0.0367559 0.0259231 0.309913 9.9982E-05 0.142171 9.9982E-05
0.54114 0.0521928 9.9991E-05 0.0800252 0.0387407 0.19845 0.0893517
9.9955E-05 9.9955E-05 9.9955E-05 9.9955E-05 9.9955E-05 0.799383 0.200118
9.9973E-05 0.0440142 9.9973E-05 9.9973E-05 0.0533779 0.882607 0.0197008
0.599679 0.0168273 9.9982E-05 0.110787 0.0612765 0.211231 9.9982E-05
0.435576 0.00842887 0.124483 9.9982E-05 9.9982E-05 0.216612 0.214701
0.0486251 9.9991E-05 0.111163 0.0557321 0.00730057 0.0348602 0.742219
0.0230057 0.06771 0.0114095 9.9982E-05 0.0519846 9.9982E-05 0.84569
9.9964E-05 9.9964E-05 0.0265093 9.9964E-05 9.9964E-05 0.0247957 0.948295
9.9955E-05 9.9955E-05 9.9955E-05 0.0648191 9.9955E-05 9.9955E-05 0.934681
9.9973E-05 0.0599372 9.9973E-05 9.9973E-05 0.0510138 0.105635 0.783114
0.0120788 0.0304564 0.165048 9.9982E-05 9.9982E-05 0.0237792 0.768438
9.9982E-05 0.0138341 0.192279 9.9982E-05 0.0844518 0.079471 0.629764
9.9982E-05 9.9982E-05 0.105112 0.0491085 0.0457163 0.103575 0.696288
0.0206524 0.000703091 0.0539591 9.9982E-05 0.0864128 9.9982E-05 0.838073
9.9982E-05 9.9982E-05 0.12234 0.039973 0.0264459 0.139766 0.671275
9.9964E-05 0.00929151 9.9964E-05 0.574615 9.9964E-05 9.9964E-05 0.415694
9.9973E-05 0.020467 9.9973E-05 0.562888 0.0570402 9.9973E-05 0.359305
9.9982E-05 0.000483013 0.0846248 0.623579 9.9982E-05 0.00842666 0.282687
9.9964E-05 9.9964E-05 9.9964E-05 0.666235 0.0808312 9.9964E-05 0.252534
0.958125 9.9964E-05 9.9964E-05 0.0139021 0.0275733 9.9964E-05 9.9964E-05
0.00591325 9.9973E-05 0.0392534 0.953322 0.00121126 9.9973E-05 9.9973E-05
9.995E-05 9.995E-05 9.995E-05 0.9994 9.995E-05 9.995E-05 9.995E-05
0.0508101 0.0423995 9.9982E-05 9.9982E-05 0.0686838 0.0411329 0.796774
0.0374852 0.0749257 9.9982E-05 0.10916 0.162955 9.9982E-05 0.615274
0.0104385 9.9973E-05 9.9973E-05 0.655164 0.0473914 9.9973E-05 0.286706
9.9955E-05 0.981519 9.9955E-05 0.0179812 9.9955E-05 9.9955E-05 9.9955E-05
0.0592363 9.9982E-05 0.223226 9.9982E-05 0.152648 0.499693 0.0649968
0.78819 9.9964E-05 9.9964E-05 0.134026 9.9964E-05 0.0773843 9.9964E-05
0.504603 9.9973E-05 9.9973E-05 0.333587 0.0759003 0.0856103 9.9973E-05
9.995E-05 9.995E-05 0.9994 9.995E-05 9.995E-05 9.995E-05 9.995E-05
9.9955E-05 9.9955E-05 0.975071 9.9955E-05 0.0244295 9.9955E-05 9.9955E-05
0.0610102 9.9973E-05 0.542427 9.9973E-05 0.0970202 9.9973E-05 0.299242
0.02983 9.9964E-05 0.953357 9.9964E-05 9.9964E-05 9.9964E-05 0.0164136
9.9955E-05 9.9955E-05 0.927211 9.9955E-05 9.9955E-05 9.9955E-05 0.072289
0.117535 0.0189594 0.0713579 0.791848 9.9973E-05 9.9973E-05 9.9973E-05
0.780645 0.0167338 0.000354054 0.0826779 0.000740997 0.118748 9.9991E-05
0.594866 0.000730319 9.9973E-05 0.220778 9.9973E-05 0.183326 9.9973E-05
0.666019 0.0361193 9.9973E-05 0.130782 9.9973E-05 0.16678 9.9973E-05
0.211821 9.9964E-05 9.9964E-05 0.059349 9.9964E-05 0.72843 9.9964E-05
0.0793614 0.00794411 0.0489894 9.9982E-05 9.9982E-05 0.597286 0.266219
0.944441 9.9955E-05 9.9955E-05 9.9955E-05 0.0550594 9.9955E-05 9.9955E-05
0.888456 9.9982E-05 0.00396176 0.00963611 0.00539272 9.9982E-05 0.0923538
0.564415 0.0252908 0.071917 0.0153386 9.9991E-05 0.131252 0.191686
0.227378 9.9973E-05 9.9973E-05 9.9973E-05 0.187494 0.494573 0.0902549
0.960835 0.000212512 9.9964E-05 9.9964E-05 9.9964E-05 9.9964E-05 0.0385526
0.939354 0.0254933 9.9964E-05 9.9964E-05 9.9964E-05 9.9964E-05 0.0347533
9.9973E-05 9.9973E-05 0.11573 0.0261289 0.0793214 9.9973E-05 0.77852
9.9973E-05 0.120552 0.0813865 9.9973E-05 9.9973E-05 0.00939203 0.788369
0.973514 9.9955E-05 0.0259867 9.9955E-05 9.9955E-05 9.9955E-05 9.9955E-05
0.822247 0.0336174 9.9982E-05 0.021124 0.0462679 0.076544 9.9982E-05
0.893497 9.9955E-05 9.9955E-05 9.9955E-05 0.106004 9.9955E-05 9.9955E-05
9.9991E-05 0.00501732 0.0207951 0.4135 0.0493097 0.0334352 0.477842
9.9991E-05 0.0261319 0.0976375 0.290884 0.203877 0.0196699 0.361699
9.9982E-05 0.129114 0.00155259 0.214213 9.9982E-05 0.0778666 0.577054
9.9982E-05 0.0803462 0.0336434 0.204207 9.9982E-05 0.0905099 0.591094
9.9964E-05 9.9964E-05 0.024264 0.0200434 9.9964E-05 0.955293 9.9964E-05
9.9955E-05 0.00527252 9.9955E-05 9.9955E-05 9.9955E-05 0.994228 9.9955E-05
9.9964E-05 0.0484188 9.9964E-05 9.9964E-05 0.00836369 0.942818 9.9964E-05
9.99639E-05 0.0158109 0.838159 0.14563 9.99639E-05 9.99639E-05 9.99639E-05
0.018486 0.0293357 0.00752482 0.944354 9.9973E-05 9.9973E-05 9.9973E-05
0.0152847 0.00442333 0.0918916 0.00648959 0.0240044 9.9991E-05 0.857806
9.9982E-05 0.00353144 0.0043906 0.200878 0.0140602 9.9982E-05 0.776939
0.00739507 0.0231323 0.0865171 9.9982E-05 0.0215156 9.9982E-05 0.86124
9.9982E-05 9.9982E-05 0.055145 0.143426 0.179882 0.0494304 0.571917
9.9982E-05 0.0105305 0.0997783 0.0824655 0.0902765 9.9982E-05 0.716749
0.0135711 0.0402661 0.0663051 9.9973E-05 9.9973E-05 9.9973E-05 0.879558
0.0236305 0.0269527 0.0723138 0.0154417 0.0214099 9.9991E-05 0.840151
9.9964E-05 0.0257699 9.9964E-05 9.9964E-05 0.0653186 9.9964E-05 0.908512
9.9982E-05 0.0528899 0.152944 0.0974175 0.00774787 9.9982E-05 0.688801
9.9964E-05 9.9964E-05 9.9964E-05 0.0532806 9.9964E-05 0.0349658 0.911354
9.9991E-05 0.0498386 0.0691177 0.0198577 0.0336757 0.0158759 0.811534
9.9955E-05 0.0218926 9.9955E-05 9.9955E-05 0.977608 9.9955E-05 9.9955E-05
9.9964E-05 0.0310686 9.9964E-05 9.9964E-05 0.859767 9.9964E-05 0.108765
9.995E-05 9.995E-05 9.995E-05 9.995E-05 0.9994 9.995E-05 9.995E-05
0.00433652 9.9964E-05 0.0412782 9.9964E-05 0.953985 9.9964E-05 9.9964E-05
9.995E-05 9.995E-05 9.995E-05 9.995E-05 0.9994 9.995E-05 9.995E-05
0.723054 0.0546663 0.0447139 0.0297209 9.9982E-05 0.147645 9.9982E-05
0.576259 0.0117394 0.0844725 0.0645506 0.0152226 0.247656 9.9991E-05
0.751522 9.9964E-05 0.0694087 9.9964E-05 9.9964E-05 0.17867 9.9964E-05
0.632174 9.9973E-05 0.00742252 0.0167319 9.9973E-05 0.343372 9.9973E-05
0.0412061 0.0486014 0.120699 0.0271136 9.9991E-05 0.761948 0.000331807
