9.9946E-05 9.9946E-05 0.0684264 9.9946E-05 0.0734151 0.786732 9.9946E-05 9.9946E-05 0.0708272 9.9946E-05
0.0851649 0.0800853 0.0728684 9.9973E-05 0.00296112 0.607406 9.9973E-05 9.9973E-05 0.119001 0.0322143
0.0665457 9.9973E-05 0.0883121 9.9973E-05 0.0149432 0.575447 0.0669803 9.9973E-05 0.123129 0.0643427
0.125139 0.0358233 0.0573966 9.9991E-05 0.0104532 0.660935 0.00351073 0.0205766 0.0507349 0.0353308
9.9964E-05 0.017097 9.9964E-05 0.00727314 9.9964E-05 0.797001 9.9964E-05 0.00571117 0.169498 0.00302022
9.9964E-05 0.126581 0.0519707 0.14908 0.049071 0.617296 9.9964E-05 9.9964E-05 9.9964E-05 0.00560222
9.9982E-05 0.154021 0.112223 0.175867 0.0453986 0.388832 0.114876 9.9982E-05 0.000458585 0.00812458
0.289762 0.0372628 9.99729E-05 9.99729E-05 0.00415949 0.501446 0.00734428 0.0549381 0.104787 9.99729E-05
0.3929 9.9955E-05 9.9955E-05 0.259108 0.00139674 9.9955E-05 0.135032 0.211063 9.9955E-05 9.9955E-05
9.99201E-05 9.99201E-05 9.99201E-05 9.99201E-05 0.999101 9.99201E-05 9.99201E-05 9.99201E-05 9.99201E-05 9.99201E-05
9.9928E-05 9.9928E-05 0.00207975 9.9928E-05 0.997121 9.9928E-05 9.9928E-05 9.9928E-05 9.9928E-05 9.9928E-05
0.055549 0.00442164 0.0350938 9.9964E-05 9.9964E-05 9.9964E-05 9.9964E-05 0.83967 0.00344754 0.061418
0.375031 9.9973E-05 9.9973E-05 0.176245 0.0332033 0.0562062 0.0893737 0.214909 0.054731 9.9973E-05
0.220751 9.9964E-05 9.9964E-05 0.203137 0.0172797 0.0433503 0.182357 0.332726 9.9964E-05 9.9964E-05
9.9937E-05 9.9937E-05 9.9937E-05 9.9937E-05 0.0142347 9.9937E-05 9.9937E-05 0.921506 0.0635602 9.9937E-05
9.9946E-05 0.0414478 9.9946E-05 9.9946E-05 9.9946E-05 9.9946E-05 0.00681708 0.888636 0.0624998 9.9946E-05
0.00464197 0.0204392 9.9955E-05 9.9955E-05 9.9955E-05 0.05867 9.9955E-05 0.904407 9.9955E-05 0.0113418
0.0407011 0.289802 0.261879 9.9973E-05 0.0176406 0.345905 0.0196872 0.0240856 9.9973E-05 9.9973E-05
9.9964E-05 0.699768 0.0684203 9.9964E-05 0.0442494 0.169557 9.9964E-05 9.9964E-05 0.0151551 0.00245073
9.9937E-05 0.883632 9.9937E-05 9.9937E-05 0.0539893 9.9937E-05 9.9937E-05 9.9937E-05 0.0616793 9.9937E-05
9.9928E-05 0.99036 9.9928E-05 9.9928E-05 0.00884045 9.9928E-05 9.9928E-05 9.9928E-05 9.9928E-05 9.9928E-05
9.9973E-05 0.683569 0.0232858 9.9973E-05 0.0254307 0.234277 0.0101459 0.0225639 0.000427703 9.9973E-05
0.0390317 0.887161 0.0271689 9.9946E-05 9.9946E-05 9.9946E-05 9.9946E-05 9.9946E-05 9.9946E-05 0.0460389
0.0615947 0.937606 9.9928E-05 9.9928E-05 9.9928E-05 9.9928E-05 9.9928E-05 9.9928E-05 9.9928E-05 9.9928E-05
9.9937E-05 9.9937E-05 9.9937E-05 9.9937E-05 9.9937E-05 9.9937E-05 0.456326 0.476279 9.9937E-05 0.0666962
0.125438 0.0588792 9.9973E-05 0.637846 9.9973E-05 9.9973E-05 0.0420066 0.0684338 0.00818076 0.0589158
0.144782 9.9964E-05 9.9964E-05 0.676882 0.0292559 9.9964E-05 0.0367813 0.0628533 0.049045 9.9964E-05
0.140065 9.9964E-05 0.0509527 0.404397 0.0325888 9.9964E-05 9.9964E-05 0.27608 9.9964E-05 0.0955164
0.0676432 0.0887108 9.9946E-05 9.9946E-05 9.9946E-05 0.0682752 9.9946E-05 9.9946E-05 9.9946E-05 0.774771
0.0673998 0.0381256 0.0149217 0.0350438 0.0249878 9.9964E-05 9.9964E-05 9.9964E-05 9.9964E-05 0.819122
0.0216605 9.9955E-05 0.0319201 0.922045 9.9955E-05 9.9955E-05 9.9955E-05 0.0113685 9.9955E-05 0.0125059
9.9964E-05 0.151173 0.0793678 0.499973 9.9964E-05 0.0454668 9.9964E-05 9.9964E-05 0.0359639 0.187656
9.9964E-05 0.0956111 0.0544985 0.0520712 9.9964E-05 0.697663 0.0540805 9.9964E-05 0.0456762 9.9964E-05
9.9937E-05 9.9937E-05 9.9937E-05 9.9937E-05 0.0313345 0.955798 9.9937E-05 9.9937E-05 9.9937E-05 0.0121682
9.99201E-05 9.99201E-05 9.99201E-05 9.99201E-05 9.99201E-05 0.999101 9.99201E-05 9.99201E-05 9.99201E-05 9.99201E-05
0.172041 0.0172796 9.99459E-05 0.00916173 9.99459E-05 0.800918 9.99459E-05 9.99459E-05 9.99459E-05 9.99459E-05
9.9946E-05 9.9946E-05 0.0626847 0.00719076 0.0629975 0.866527 9.9946E-05 9.9946E-05 9.9946E-05 9.9946E-05
0.0163955 0.106137 9.9964E-05 9.9964E-05 0.0600219 0.659287 9.9964E-05 0.0317116 0.126048 9.9964E-05
0.112388 0.179285 0.0354437 9.9964E-05 0.00234577 0.506717 9.9964E-05 9.9964E-05 0.16342 9.9964E-05
0.255879 0.158901 9.9955E-05 9.9955E-05 9.9955E-05 0.494009 9.9955E-05 9.9955E-05 0.0564491 0.034263
0.239538 0.141502 0.0644287 9.9955E-05 0.00113227 0.552899 9.9955E-05 9.9955E-05 9.9955E-05 9.9955E-05
0.11703 0.115595 0.0299725 9.9973E-05 9.9973E-05 0.516237 0.0076245 9.9973E-05 0.0844998 0.128741
0.818769 0.11575 9.9937E-05 9.9937E-05 9.9937E-05 9.9937E-05 0.0647817 9.9937E-05 9.9937E-05 9.9937E-05
0.513004 0.135407 0.0151566 9.9964E-05 0.0200228 0.0575191 0.25849 9.9964E-05 9.9964E-05 9.9964E-05
0.921873 9.9937E-05 9.9937E-05 9.9937E-05 9.9937E-05 9.9937E-05 9.9937E-05 0.0399011 0.0375259 9.9937E-05
0.777907 9.99405E-05 9.99405E-05 0.0918734 9.99405E-05 9.99405E-05 0.12952 9.99405E-05 9.99405E-05 9.99405E-05
9.9937E-05 9.9937E-05 9.9937E-05 9.9937E-05 9.9937E-05 9.9937E-05 0.0216039 0.949505 0.0281918 9.9937E-05
9.99201E-05 9.99201E-05 9.99201E-05 9.99201E-05 9.99201E-05 9.99201E-05 0.999101 9.99201E-05 9.99201E-05 9.99201E-05
9.99201E-05 9.99201E-05 9.99201E-05 9.99201E-05 9.99201E-05 9.99201E-05 0.999101 9.99201E-05 9.99201E-05 9.99201E-05
0.0519662 0.144091 0.0420054 9.9973E-05 0.0267669 0.615105 9.9973E-05 0.045557 9.9973E-05 0.0742088
0.0469901 0.0358123 0.11869 0.0448101 0.0265618 0.597684 0.0290073 9.9991E-05 0.0199283 0.0804161
0.37936 0.149754 9.9964E-05 9.9964E-05 0.0262016 0.0443668 0.312467 0.0874511 9.9964E-05 9.9964E-05
0.0305422 9.9937E-05 9.9937E-05 9.9937E-05 0.963367 9.9937E-05 0.00539078 9.9937E-05 9.9937E-05 9.9937E-05
0.0183057 9.9964E-05 0.0725921 0.0563516 9.9964E-05 0.109745 9.9964E-05 9.9964E-05 0.109831 0.632775
0.00160401 9.9946E-05 9.9946E-05 9.9946E-05 9.9946E-05 9.9946E-05 0.0702932 0.827284 9.9946E-05 0.100219
0.0160085 9.997E-05 0.0321601 0.272702 0.021597 9.997E-05 0.0513043 0.491114 9.997E-05 0.114814
9.99201E-05 9.99201E-05 9.99201E-05 9.99201E-05 9.99201E-05 9.99201E-05 9.99201E-05 9.99201E-05 0.999101 9.99201E-05
9.9928E-05 9.9928E-05 0.0532547 9.9928E-05 9.9928E-05 9.9928E-05 9.9928E-05 9.9928E-05 0.945946 9.9928E-05
0.0361031 0.0425604 0.0891584 9.9973E-05 9.9973E-05 0.323435 9.9973E-05 0.0558585 0.441511 0.0110733
9.9946E-05 0.0846431 9.9946E-05 9.9946E-05 0.0100006 9.9946E-05 9.9946E-05 0.0530063 0.85175 9.9946E-05
9.99371E-05 9.99371E-05 9.99371E-05 9.99371E-05 0.0108501 0.159946 9.99371E-05 9.99371E-05 0.828505 9.99371E-05
0.240951 9.9964E-05 9.9964E-05 0.23663 0.0266408 9.9964E-05 0.214884 0.197348 0.0831456 9.9964E-05
9.9937E-05 9.9937E-05 9.9937E-05 0.848752 9.9937E-05 9.9937E-05 9.9937E-05 0.14866 0.00188824 9.9937E-05
9.9955E-05 9.9955E-05 9.9955E-05 0.839419 0.0206969 9.9955E-05 0.0629356 0.019525 9.9955E-05 0.0569237
0.0136173 9.9964E-05 9.9964E-05 0.690943 0.026911 9.9964E-05 0.0689581 0.18148 0.0176902 9.9964E-05
0.00477337 9.9955E-05 9.9955E-05 0.265709 9.9955E-05 0.0399005 9.9955E-05 0.114553 9.9955E-05 0.574564
9.9964E-05 0.12215 0.0190752 9.9964E-05 0.0241053 9.9964E-05 9.9964E-05 0.0205389 0.0350301 0.778701
9.9946E-05 9.9946E-05 0.0213305 0.256701 9.9946E-05 9.9946E-05 0.0538606 0.667508 9.9946E-05 9.9946E-05
9.9955E-05 0.0328392 0.0418489 0.25702 9.9955E-05 9.9955E-05 0.0805943 0.587198 9.9955E-05 9.9955E-05
9.998E-05 0.0174173 9.998E-05 0.0901785 0.0186481 0.0731316 0.165321 0.383772 0.130043 0.121289
9.9955E-05 0.0216301 0.0792868 9.9955E-05 9.9955E-05 0.207097 9.9955E-05 0.31916 9.9955E-05 0.372327
9.9964E-05 0.0132402 9.9964E-05 0.073428 0.0122647 9.9964E-05 0.0291176 0.844337 0.0272126 9.9964E-05
9.9937E-05 9.9937E-05 9.9937E-05 9.9937E-05 0.00161897 0.0556676 9.9937E-05 0.942014 9.9937E-05 9.9937E-05
0.100213 0.183638 0.163437 9.9955E-05 9.9955E-05 0.470269 9.9955E-05 9.9955E-05 0.081942 9.9955E-05
0.114439 0.185213 0.00718548 9.9973E-05 0.0499974 0.570931 9.9973E-05 9.9973E-05 0.0550534 0.0168807
9.9937E-05 9.9937E-05 9.9937E-05 9.9937E-05 9.9937E-05 9.9937E-05 9.9937E-05 0.980431 0.000974209 0.0178953
0.0212111 9.9973E-05 0.0301304 0.0777468 0.0345464 9.9973E-05 0.0495795 0.714396 9.9973E-05 0.0720896
9.9928E-05 9.9928E-05 0.0868122 9.9928E-05 9.9928E-05 9.9928E-05 9.9928E-05 0.912388 9.9928E-05 9.9928E-05
0.980834 9.9937E-05 0.00268849 9.9937E-05 9.9937E-05 9.9937E-05 9.9937E-05 9.9937E-05 0.0157778 9.9937E-05
0.878382 9.9937E-05 0.0572071 9.9937E-05 9.9937E-05 9.9937E-05 9.9937E-05 9.9937E-05 0.0637113 9.9937E-05
0.767564 0.0652757 9.9955E-05 9.9955E-05 0.0914914 0.070872 9.9955E-05 9.9955E-05 9.9955E-05 0.00429683
0.462267 0.149169 0.00286292 9.9973E-05 0.0368004 0.322118 9.9973E-05 9.9973E-05 0.0223929 0.00408956
9.99279E-05 9.99279E-05 9.99279E-05 9.99279E-05 9.99279E-05 9.99279E-05 0.07582 9.99279E-05 9.99279E-05 0.923381
9.9928E-05 9.9928E-05 9.9928E-05 9.9928E-05 9.9928E-05 9.9928E-05 9.9928E-05 0.0509198 9.9928E-05 0.948281
9.9937E-05 9.9937E-05 0.00758836 9.9937E-05 0.0177062 9.9937E-05 9.9937E-05 9.9937E-05 9.9937E-05 0.974006
0.0399559 9.99459E-05 9.99459E-05 9.99459E-05 0.0132791 9.99459E-05 0.0677513 9.99459E-05 0.878414 9.99459E-05
0.287353 9.9964E-05 9.9964E-05 0.0357808 0.0550009 9.9964E-05 0.405175 0.178172 0.0381181 9.9964E-05
0.0263341 0.153791 9.9973E-05 9.9973E-05 0.0126561 0.649359 0.0226068 0.0147258 0.120227 9.9973E-05
9.99655E-05 0.218282 0.0748377 0.0660171 0.0255133 0.52724 0.0877099 9.99655E-05 9.99655E-05 9.99655E-05
0.163 0.208067 0.0497577 9.9964E-05 0.0192851 0.490923 9.9964E-05 9.9964E-05 0.0685669 9.9964E-05
0.221129 0.00796711 0.197113 0.00689976 0.0167504 0.425744 0.0211644 9.9991E-05 0.0407159 0.0624168
9.996E-05 0.0490958 0.159278 0.0196105 9.996E-05 0.686144 0.0668994 9.996E-05 0.0185723 9.996E-05
9.9964E-05 0.0265703 0.0295272 0.0603325 0.0246406 0.84785 9.9964E-05 9.9964E-05 0.0106797 9.9964E-05
9.9937E-05 0.968497 9.9937E-05 0.00243969 9.9937E-05 9.9937E-05 9.9937E-05 0.0283638 9.9937E-05 9.9937E-05
0.0552692 0.868944 0.0659367 9.9955E-05 0.00292647 9.9955E-05 0.00642408 9.9955E-05 9.9955E-05 9.9955E-05
0.0483233 0.833762 9.9955E-05 0.0508286 0.00793451 9.9955E-05 9.9955E-05 9.9955E-05 0.058652 9.9955E-05
0.0154228 0.753448 9.9955E-05 9.9955E-05 9.9955E-05 0.190681 0.0314748 9.9955E-05 9.9955E-05 0.0084738
9.9955E-05 0.837168 0.0518893 9.9955E-05 0.0298944 9.9955E-05 0.0433916 9.9955E-05 0.0371573 9.9955E-05
0.0527251 9.9946E-05 0.916308 9.9946E-05 0.023478 0.00688925 9.9946E-05 9.9946E-05 9.9946E-05 9.9946E-05
0.0577598 9.9946E-05 0.896814 9.9946E-05 9.9946E-05 0.0433382 9.9946E-05 9.9946E-05 0.00148817 9.9946E-05
9.9937E-05 9.9937E-05 0.949689 9.9937E-05 9.9937E-05 9.9937E-05 0.0254668 9.9937E-05 9.9937E-05 0.0241449
9.9937E-05 9.9937E-05 0.974331 9.9937E-05 0.000356718 9.9937E-05 9.9937E-05 9.9937E-05 0.0246125 9.9937E-05
9.99201E-05 9.99201E-05 0.999101 9.99201E-05 9.99201E-05 9.99201E-05 9.99201E-05 9.99201E-05 9.99201E-05 9.99201E-05
9.9937E-05 9.9937E-05 9.9937E-05 0.908963 9.9937E-05 9.9937E-05 0.0595772 9.9937E-05 0.0307603 9.9937E-05
9.9946E-05 9.9946E-05 0.0904453 0.823613 9.9946E-05 9.9946E-05 9.9946E-05 9.9946E-05 0.0122923 0.0730496
9.9928E-05 9.9928E-05 9.9928E-05 0.962521 9.9928E-05 9.9928E-05 9.9928E-05 9.9928E-05 0.0366791 9.9928E-05
9.9937E-05 9.9937E-05 9.9937E-05 0.940795 9.9937E-05 0.0318573 9.9937E-05 9.9937E-05 9.9937E-05 0.0266486
0.0258382 9.9973E-05 9.9973E-05 9.9973E-05 0.0171801 0.0707957 0.00195635 0.106888 0.0634639 0.713578
