9.9982E-05 0.881391 9.9982E-05 0.112781 0.00562845
9.9982E-05 0.955701 0.0299501 0.0141491 9.9982E-05
0.0550499 0.815327 9.9991E-05 0.0483417 0.0811815
0.0991562 0.802723 9.9982E-05 0.0979213 9.9982E-05
0.0216288 0.870665 9.9991E-05 0.043361 0.0642455
0.0923225 0.602963 0.101622 0.129661 0.0734314
0.00736757 0.880032 0.0520408 0.0604598 9.9991E-05
0.0319601 0.718902 0.0815327 0.167505 9.9991E-05
9.9982E-05 0.819125 0.0883503 0.0923251 9.9982E-05
0.0836046 0.722585 0.0789064 0.0165326 0.0983712
9.9982E-05 0.795701 9.9982E-05 0.139421 0.0646783
0.0507405 9.9991E-05 0.0387762 0.58808 0.322303
0.174413 9.9982E-05 9.9982E-05 0.3446 0.480787
0.177878 0.0332988 0.0688786 0.499978 0.219967
0.200981 0.0132831 0.0167163 0.497116 0.271904
0.146664 0.145746 0.0377972 0.223561 0.446232
0.148823 0.0473404 0.0879388 0.102788 0.61311
0.101275 0.00664446 0.209682 0.217541 0.464857
0.154057 0.0732581 0.0849102 0.412407 0.275368
0.118227 9.9991E-05 0.138848 0.739092 0.00373375
0.137427 9.9991E-05 0.193602 0.255319 0.413552
0.110634 9.9991E-05 0.173099 0.262735 0.453431
0.0683685 0.0358866 0.161995 0.222127 0.511623
0.16077 0.00901513 0.145309 0.408279 0.276628
0.190883 0.0268323 0.0953838 0.113935 0.572965
0.138369 0.00676313 9.9991E-05 0.285598 0.56917
0.13815 9.9991E-05 0.0387605 0.623509 0.199481
0.241121 9.9991E-05 0.0278522 0.521429 0.209498
0.0725287 9.9991E-05 0.18957 0.494508 0.243293
0.0247868 0.860457 9.9982E-05 9.9982E-05 0.114556
9.9973E-05 0.846671 9.9973E-05 9.9973E-05 0.15303
9.9973E-05 0.820187 9.9973E-05 9.9973E-05 0.179513
9.9973E-05 0.769696 9.9973E-05 9.9973E-05 0.230004
0.0140502 0.0237448 0.179771 0.124484 0.65795
0.103115 0.0828455 0.189782 0.0843343 0.539923
9.9982E-05 0.0633253 0.210832 9.9982E-05 0.725643
9.9991E-05 0.114171 0.0122013 0.637689 0.235839
0.0327717 9.9991E-05 0.408555 0.0814848 0.477089
0.0313475 0.137279 0.171814 0.0860902 0.573469
0.0472372 0.0921992 0.138063 9.9991E-05 0.7224
0.0237756 0.152861 0.0918485 0.0910089 0.640506
0.0508087 0.0822947 0.0447322 0.111353 0.710812
9.9991E-05 0.0069264 0.43363 0.203934 0.35541
0.0186365 0.0998479 0.141874 0.0583153 0.681326
0.11919 0.0169373 0.245994 9.9991E-05 0.617779
0.147668 0.117481 0.0797071 0.016125 0.63902
9.9982E-05 9.9982E-05 0.406141 0.00706423 0.586595
0.0199179 0.0774704 0.170111 0.0513552 0.681145
0.117489 0.099912 0.15802 9.9991E-05 0.624478
9.9982E-05 0.0626447 0.847699 0.0894565 9.9982E-05
9.9982E-05 9.9982E-05 0.254221 0.478727 0.266852
0.0216455 0.0250315 0.544247 0.242031 0.167045
0.10867 0.0965325 0.0487234 0.139717 0.606357
0.180745 0.0582794 0.0397755 0.137534 0.583666
0.0783748 0.0850518 0.138255 0.0686011 0.629717
9.9991E-05 0.092424 0.289587 0.406298 0.211591
0.0248992 0.0246207 0.0743679 0.258119 0.617993
0.0542484 0.124368 0.155529 0.0743959 0.591459
0.0505467 0.101272 0.245167 0.172612 0.430402
0.116711 0.17752 0.248478 0.416741 0.0405493
0.000442314 0.103516 0.142829 0.13655 0.616663
0.0815896 0.0652822 0.070553 0.254807 0.527769
9.9991E-05 0.0116988 0.265462 0.569317 0.153422
0.0743205 0.00882671 0.0712039 0.309487 0.536162
0.0930571 0.0480967 0.192882 0.0226901 0.643274
0.0829924 0.120732 0.0321066 0.180221 0.583949
0.0293307 0.0488614 0.337307 0.25232 0.332181
0.0952352 0.0233694 0.164679 0.218472 0.498245
0.0765338 0.0491198 0.064011 0.164159 0.646177
9.9991E-05 0.0330629 0.251533 0.471249 0.244055
9.9982E-05 9.9982E-05 0.226943 0.0819754 0.690882
9.9982E-05 9.9982E-05 0.364253 0.215 0.420547
0.0241756 0.0444069 0.0999255 0.178902 0.65259
9.9982E-05 9.9982E-05 0.745273 0.0723018 0.182225
9.9982E-05 9.9982E-05 0.730941 0.093389 0.17547
9.9982E-05 9.9982E-05 0.489589 0.0574944 0.452716
9.9991E-05 0.00117242 0.20337 0.15214 0.643218
0.0178569 0.17919 0.0847307 0.159178 0.559044
0.0232786 0.00406183 0.316722 0.0499398 0.605998
0.00259283 0.0156821 0.417338 0.245233 0.319154
9.9991E-05 0.00500562 0.22252 0.372153 0.400221
0.19365 9.9991E-05 0.19074 0.0774066 0.538103
0.00794989 0.0429784 0.365991 0.0750158 0.508065
9.9991E-05 0.0247306 0.27549 0.0917757 0.607904
9.9973E-05 9.9973E-05 0.42847 9.9973E-05 0.57123
0.0073438 9.9991E-05 0.819103 0.0686043 0.104849
0.108448 0.0474967 0.144821 0.116515 0.582719
0.0660397 0.799918 9.9991E-05 0.0618997 0.0720422
9.9973E-05 0.919112 9.9973E-05 9.9973E-05 0.0805883
0.0158433 0.879788 9.9982E-05 9.9982E-05 0.104169
0.0140638 0.941481 0.0376282 9.9991E-05 0.0067267
9.9973E-05 0.890955 9.9973E-05 9.9973E-05 0.108745
9.9982E-05 0.911968 0.0363694 9.9982E-05 0.0514626
0.0515506 0.901185 9.9982E-05 0.0470649 9.9982E-05
0.0339678 0.138092 0.0143233 0.144827 0.66879
0.12558 0.0245272 0.13808 0.190215 0.521599
9.9982E-05 9.9982E-05 0.525078 0.190902 0.283819
0.152596 9.9991E-05 0.141842 0.140628 0.564834
9.9991E-05 0.00409319 0.247523 0.195738 0.552545
9.9982E-05 0.0501722 0.128737 9.9982E-05 0.820891
9.9991E-05 0.0762482 0.251691 0.0204758 0.651485
0.0910315 9.9991E-05 0.292146 0.0323101 0.584412
9.9982E-05 9.9982E-05 0.515156 0.358685 0.125959
0.0217305 0.205008 0.106483 0.0865765 0.580202
0.00132711 0.101932 0.129081 0.00695575 0.760705
0.187629 0.0830875 0.105294 0.0961734 0.527817
9.9982E-05 0.0101824 0.530486 9.9982E-05 0.459132
0.0179339 0.0331113 0.280385 0.029 0.63957
9.9991E-05 0.0123061 0.174156 0.191843 0.621595
0.0389905 9.9991E-05 0.432665 0.000319543 0.527925
9.9991E-05 0.106334 0.165363 0.129985 0.598218
0.0384447 0.0806589 0.0281671 0.178871 0.673858
0.0600267 0.0252501 0.190175 0.47564 0.248908
0.101863 0.132018 0.00806395 0.389763 0.368292
0.124159 0.124104 0.0971285 0.245265 0.409344
0.0954952 0.110625 0.101442 0.0783865 0.614052
9.9982E-05 0.0698006 9.9982E-05 0.358156 0.571844
0.0912954 0.00151582 0.00954377 0.307207 0.590438
0.0188765 0.0185693 9.9991E-05 0.4682 0.494254
0.0931231 0.120526 0.183185 0.142108 0.461058
0.0645773 0.0464447 0.0548767 0.233435 0.600667
0.021028 0.0558216 0.0332486 0.216438 0.673464
9.9982E-05 9.9982E-05 0.0146151 0.32888 0.656304
0.183136 0.000451826 0.154963 0.143485 0.517963
0.141207 0.0979401 0.0738426 0.141313 0.545696
0.118191 9.9991E-05 0.0789721 0.24352 0.559217
0.0488486 0.0788306 0.0677486 0.145954 0.658618
0.127346 9.9991E-05 0.0212026 0.254519 0.596833
0.0869997 0.0176322 0.157541 0.368207 0.369621
0.0552555 0.0223917 0.0400979 0.181246 0.701009
0.0326423 0.046737 9.9991E-05 0.208966 0.711555
0.100512 9.9991E-05 0.19799 0.405415 0.295984
0.058508 0.0653133 0.323409 0.319201 0.233568
0.132049 0.0433461 0.0625884 0.214292 0.547725
0.0922885 9.9991E-05 0.510951 0.312239 0.0844215
9.9991E-05 0.0684195 0.0296516 0.530386 0.371443
9.9982E-05 9.9982E-05 0.110576 0.332828 0.556396
9.9991E-05 0.00685114 0.183768 0.406415 0.402865
0.0282962 9.9991E-05 0.0690755 0.526138 0.37639
0.023507 0.124144 0.0636486 0.101829 0.686872
0.154571 0.141753 9.9991E-05 0.24102 0.462555
0.0964557 0.0730743 0.0652611 0.2437 0.521509
0.101051 9.9991E-05 0.308872 0.421902 0.168075
0.0996205 0.170159 0.151982 9.9991E-05 0.578138
0.0787327 0.0956054 0.225898 0.0436206 0.556143
9.9991E-05 0.161961 0.626096 0.167697 0.0441451
0.0822317 0.0773939 0.125678 0.0285924 0.686104
9.9991E-05 0.169117 0.379325 0.0416846 0.409774
0.0731283 0.130877 0.240207 0.0256991 0.530089
0.00805493 0.134315 0.369362 0.186396 0.301871
9.9991E-05 0.114213 0.49675 0.152667 0.23627
9.9991E-05 0.08456 0.276228 0.149016 0.490096
0.135515 0.0869367 0.0873702 0.145341 0.544837
0.0129006 0.205343 0.0989755 0.176247 0.506533
0.157649 0.0715641 0.545984 0.16261 0.0621931
0.0923576 0.0919416 0.278445 0.0165009 0.520754
9.9982E-05 9.9982E-05 0.440836 0.0587295 0.500235
9.9982E-05 9.9982E-05 0.269174 0.141097 0.589529
9.9991E-05 0.163293 0.18679 0.0189024 0.630914
0.288382 0.332778 0.198242 0.0335315 0.147066
0.130233 0.634171 0.235396 9.9982E-05 9.9982E-05
0.168858 0.498768 0.332174 9.9982E-05 9.9982E-05
0.415801 0.413653 0.112476 0.0579692 9.9991E-05
9.9991E-05 0.0183343 0.234117 0.00416498 0.743283
0.0378905 0.110144 0.275766 0.007137 0.569063
0.677663 9.9973E-05 9.9973E-05 9.9973E-05 0.322038
0.46575 0.0420292 9.9991E-05 0.117215 0.374906
0.492815 9.9991E-05 0.136923 0.0751318 0.295031
0.0481494 0.0541035 0.560419 9.9991E-05 0.337228
0.166208 0.0092732 0.222831 0.0876709 0.514017
0.0570275 0.0483543 0.62076 0.0416435 0.232215
0.00926236 0.0278493 0.295944 9.9991E-05 0.666845
0.00292596 0.12179 0.263843 0.0432808 0.56816
0.0782592 0.0450623 0.259504 9.9991E-05 0.617074
0.0581106 9.9991E-05 0.690641 0.0187889 0.232359
0.136197 0.0817223 0.175371 9.9991E-05 0.60661
0.109455 0.104855 0.137206 0.050766 0.597717
0.979831 9.9991E-05 0.00947588 0.00182078 0.00877252
0.904952 9.9973E-05 9.9973E-05 9.9973E-05 0.0947478
0.606845 0.117839 9.9991E-05 0.0282226 0.246994
0.681813 9.9973E-05 9.9973E-05 9.9973E-05 0.317888
0.845759 0.0439026 0.0165061 9.9991E-05 0.0937321
0.9996 9.997E-05 9.997E-05 9.997E-05 9.997E-05
0.988291 9.9973E-05 9.9973E-05 0.0114087 9.9973E-05
0.834982 9.9973E-05 9.9973E-05 9.9973E-05 0.164718
0.957347 9.9973E-05 9.9973E-05 0.042353 9.9973E-05
0.9996 9.997E-05 9.997E-05 9.997E-05 9.997E-05
0.9996 9.997E-05 9.997E-05 9.997E-05 9.997E-05
0.796955 0.0351789 9.9991E-05 0.0265375 0.141229
0.796278 0.0635747 9.9991E-05 0.0043919 0.135655
0.982804 9.9973E-05 9.9973E-05 0.0168964 9.9973E-05
0.394897 0.0248282 0.00780367 0.165776 0.406695
0.639465 0.0308086 0.0100188 0.115874 0.203834
0.735106 0.0128211 0.0146728 9.9991E-05 0.2373
0.912783 0.0022466 9.9991E-05 0.0442514 0.0406189
0.993017 0.00333741 9.9982E-05 9.9982E-05 0.00344527
0.880776 0.0579609 9.9982E-05 9.9982E-05 0.0610632
0.9996 9.997E-05 9.997E-05 9.997E-05 9.997E-05
0.644623 0.0760202 0.0344766 0.0303833 0.214497
0.88924 0.017625 9.9991E-05 0.0780114 0.0150233
0.0640122 0.390343 0.545445 9.9982E-05 9.9982E-05
0.120297 0.165578 0.11747 0.167419 0.429237
0.101103 0.255358 0.198427 9.9991E-05 0.445012
0.171605 0.275596 0.396063 0.0178458 0.13889
0.228884 0.161934 0.202726 0.029831 0.376626
0.105076 0.296659 0.390288 9.9991E-05 0.207877
0.0974417 0.212617 0.11202 0.105237 0.472685
0.199738 0.200434 0.302753 9.9991E-05 0.296975
0.0882236 0.231316 0.0922306 9.9991E-05 0.58813
0.250121 0.216577 0.144573 9.9991E-05 0.388629
0.096659 0.233968 0.134832 0.0933632 0.441178
9.9991E-05 0.872432 0.0468004 0.0439494 0.0367187
0.0313695 0.952966 0.0154642 9.9982E-05 9.9982E-05
9.9973E-05 0.971614 9.9973E-05 0.0280864 9.9973E-05
9.9982E-05 0.918229 9.9982E-05 0.081253 0.000318449
0.0253225 0.897081 9.9991E-05 0.0434299 0.0340668
0.0808125 0.900156 0.0188311 9.9982E-05 9.9982E-05
0.0462825 0.904062 9.9982E-05 9.9982E-05 0.0494554
9.9982E-05 0.906227 9.9982E-05 0.0452525 0.0483209
9.9982E-05 0.94712 9.9982E-05 0.011852 0.0408284
0.101882 0.878841 9.9991E-05 0.0110799 0.0080968
9.9982E-05 0.620762 0.0823934 0.296645 9.9982E-05
0.0116278 0.557082 0.0651346 0.366056 9.9991E-05
9.9982E-05 0.530021 0.109772 0.360007 9.9982E-05
9.9982E-05 0.467851 0.134727 0.397222 9.9982E-05
0.0359785 0.0639285 0.186587 0.129365 0.584141
0.0110329 9.9991E-05 0.119437 0.217385 0.652045
9.9991E-05 0.0241122 0.10936 0.190783 0.675645
9.9991E-05 0.0222063 0.258565 0.211103 0.508026
9.9982E-05 9.9982E-05 0.112095 0.672111 0.215594
0.0671939 0.0491564 0.201021 0.0510609 0.631568
9.9982E-05 9.9982E-05 0.173716 0.137899 0.688185
0.00264007 0.0064519 0.280132 0.0750905 0.635686
9.9973E-05 9.9973E-05 0.453087 9.9973E-05 0.546613
0.0898965 0.00314078 0.0665924 0.158193 0.682177
9.9991E-05 0.00963675 0.167552 0.237878 0.584834
9.9982E-05 9.9982E-05 0.772456 0.16571 0.0616346
9.9991E-05 0.155674 0.147834 0.095228 0.601164
9.9991E-05 0.0281546 0.56458 0.0366875 0.370478
0.0126491 9.9991E-05 0.312396 0.041644 0.633211
9.9982E-05 9.9982E-05 0.425623 0.279418 0.294759
9.9991E-05 0.139541 0.015943 0.815538 0.0288779
0.00840567 0.118418 0.106694 0.766383 9.9991E-05
9.9982E-05 0.0338705 0.0959105 0.870019 9.9982E-05
9.9982E-05 0.12419 0.0325691 0.843041 9.9982E-05
0.0109486 9.9991E-05 0.0783684 0.848445 0.0621381
0.0859784 0.0778883 9.9991E-05 0.813796 0.0222374
0.0449665 0.870242 9.9982E-05 9.9982E-05 0.0845917
0.0404288 0.795746 9.9991E-05 0.0673862 0.0963386
0.116207 0.763189 9.9982E-05 9.9982E-05 0.120403
0.124716 0.755599 9.9991E-05 0.0937935 0.0257917
0.0391958 0.823573 9.9991E-05 0.0403043 0.0968267
9.9982E-05 0.407398 0.0842743 0.508128 9.9982E-05
9.9982E-05 0.452353 0.153079 0.394368 9.9982E-05
0.000719963 0.421069 0.0694576 0.508653 9.9991E-05
0.00929403 0.850545 9.9991E-05 0.00221019 0.137851
9.9982E-05 0.371184 0.126813 0.501802 9.9982E-05
0.391552 0.24729 0.120891 0.0305159 0.209751
0.187501 0.140667 9.9991E-05 0.0607447 0.610987
0.326848 0.18934 9.9982E-05 9.9982E-05 0.483613
0.258822 0.271752 0.0815553 0.00971476 0.378156
0.13547 0.184192 0.0529941 0.0897869 0.537556
0.311115 0.487192 0.201493 9.9982E-05 9.9982E-05
9.9982E-05 9.9982E-05 0.0320424 0.427869 0.539889
0.0538336 9.9991E-05 0.362376 0.214182 0.369509
9.9982E-05 0.0786206 9.9982E-05 0.577267 0.343912
0.0126983 0.032202 0.30218 0.139389 0.513531
9.9973E-05 9.9973E-05 0.790829 0.208871 9.9973E-05
0.10836 0.120216 0.0750707 0.191416 0.504938
0.0707864 0.0108346 0.23589 0.228948 0.453541
9.9991E-05 0.0251277 0.0459165 0.499075 0.429781
0.115202 0.131095 0.100921 0.232707 0.420075
9.9982E-05 9.9982E-05 0.468348 0.276368 0.255084
0.0942101 9.9991E-05 0.200423 0.231809 0.473457
0.0785652 0.031709 0.062015 0.312466 0.515244
0.223947 0.116947 0.117864 0.0840893 0.457152
0.0398119 9.9991E-05 0.252373 0.286317 0.421398
0.0246032 0.0172244 0.0962104 0.330653 0.531309
0.142079 9.9991E-05 0.210762 0.176983 0.470076
0.0145736 0.0429845 0.160584 0.227096 0.554762
0.0755841 0.028322 9.9991E-05 0.223055 0.672939
0.0452933 0.146798 0.00626405 0.137684 0.663961
0.104162 0.0117065 0.105051 0.201056 0.578025
0.0876397 0.809012 9.9982E-05 9.9982E-05 0.103148
0.0403332 0.841554 0.0573968 9.9991E-05 0.0606161
0.0127501 0.811197 0.120378 9.9991E-05 0.0555747
0.046836 0.833055 0.057008 0.0385344 0.0245669
0.0394606 0.832653 9.9982E-05 9.9982E-05 0.127686
0.051078 0.015043 0.042829 0.670648 0.220402
0.0634356 0.0868394 0.211789 0.148022 0.489915
0.166613 0.246588 0.180838 9.9991E-05 0.405861
0.0873207 0.00346918 9.9991E-05 0.221287 0.687823
0.0327655 0.0208607 0.0779072 0.259508 0.608958
0.059484 9.9991E-05 0.226957 0.39982 0.313639
9.9991E-05 0.133637 0.186107 0.623624 0.0565323
0.162044 9.9991E-05 0.013773 0.376512 0.447571
0.0270264 0.0996443 0.119101 0.554499 0.199729
0.0722762 0.0546702 0.152809 0.248556 0.471689
0.0635179 0.0955451 0.159132 0.586039 0.0957657
0.12094 0.0783938 0.0330657 0.20308 0.56452
0.0662411 0.0823223 0.0623737 0.593635 0.195428
0.0696318 0.0412982 0.203319 0.318605 0.367145
9.9991E-05 0.0722299 0.245797 0.0895309 0.592342
0.0544104 0.0176697 0.510341 0.13011 0.287469
0.042257 0.0735539 0.172591 0.129065 0.582534
0.0940381 0.171157 0.159836 0.0269011 0.548068
9.9991E-05 0.0136329 0.391189 0.171153 0.423926
0.0746785 0.0777911 0.17092 0.102906 0.573705
0.0128566 0.0717497 0.335408 9.9991E-05 0.579886
9.9982E-05 9.9982E-05 0.722455 0.0949283 0.182416
9.9982E-05 0.00577923 0.621443 9.9982E-05 0.372578
9.9991E-05 0.0449201 0.326268 0.0964096 0.532302
9.9991E-05 0.0288711 0.661025 0.108862 0.201142
9.9982E-05 9.9982E-05 0.235527 0.149762 0.614511
0.0576395 9.9991E-05 0.0983507 0.713687 0.130222
0.0211322 9.9991E-05 0.317573 0.342845 0.31835
0.0883344 0.0239588 0.0125213 0.456852 0.418334
0.070654 0.0617733 9.9991E-05 0.222057 0.645416
0.00822562 9.9991E-05 0.12343 0.556071 0.312174
0.197175 0.0371511 0.103766 0.237142 0.424766
0.178831 0.077457 0.0232601 0.157601 0.562851
0.087316 9.9991E-05 0.0458987 0.310881 0.555804
0.171868 0.0621444 0.0460847 0.314626 0.405277
0.113628 0.00342794 0.0577364 0.349079 0.476129
0.050633 9.9991E-05 0.0865853 0.585562 0.277119
0.0772383 9.9991E-05 0.0957932 0.521885 0.304984
0.125226 9.9982E-05 9.9982E-05 0.296296 0.578278
0.0872167 0.0103562 0.0968047 0.230565 0.575057
0.101152 0.0706074 0.116694 0.268035 0.443512
0.172576 9.9991E-05 0.0565201 0.30837 0.462434
0.100315 0.0279338 0.0321648 0.478071 0.361516
0.0763478 9.9991E-05 0.095536 0.193851 0.634166
0.111768 9.9991E-05 0.0502689 0.308388 0.529474
0.164949 0.103602 0.0970646 0.161083 0.473301
0.111325 0.380523 9.9991E-05 0.0684307 0.439621
0.262046 0.151782 0.152878 0.0268916 0.406402
0.140952 0.256326 9.9991E-05 0.0468662 0.555756
0.175894 0.0502683 0.177789 0.0542037 0.541846
0.273917 0.142953 0.0651757 0.0615835 0.456371
0.0570641 9.9991E-05 0.239896 0.199887 0.503053
0.135006 0.144001 0.145972 0.0676977 0.507323
0.195899 0.305799 0.483472 9.9991E-05 0.0147293
0.172437 0.138788 0.02408 0.10365 0.561044
0.145536 0.197145 0.0329435 0.0641034 0.560271
0.323633 0.0586729 0.0567849 0.139332 0.421577
0.149995 0.227143 0.146225 0.105 0.371638
0.141847 0.187665 9.9991E-05 0.00687452 0.663513
0.233619 0.120896 0.0345168 0.0450021 0.565966
0.195191 0.519374 0.285235 9.9982E-05 9.9982E-05
0.149501 0.220877 0.0067472 9.9991E-05 0.622774
0.322005 0.0569732 0.0106824 0.126463 0.483877
0.167534 0.127569 0.119571 0.00763306 0.577692
0.221864 0.183676 0.0356149 9.9991E-05 0.558745
0.156178 0.186323 0.0326382 0.0476796 0.577181
0.108247 0.0267334 0.35851 0.038588 0.467922
0.0549064 0.0978473 0.144746 0.117417 0.585083
9.9982E-05 9.9982E-05 0.819621 0.0754379 0.104742
9.9991E-05 0.0054186 0.871709 0.0537403 0.0690324
0.118884 9.9991E-05 0.236869 0.113954 0.530193
0.323708 0.131292 0.173421 9.9991E-05 0.371479
0.391373 0.099476 0.208566 9.9991E-05 0.300486
0.315045 0.21345 0.264832 9.9991E-05 0.206572
0.336984 0.18434 0.141382 9.9991E-05 0.337194
0.14575 0.117438 0.662648 9.9991E-05 0.0740634
0.143854 0.132349 0.563613 9.9991E-05 0.160084
0.185622 9.9982E-05 0.265367 9.9982E-05 0.548811
0.20184 0.038723 0.334669 9.9991E-05 0.424668
0.159789 0.105015 0.484814 9.9991E-05 0.250282
0.186754 0.00519992 0.164517 0.197795 0.445734
0.120954 9.9991E-05 0.263902 0.0394741 0.57557
0.257681 0.0239224 0.217414 0.131202 0.369781
9.9991E-05 0.0108847 0.47473 0.0847114 0.429574
0.0634157 0.0301949 0.399714 0.111657 0.395019
0.0899677 0.0091074 0.237945 0.0298029 0.633177
0.028636 0.146081 0.291174 0.0926109 0.441498
0.0859699 0.159485 0.259335 0.0716175 0.423593
9.9991E-05 0.0243279 0.408033 0.0579139 0.509626
9.9982E-05 9.9982E-05 0.588425 0.0876405 0.323735
9.9982E-05 0.0329916 0.238958 9.9982E-05 0.727851
0.132093 0.0433044 0.250619 0.0642732 0.50971
0.00856 9.9991E-05 0.662895 0.00293903 0.325506
0.0707838 0.0150976 0.439799 0.000188549 0.474131
0.144054 0.102382 0.246007 9.9991E-05 0.507457
9.9991E-05 0.0517532 0.251234 0.0587249 0.638187
0.219951 0.161792 0.0401357 0.0759175 0.502203
0.137914 0.191648 0.187269 0.135401 0.347768
0.28296 0.144396 0.12257 0.0644605 0.385613
0.278732 0.159274 0.0610687 0.171885 0.32904
0.237271 0.208457 9.9991E-05 0.15569 0.398481
0.226232 0.151696 0.268153 9.9991E-05 0.35382
0.180366 0.182986 0.617127 0.0194206 9.9991E-05
0.29064 0.0965644 9.9991E-05 0.070569 0.542126
0.188945 0.378804 0.432052 9.9982E-05 9.9982E-05
0.189716 0.0656644 0.17666 9.9991E-05 0.567859
9.9973E-05 9.9973E-05 0.759964 9.9973E-05 0.239736
0.0129351 9.9982E-05 0.976807 0.0100585 9.9982E-05
0.0133783 9.9982E-05 0.390259 9.9982E-05 0.596163
0.0171645 0.0567936 0.208088 9.9991E-05 0.717854
9.9982E-05 9.9982E-05 0.43587 0.0410221 0.522908
0.0656788 9.9991E-05 0.365963 0.0318404 0.536418
0.0386605 9.9982E-05 0.353059 9.9982E-05 0.608081
0.024302 0.810142 0.0380055 0.0329251 0.0946259
0.125516 0.707293 9.9982E-05 0.166991 9.9982E-05
0.0655382 0.893376 9.9982E-05 0.0408861 9.9982E-05
9.9973E-05 0.949423 9.9973E-05 9.9973E-05 0.0502767
0.0192194 9.9991E-05 0.195574 0.216789 0.568318
9.9991E-05 0.0507148 0.207346 0.133518 0.608321
9.9991E-05 0.0199588 0.235212 0.108521 0.636208
0.0667916 0.077116 0.191328 0.03049 0.634275
0.0615926 9.9991E-05 0.0874497 0.222359 0.628499
9.9982E-05 9.9982E-05 0.447937 0.158978 0.392884
0.0188327 9.9991E-05 0.193115 0.0587255 0.729227
9.9982E-05 0.00925948 0.426315 9.9982E-05 0.564226
0.201596 0.259597 0.0358296 0.0465447 0.456433
0.0158877 0.0104562 0.315461 0.0619112 0.596284
9.9982E-05 9.9982E-05 0.284161 0.263584 0.452055
9.9982E-05 9.9982E-05 0.214678 0.156526 0.628596
9.9991E-05 0.0247661 0.287947 0.0763742 0.610812
9.9982E-05 0.00356484 0.276501 9.9982E-05 0.719734
0.0274065 0.12681 0.116711 0.0579512 0.671122
9.9973E-05 9.9973E-05 0.694213 9.9973E-05 0.305487
0.00991819 9.9991E-05 0.519959 0.0550358 0.414987
9.9982E-05 9.9982E-05 0.456296 0.0467647 0.496739
9.9973E-05 9.9973E-05 0.924975 9.9973E-05 0.0747249
9.9982E-05 9.9982E-05 0.320795 0.122154 0.556851
9.9982E-05 9.9982E-05 0.707459 0.0282167 0.264124
9.9982E-05 9.9982E-05 0.861069 0.0274043 0.111327
9.9991E-05 0.0712993 0.202432 0.00568973 0.720479
9.9991E-05 0.0470021 0.44702 0.142413 0.363465
0.126274 9.9991E-05 0.213977 0.152039 0.507611
0.164104 0.0903889 0.205174 9.9991E-05 0.540233
9.9982E-05 9.9982E-05 0.223547 0.109196 0.667057
0.109343 9.9991E-05 0.222893 0.325123 0.342541
9.9991E-05 0.015771 0.245723 0.0834114 0.654994
9.9991E-05 0.0464769 0.136338 0.16084 0.656246
9.9982E-05 9.9982E-05 0.470376 0.0102439 0.51918
0.0537595 0.0573213 0.0993699 0.207067 0.582483
9.9982E-05 0.669429 0.057925 0.272446 9.9982E-05
9.9991E-05 0.745366 0.010131 0.170078 0.0743244
9.9982E-05 0.812209 0.0139709 0.17362 9.9982E-05
9.9982E-05 0.826327 0.0425217 0.130951 9.9982E-05
9.9982E-05 0.72151 9.9982E-05 0.252782 0.0255081
9.9991E-05 0.0148454 0.397779 0.243342 0.343933
9.9991E-05 0.0222929 0.433559 0.228224 0.315825
9.9973E-05 9.9973E-05 0.624572 9.9973E-05 0.375128
0.036671 0.186122 0.141365 9.9991E-05 0.635741
0.0122352 0.136644 0.0696311 0.132867 0.648623
9.9982E-05 0.0319337 0.488532 9.9982E-05 0.479335
0.0542104 0.0473915 0.133349 0.0775289 0.68752
0.0434889 0.0621885 0.384768 9.9991E-05 0.509454
9.9991E-05 0.0165941 0.253271 0.0513644 0.67867
0.0549339 9.9991E-05 0.158886 0.114488 0.671592
0.0471812 9.9991E-05 0.388485 0.180761 0.383473
9.9982E-05 9.9982E-05 0.295032 0.138913 0.565855
9.9982E-05 9.9982E-05 0.258465 0.216255 0.52508
0.0360764 0.143404 0.0810703 0.0567708 0.682678
9.9982E-05 9.9982E-05 0.224332 0.158826 0.616642
9.9991E-05 0.0416683 0.29928 0.0469505 0.612001
0.438626 0.128428 9.99937E-05 0.0360879 0.396758
0.470585 0.128022 0.0763831 0.0609013 0.264108
0.440849 0.121111 9.9982E-05 9.9982E-05 0.43784
0.521462 0.191742 9.9982E-05 9.9982E-05 0.286596
0.487186 0.0502026 0.0264233 0.0786961 0.357492
0.0597775 0.0442562 0.390241 9.9991E-05 0.505625
0.6289 0.294421 0.00374865 9.9991E-05 0.0728299
0.458426 0.18135 0.068215 9.9991E-05 0.291909
0.181221 0.164626 0.224156 0.0401613 0.389836
9.9991E-05 0.184384 0.0654967 0.0364259 0.713593
9.9991E-05 0.217415 0.247344 0.0205304 0.51461
0.0428993 0.109747 0.110926 0.0832322 0.653195
0.0821312 0.129511 0.104108 0.0804295 0.603821
0.43683 0.206352 9.9982E-05 9.9982E-05 0.356618
0.455671 0.0282595 9.9991E-05 0.189649 0.326321
0.589397 0.0771505 9.9982E-05 9.9982E-05 0.333252
0.348978 0.127346 0.0739917 0.0334217 0.416262
0.488363 0.17345 9.9982E-05 9.9982E-05 0.337988
0.300349 0.142 0.127548 9.9991E-05 0.430002
0.606819 0.0876942 0.107257 0.0276051 0.170625
0.442095 0.0727974 0.0105518 0.0690346 0.405521
9.9982E-05 0.148605 0.221336 9.9982E-05 0.62986
0.342501 0.173652 0.079434 0.0501007 0.354313
0.605013 0.20631 0.00409304 9.9991E-05 0.184485
0.411715 0.0916576 0.0283422 0.179953 0.288332
0.00810893 0.148699 0.321733 0.288392 0.233067
0.125829 0.0545196 0.158884 0.00841967 0.652347
0.356488 0.193528 9.9991E-05 0.133971 0.315912
0.0618408 0.132886 0.0527423 0.179506 0.573025
9.9991E-05 0.174772 0.1869 0.0633136 0.574914
0.243519 0.182872 0.151768 0.000645664 0.421196
0.362687 0.222694 0.0935002 0.0245923 0.296526
0.0606383 0.161579 0.0169044 0.0666619 0.694216
0.426004 0.165188 0.0677323 0.0238994 0.317176
0.472877 0.135534 0.0151948 9.9991E-05 0.376294
0.641764 0.212533 9.9991E-05 0.0470322 0.0985703
0.101362 0.0784584 0.156841 0.0747088 0.58863
9.9991E-05 0.11105 0.293048 0.0466155 0.549187
0.0806248 0.183353 0.560548 0.0464478 0.129027
0.0688388 0.224076 0.0886036 0.0283996 0.590082
0.0410113 0.120125 0.226933 0.156935 0.454995
0.178268 0.2323 0.0700925 9.9991E-05 0.51924
0.0898639 0.140986 0.179639 0.100275 0.489235
0.213218 0.349643 0.436939 9.9982E-05 9.9982E-05
0.158467 0.359194 0.48214 9.9982E-05 9.9982E-05
0.134371 0.119661 0.361214 0.0531978 0.331556
0.243738 0.362394 0.391947 9.9991E-05 0.00182028
0.271596 0.450163 0.278041 9.9982E-05 9.9982E-05
0.169367 0.179564 0.327221 0.00847013 0.315378
0.14214 0.264538 0.128952 9.9991E-05 0.46427
0.170917 0.305414 0.290683 0.0261438 0.206843
0.225605 0.343166 0.34344 9.9991E-05 0.0876894
0.224118 0.175073 0.153872 9.9991E-05 0.446837
0.20397 0.249509 0.404372 9.9991E-05 0.14205
0.110995 0.477365 0.41144 9.9982E-05 9.9982E-05
0.235442 0.139724 0.0518757 0.0322154 0.540742
0.300073 0.174582 0.199609 0.0724309 0.253305
0.185037 0.366989 0.0120701 9.9991E-05 0.435804
0.292429 0.177706 9.9982E-05 9.9982E-05 0.529665
0.137361 0.23086 0.167828 0.00822411 0.455727
0.203762 0.236967 9.9991E-05 0.00993313 0.549238
0.268973 0.154409 0.0412094 0.0766055 0.458803
0.186909 0.445276 9.9991E-05 0.029782 0.337933
0.154235 0.228248 9.9991E-05 0.0519427 0.565474
0.308011 0.229258 0.000872636 0.0298063 0.432052
0.286664 0.224695 0.184401 9.9991E-05 0.30414
0.159977 0.176807 0.242464 0.159124 0.261627
0.11284 0.238887 0.0238349 0.0239292 0.600509
0.153849 0.155203 0.0753657 0.0737822 0.541801
0.0640894 0.125117 0.0702593 0.0311423 0.709392
0.281823 0.32068 9.9982E-05 9.9982E-05 0.397297
0.271129 0.163971 0.182001 9.9991E-05 0.382799
0.20999 0.411955 0.19671 9.9991E-05 0.181245
0.187782 0.165301 0.0792535 9.9991E-05 0.567563
0.357182 0.275267 0.179948 9.9991E-05 0.187503
9.9982E-05 0.822895 0.100872 0.0760333 9.9982E-05
9.9991E-05 0.0742808 0.0313466 0.783323 0.110949
9.9973E-05 0.0589431 9.9973E-05 0.940757 9.9973E-05
9.9973E-05 0.00895423 9.9973E-05 0.990746 9.9973E-05
9.9973E-05 9.9973E-05 9.9973E-05 0.987241 0.0124594
0.0359394 9.9982E-05 9.9982E-05 0.955289 0.00857124
9.9973E-05 9.9973E-05 9.9973E-05 0.897653 0.102047
9.9973E-05 0.0381986 9.9973E-05 0.961501 9.9973E-05
0.0167761 0.202493 9.9982E-05 0.780531 9.9982E-05
0.0150712 0.941535 9.9991E-05 0.0134216 0.029872
0.0241042 0.837762 9.9982E-05 0.137934 9.9982E-05
0.053766 0.901221 0.00455444 0.0239251 0.0165335
9.9982E-05 0.859624 9.9982E-05 0.084699 0.0554768
0.0353705 0.890013 9.9982E-05 0.074416 9.9982E-05
0.0244024 0.901492 0.00613995 0.0630447 0.00492052
0.11427 0.761721 9.9991E-05 0.090102 0.0338073
0.0639299 0.87297 0.027212 9.9991E-05 0.0357878
0.0167334 0.707783 9.9991E-05 0.147773 0.127611
0.0537209 0.926178 9.9982E-05 9.9982E-05 0.019901
9.9973E-05 0.920999 9.9973E-05 0.078701 9.9973E-05
0.0726463 0.844078 0.03132 0.0377565 0.0141992
9.9982E-05 0.945282 9.9982E-05 0.0324259 0.0220917
0.0147883 0.923997 9.9982E-05 9.9982E-05 0.0610151
0.0325909 0.859419 9.9991E-05 0.0474283 0.0604617
0.0245053 0.847168 9.9982E-05 9.9982E-05 0.128127
0.13298 0.798409 9.9982E-05 9.9982E-05 0.0684109
0.0770563 0.779343 9.9982E-05 9.9982E-05 0.143401
0.0706884 0.792781 9.9982E-05 9.9982E-05 0.13633
0.0166555 0.223216 0.25722 0.0418122 0.461097
0.00330184 0.120031 0.0794036 0.0238232 0.77344
0.0478405 0.198953 0.0911046 0.00546943 0.656632
0.0434704 0.11561 0.678901 9.9991E-05 0.161919
0.0654853 0.178914 0.135896 0.0692352 0.55047
0.083293 0.220594 0.630528 9.9991E-05 0.0654847
0.0831548 0.0760461 0.132568 0.0367154 0.671516
9.9991E-05 0.0903861 0.220836 0.171968 0.51671
9.9991E-05 0.15288 0.249421 0.0119308 0.585668
0.0761135 0.055769 0.2912 0.0618922 0.515025
9.9991E-05 0.15974 0.201533 0.0926973 0.545929
0.00680361 0.122554 0.197739 9.9991E-05 0.672803
0.0411284 0.127081 0.106697 0.0805514 0.644542
0.083194 9.9991E-05 0.332611 0.515878 0.0682173
9.9982E-05 0.105165 0.843198 0.0514374 9.9982E-05
0.02764 0.0757662 0.688448 0.0408937 0.167252
0.0577672 0.0996692 0.124082 0.0841872 0.634294
0.0314642 0.124148 0.277384 9.9991E-05 0.566904
9.9982E-05 0.162831 0.250886 9.9982E-05 0.586083
0.0230392 0.12132 0.177851 9.9991E-05 0.67769
0.137759 0.27583 0.00751809 9.9991E-05 0.578793
0.165382 0.184122 9.9991E-05 0.0326399 0.617756
0.178224 0.397035 0.0257577 0.209502 0.189482
0.0424301 0.169958 0.064667 0.118576 0.604369
0.13735 0.273491 0.0809736 0.067188 0.440997
0.190241 0.456464 0.353095 9.9982E-05 9.9982E-05
0.293164 0.206523 0.21983 9.9991E-05 0.280383
0.172037 0.353328 0.0477104 0.108257 0.318667
0.157974 0.297493 9.9991E-05 0.166888 0.377545
0.295823 0.119767 0.0528257 0.0908967 0.440688
0.186499 0.225804 0.0518294 0.0691794 0.466689
0.092252 0.19686 9.9991E-05 0.0359421 0.674846
0.294801 0.225502 0.217171 9.9991E-05 0.262425
0.195187 0.490095 9.9991E-05 0.00478471 0.309834
