0.0951812 9.9973E-05 9.9973E-05 0.0319267 9.9973E-05 0.0137401 0.795767 0.0630854
9.9964E-05 9.9964E-05 0.0431134 0.0309057 9.9964E-05 9.9964E-05 0.920636 0.00494513
0.0584834 0.0541617 9.9982E-05 0.0488119 0.0211199 0.0455102 0.771713 9.9982E-05
0.0533424 0.0110406 0.0388425 0.0737663 9.9982E-05 0.0892731 0.733535 9.9982E-05
9.9964E-05 0.0674578 0.0550877 9.9964E-05 9.9964E-05 0.0107671 0.866288 9.9964E-05
9.9982E-05 0.0265161 9.9982E-05 0.028863 0.153109 0.0789771 0.587965 0.12437
0.06728 9.9991E-05 0.0162731 0.0562037 0.0574804 0.0199628 0.771716 0.010984
0.0362923 0.00627945 0.046925 0.124936 0.0791521 0.0229406 0.683375 9.9991E-05
0.0369162 9.99729E-05 0.00141489 0.108954 0.0711672 9.99729E-05 0.781248 9.99729E-05
0.0625609 0.0843163 0.0497238 9.9991E-05 0.0599171 0.0414024 0.671114 0.0308656
9.9973E-05 0.0476246 9.9973E-05 0.0722171 0.0614534 9.9973E-05 0.756643 0.0617623
9.9964E-05 0.169439 9.9964E-05 0.411034 9.9964E-05 0.0900296 9.9964E-05 0.329097
0.0933181 0.526472 9.9982E-05 0.237715 0.090836 0.0201429 9.9982E-05 0.0313165
0.00909949 0.181777 0.168943 0.414774 0.0234384 0.129192 9.9991E-05 0.0726746
0.0256733 0.272891 0.010885 0.369729 9.9991E-05 0.179404 0.0133028 0.128015
0.022423 0.294748 0.0184457 0.191772 0.0940331 0.203385 0.0846481 0.0905446
0.0229809 0.534445 0.0164616 0.171252 0.0118037 0.0959632 0.0421703 0.104924
0.0306112 0.468383 0.0144848 0.245495 0.0347229 0.0623636 9.9991E-05 0.14384
0.0494579 0.243537 9.9982E-05 0.286878 9.9982E-05 0.0967652 0.0764442 0.246718
0.0365724 9.9973E-05 9.9973E-05 0.636413 0.112044 0.0760533 9.9973E-05 0.138618
0.0303853 0.40213 0.0557006 0.264948 9.9982E-05 0.0638651 9.9982E-05 0.182772
0.0479639 0.410384 0.11564 0.168001 0.128743 9.9991E-05 0.0545417 0.0746255
0.005035 0.547487 0.0419347 0.219566 9.9991E-05 0.0267619 0.0149424 0.144172
0.0664325 0.227064 9.9982E-05 0.349256 0.0362269 0.0978349 9.9982E-05 0.222985
9.9982E-05 0.562989 9.9982E-05 0.114648 0.0775042 0.0928387 0.084773 0.0670471
9.9973E-05 0.54309 9.9973E-05 0.205064 0.0760403 0.127611 9.9973E-05 0.047894
0.0572825 0.091878 9.9973E-05 0.4154 9.9973E-05 0.161242 9.9973E-05 0.273898
0.00369308 0.0942606 9.9982E-05 0.388583 0.0305215 0.257851 9.9982E-05 0.22489
9.999E-05 0.214117 0.0850057 0.388048 0.135102 0.0165178 0.0057544 0.155354
0.9993 9.994E-05 9.994E-05 9.994E-05 9.994E-05 9.994E-05 9.994E-05 9.994E-05
0.9993 9.994E-05 9.994E-05 9.994E-05 9.994E-05 9.994E-05 9.994E-05 9.994E-05
0.333352 0.136917 9.9964E-05 9.9964E-05 9.9964E-05 9.9964E-05 0.49154 0.0377903
0.254272 0.0991782 9.9973E-05 9.9973E-05 9.9973E-05 0.00740359 0.527311 0.111536
0.00908771 0.506055 0.0258504 0.0609231 0.0554006 0.0120201 0.0419976 0.288666
0.0335486 0.411656 9.9982E-05 0.0892685 0.0736677 0.108727 9.9982E-05 0.282933
9.9973E-05 0.550966 0.088909 9.9973E-05 0.00685217 9.9973E-05 0.0602279 0.292745
0.0693263 0.175428 0.0487124 0.54662 9.9991E-05 0.0159642 0.0356335 0.108216
0.00766091 0.367827 0.0711185 9.9982E-05 0.0498587 0.0104561 9.9982E-05 0.492879
0.00664148 0.412788 0.106204 0.168465 9.9991E-05 0.0390082 0.0237891 0.243005
9.9973E-05 0.666756 9.9973E-05 9.9973E-05 0.149965 0.0101846 0.0254214 0.147374
0.0424406 0.568906 0.0199613 0.0511068 0.098425 9.9991E-05 0.0707749 0.148285
0.0536689 0.627118 9.9982E-05 0.0420604 0.098614 9.9982E-05 0.0139133 0.164425
0.0394723 0.129815 9.9973E-05 0.108108 0.0435752 9.9973E-05 9.9973E-05 0.67873
9.9973E-05 0.620672 9.9973E-05 0.02976 0.266374 9.9973E-05 0.0404965 0.0423975
9.9982E-05 0.621522 0.0733274 0.0183442 0.0371663 9.9982E-05 0.0805429 0.168897
0.0158061 0.594885 0.0316211 0.0290662 0.180101 0.0454438 0.0894635 0.0136134
9.9964E-05 0.281987 0.0822248 9.9964E-05 0.00578365 9.9964E-05 9.9964E-05 0.629605
0.0125729 0.608023 9.9964E-05 9.9964E-05 9.9964E-05 9.9964E-05 0.124333 0.254671
0.0409062 0.538215 0.00532463 0.0590787 0.0415135 0.0270891 0.124662 0.163211
9.9964E-05 9.9964E-05 0.00398159 9.9964E-05 0.297299 9.9964E-05 0.0351185 0.663201
9.9973E-05 0.216274 0.0403353 0.393306 0.106912 9.9973E-05 9.9973E-05 0.242872
0.0132404 0.0827994 0.0846619 0.21594 0.274934 9.9991E-05 0.0393084 0.289016
0.0799496 0.54084 0.0384579 0.186481 0.100679 0.00700991 0.0189743 0.0276091
9.999E-05 0.6319 0.138093 0.01351 0.0648921 0.03378 0.0805454 0.0371793
0.0297203 0.529941 0.0229083 0.046821 0.0812091 0.101511 0.0449402 0.142949
0.0408976 0.233003 0.0615503 0.305212 0.0691152 9.9991E-05 0.0763621 0.213759
0.00228963 0.536943 0.165486 0.185824 9.9982E-05 9.9982E-05 0.0190945 0.0901627
9.999E-05 0.575588 0.1042 0.0110643 0.130864 0.0633708 0.046915 0.0678975
0.0357528 0.368016 0.0316848 0.130014 0.116967 9.9991E-05 0.101895 0.21557
0.0326596 0.0597887 0.0393071 0.385516 0.107509 0.0403629 0.174174 0.160682
0.0931875 0.527941 0.0479107 0.0489073 0.0380331 9.9991E-05 0.0266309 0.217289
0.0430486 0.364631 0.0803983 0.263387 9.9991E-05 0.0909406 0.0483595 0.109135
0.0708795 0.0144852 0.0976153 0.48192 0.0896121 9.9982E-05 9.9982E-05 0.245288
0.0228428 0.510599 0.0816509 0.224942 0.029964 9.9982E-05 9.9982E-05 0.129802
0.0267348 0.642335 0.115555 0.0177325 0.0234506 0.038684 9.9991E-05 0.135407
0.0662353 0.623143 0.0333098 0.178396 0.00995068 0.0392376 0.0447482 0.00498015
0.0579713 0.16847 0.0368537 0.270709 0.077925 0.0897439 9.9991E-05 0.298227
0.079726 0.453821 0.0272751 0.110012 0.0882966 0.048022 9.9991E-05 0.192747
0.102351 0.617575 0.0971134 0.121235 0.0152681 9.9982E-05 0.0462577 9.9982E-05
0.0710846 0.192187 0.111533 0.352707 0.0653469 9.9982E-05 9.9982E-05 0.206942
9.9955E-05 0.532832 9.9955E-05 0.0830873 9.9955E-05 9.9955E-05 9.9955E-05 0.383581
0.0284876 0.133119 9.9964E-05 0.0289787 9.9964E-05 9.9964E-05 9.9964E-05 0.809015
0.0620522 0.441711 0.0316587 0.0902389 0.0729525 0.0414462 0.077658 0.182283
9.9955E-05 9.9955E-05 9.9955E-05 9.9955E-05 0.108684 9.9955E-05 0.0137116 0.877105
9.9964E-05 9.9964E-05 0.0863799 9.9964E-05 0.0844408 9.9964E-05 0.0188542 0.809925
9.9946E-05 0.293224 9.9946E-05 9.9946E-05 9.9946E-05 9.9946E-05 9.9946E-05 0.706176
9.9973E-05 0.461196 0.0253039 9.9973E-05 0.0144438 0.00751686 9.9973E-05 0.49124
0.00942865 0.456002 0.0758752 9.9991E-05 0.0578193 0.064375 0.181133 0.155267
0.0229911 0.484989 9.9973E-05 0.0701765 9.9973E-05 9.9973E-05 0.00558035 0.415963
0.0161589 0.0500248 9.9982E-05 0.114752 9.9982E-05 0.0772834 0.0387065 0.702874
0.0144518 0.218058 9.9982E-05 0.227534 9.9982E-05 0.0212911 0.0109075 0.507558
9.9982E-05 0.390178 0.104697 0.0617372 9.9982E-05 0.175652 0.121792 0.145744
0.0255562 0.204159 9.9982E-05 0.0413843 9.9982E-05 0.0464587 0.0456607 0.636581
0.027821 0.352959 9.9982E-05 0.057569 9.9982E-05 0.0312846 0.0405138 0.489652
0.0119122 0.422813 0.035319 9.9973E-05 0.00602836 9.9973E-05 9.9973E-05 0.523627
9.9955E-05 9.9955E-05 0.157584 9.9955E-05 0.22253 9.9955E-05 9.9955E-05 0.619387
0.0012619 0.597147 0.0331869 0.0787775 0.0581801 0.024087 0.0123989 0.194961
0.0466079 0.116228 9.9973E-05 0.0129409 9.9973E-05 0.0263005 0.797623 9.9973E-05
0.10064 0.0615912 9.9955E-05 9.9955E-05 9.9955E-05 9.9955E-05 0.837269 9.9955E-05
0.109507 0.089191 9.9973E-05 9.9973E-05 0.0177871 0.0351972 0.748017 9.9973E-05
0.11438 0.00016099 9.9973E-05 9.9973E-05 0.0268421 0.0247553 0.833562 9.9973E-05
0.0731376 0.110414 9.9964E-05 9.9964E-05 0.0156488 9.9964E-05 0.800399 9.9964E-05
0.0120913 0.0633767 0.0530733 9.9982E-05 0.00649516 0.0285716 0.836192 9.9982E-05
0.0638343 0.0522619 9.9973E-05 9.9973E-05 0.0244154 0.0241166 0.835072 9.9973E-05
9.9973E-05 0.496704 9.9973E-05 0.0255657 9.9973E-05 0.108161 0.0845042 0.284766
0.0306706 0.55249 9.9991E-05 0.0927346 0.0420428 0.0801302 0.00971238 0.192119
9.9982E-05 0.0591591 0.0481421 0.0740253 0.0115991 9.9982E-05 0.0676645 0.73921
0.0104188 0.639041 9.9991E-05 0.0251353 0.0829673 0.00275522 0.117733 0.121849
0.0100535 0.428022 9.9973E-05 0.0787724 9.9973E-05 9.9973E-05 0.0588698 0.423982
0.0171135 0.53735 0.0921105 9.9973E-05 9.9973E-05 9.9973E-05 0.0864502 0.266675
0.0107479 0.467807 0.113178 9.9991E-05 0.0229938 0.0307346 0.0127128 0.341726
0.00827046 0.410594 0.0639121 9.9973E-05 9.9973E-05 0.0708682 9.9973E-05 0.446056
0.0110888 9.9964E-05 9.9964E-05 0.224289 9.9964E-05 9.9964E-05 0.0285417 0.735681
0.0584664 0.469107 0.124871 9.9982E-05 9.9982E-05 0.0758859 0.0824107 0.189059
0.0165883 0.653713 9.9973E-05 9.9973E-05 9.9973E-05 0.0199361 0.0278475 0.281615
0.0192303 0.473468 0.0682484 0.104794 0.0261492 0.131304 0.0566893 0.120116
0.0405855 0.250623 0.076344 9.9973E-05 0.116946 9.9973E-05 9.9973E-05 0.515202
0.00294381 0.493771 0.105282 9.9982E-05 0.0145178 9.9982E-05 0.0346379 0.348647
0.0497424 0.397866 0.0431013 0.111066 9.9973E-05 9.9973E-05 9.9973E-05 0.397924
9.9964E-05 0.206909 0.0278612 9.9964E-05 9.9964E-05 0.0789276 9.9964E-05 0.685903
9.9973E-05 0.393036 0.00106469 0.122408 9.9973E-05 9.9973E-05 0.0585685 0.424623
0.0938001 0.51166 9.9991E-05 0.111324 0.0608919 0.0383491 0.0115558 0.172319
0.0108291 0.257312 0.231393 0.316019 0.0866034 9.9991E-05 0.0140356 0.0837077
0.0505338 0.40125 9.9991E-05 0.263392 0.142575 0.0715714 0.0667672 0.00380987
0.0644215 0.486892 0.194369 0.140318 9.9982E-05 0.0748873 0.0389121 9.9982E-05
0.0116052 0.593762 0.0603193 0.0148472 0.0298032 0.0143316 0.153409 0.121923
0.0430869 0.500131 0.0934915 0.359559 9.9973E-05 9.9973E-05 0.00343218 9.9973E-05
9.9982E-05 0.541547 9.9982E-05 0.310671 0.0247285 0.0602317 0.00388532 0.0587367
9.9973E-05 0.473782 0.0579043 0.439191 9.9973E-05 0.00372607 0.0250963 9.9973E-05
0.013071 0.515974 0.0415909 0.192675 0.0488196 0.00298128 0.0614624 0.123426
0.0327934 0.519746 0.0660337 0.154948 0.0377049 0.061406 9.9991E-05 0.127269
0.0885148 0.556493 0.083524 0.135122 9.9973E-05 9.9973E-05 9.9973E-05 0.136046
9.9964E-05 0.508945 0.0411372 0.355583 9.9964E-05 9.9964E-05 9.9964E-05 0.0939351
9.9991E-05 0.608891 0.0525337 0.102945 0.0541562 0.0247492 0.0825349 0.0740904
9.9982E-05 0.631813 0.145739 0.0824996 0.0507009 0.0413095 0.0477384 9.9982E-05
0.00279559 0.587441 0.0791059 0.204897 9.9973E-05 9.9973E-05 9.9973E-05 0.12546
0.00236358 0.518912 0.100112 0.1211 0.0533324 0.0709135 0.133167 9.9991E-05
9.9973E-05 0.51489 0.12553 0.237172 9.9973E-05 0.0510387 9.9973E-05 0.0710697
0.0249493 0.354075 0.114534 0.302612 0.123978 0.0220861 0.0576653 9.9991E-05
0.0149441 0.660328 0.047621 0.0842816 0.0954826 9.9991E-05 0.0245469 0.0726964
0.00568118 0.648226 0.0554342 0.140673 0.0508067 0.0295703 0.0695084 9.9991E-05
9.9982E-05 0.163044 0.0767351 0.33543 9.9982E-05 0.113369 0.00497222 0.30625
0.00688258 0.203735 0.240029 0.234779 0.27589 0.0039869 0.00371287 0.0309855
0.0143528 0.521007 9.9991E-05 0.157146 0.0773392 0.0176566 0.0149951 0.197403
9.9982E-05 0.0679309 0.223239 0.287315 0.235887 0.0646344 9.9982E-05 0.120794
0.0233152 0.303807 0.0755087 0.435589 9.9973E-05 9.9973E-05 9.9973E-05 0.16148
9.9964E-05 0.43402 0.0685738 0.247766 9.9964E-05 9.9964E-05 9.9964E-05 0.24924
0.0366205 0.376239 9.9964E-05 0.434874 9.9964E-05 9.9964E-05 9.9964E-05 0.151866
0.013673 0.306195 0.0382109 0.491296 0.00774162 9.9982E-05 9.9982E-05 0.142684
0.0099033 0.61824 0.106177 0.111666 0.0607598 0.0458561 0.0472978 9.9991E-05
0.0492463 0.508844 0.130024 0.0401631 0.0822771 0.0650379 0.0480167 0.0763907
0.0583487 0.520158 0.122445 0.11517 0.0342124 0.0256559 0.0142654 0.109744
9.9982E-05 0.122566 0.0516631 0.390838 0.245152 0.0523151 9.9982E-05 0.137265
0.029218 0.518654 0.00208208 0.0921538 0.096225 0.0104299 0.175568 0.0756688
9.9982E-05 0.516948 0.0537343 0.00639008 0.237371 9.9982E-05 0.056104 0.129253
0.0248496 9.9982E-05 0.125465 0.17482 0.37752 9.9982E-05 0.126751 0.170394
0.0428285 0.592473 0.134167 9.9991E-05 0.0462494 0.00210289 0.0974798 0.0845984
9.9991E-05 0.356318 0.101071 0.0522126 0.258239 0.0120174 0.0811904 0.138852
0.0124547 0.473381 0.0463662 0.106867 0.163558 0.0937291 0.0520415 0.0516025
0.0724521 0.223975 0.0997315 0.0840248 0.352377 0.0167671 0.018505 0.132168
0.0221017 0.191217 0.200128 0.12048 0.345235 9.9991E-05 0.0265265 0.0942124
0.0233116 0.403168 0.215281 0.17666 0.0805182 9.9982E-05 9.9982E-05 0.100861
0.0141667 0.491337 0.0269644 0.0672788 0.0903353 9.9991E-05 0.188495 0.121323
0.0222618 0.482088 0.0508661 0.0715149 0.100452 0.0148926 0.110652 0.147274
0.0273327 9.9991E-05 0.143613 0.092105 0.31117 0.177494 0.0101607 0.238025
9.9991E-05 0.479805 0.117843 0.156765 0.120745 0.0499861 0.0108372 0.0639191
9.9964E-05 0.378622 9.9964E-05 0.0593662 0.273911 9.9964E-05 9.9964E-05 0.287701
9.9973E-05 0.443039 0.0610902 0.122802 0.206499 9.9973E-05 9.9973E-05 0.166271
0.016188 0.60888 9.9991E-05 0.0290151 0.0794679 0.0784025 0.0863721 0.101574
0.0503264 0.218579 9.9973E-05 9.9973E-05 0.285436 0.194028 0.251331 9.9973E-05
9.9955E-05 9.9955E-05 9.9955E-05 9.9955E-05 0.386199 0.126366 0.486936 9.9955E-05
0.0230954 9.9964E-05 9.9964E-05 9.9964E-05 0.439701 0.163326 0.373478 9.9964E-05
0.000425835 0.077397 9.9973E-05 9.9973E-05 0.258285 0.337511 0.326081 9.9973E-05
9.9964E-05 0.685556 0.00490457 9.9964E-05 0.272123 9.9964E-05 9.9964E-05 0.0370168
0.0618569 0.576463 9.9982E-05 0.0142459 0.232012 0.05705 9.9982E-05 0.0581724
0.0151933 0.250666 0.00798347 0.0104644 9.9973E-05 0.715393 9.9973E-05 9.9973E-05
0.00890715 0.326134 0.0771068 0.0582317 9.9982E-05 0.464184 9.9982E-05 0.0652358
0.0218634 0.403622 9.9991E-05 0.0777745 0.0118018 0.418081 0.0472064 0.0195509
0.0220618 0.264085 0.243251 0.00326753 0.362234 0.00446933 9.9991E-05 0.100531
0.0526776 0.467208 0.185164 0.029856 0.0510425 0.0318907 0.0695165 0.112645
9.9973E-05 0.245586 0.163967 0.0346768 0.51067 9.9973E-05 9.9973E-05 0.0447998
9.9982E-05 0.562322 0.0180209 9.9982E-05 0.209584 0.0279193 0.0170941 0.164859
9.9991E-05 0.390878 0.223365 0.13393 0.119858 0.0171565 0.0111554 0.103557
9.9973E-05 0.629736 0.0645829 0.0403077 0.259579 0.00549459 9.9973E-05 9.9973E-05
9.9973E-05 0.162844 0.170547 0.0387694 0.421737 9.9973E-05 9.9973E-05 0.205803
0.0120884 0.587676 0.067685 0.0058949 0.084137 0.098381 0.0411309 0.103007
9.9991E-05 0.453356 0.0177391 0.0373828 0.19513 0.0316586 0.0764564 0.188177
9.9955E-05 0.0418634 9.9955E-05 9.9955E-05 9.9955E-05 0.942297 9.9955E-05 0.0153403
9.9955E-05 0.107504 0.0442798 9.9955E-05 9.9955E-05 0.847716 9.9955E-05 9.9955E-05
9.9973E-05 0.245547 9.9973E-05 0.030708 9.9973E-05 0.608021 0.059085 0.0563396
0.0320637 0.271667 9.9964E-05 0.0231036 9.9964E-05 0.672766 9.9964E-05 9.9964E-05
9.9973E-05 0.158348 9.9973E-05 9.9973E-05 0.0184944 0.727372 0.0661227 0.0293627
0.0050503 9.9955E-05 9.9955E-05 9.9955E-05 0.00224863 0.992201 9.9955E-05 9.9955E-05
9.9955E-05 9.9955E-05 0.0168749 0.0106148 9.9955E-05 0.972011 9.9955E-05 9.9955E-05
9.9946E-05 0.217316 9.9946E-05 9.9946E-05 9.9946E-05 0.782084 9.9946E-05 9.9946E-05
9.9946E-05 9.9946E-05 9.9946E-05 0.0418593 9.9946E-05 0.957541 9.9946E-05 9.9946E-05
0.00536873 9.9946E-05 9.9946E-05 9.9946E-05 9.9946E-05 0.994032 9.9946E-05 9.9946E-05
0.0254662 9.9946E-05 9.9946E-05 9.9946E-05 9.9946E-05 0.973934 9.9946E-05 9.9946E-05
0.0886393 0.16833 9.9964E-05 0.00298766 9.9964E-05 0.739644 9.9964E-05 9.9964E-05
9.9964E-05 0.118178 9.9964E-05 9.9964E-05 9.9964E-05 0.756741 0.102915 0.0217658
9.9946E-05 9.9946E-05 9.9946E-05 9.9946E-05 9.9946E-05 0.953566 9.9946E-05 0.0458341
0.00226128 0.378476 9.9982E-05 0.114295 9.9982E-05 0.407959 0.0229626 0.0738463
0.00932923 0.160573 9.9991E-05 0.0593679 0.00587119 0.604284 0.0531264 0.107348
0.0269655 0.169183 0.00964714 0.0487532 9.9982E-05 0.737346 0.00790486 9.9982E-05
0.0430831 0.119166 9.9964E-05 0.00503586 9.9964E-05 0.832315 9.9964E-05 9.9964E-05
9.9946E-05 0.0362798 9.9946E-05 9.9946E-05 9.9946E-05 0.96312 9.9946E-05 9.9946E-05
9.9973E-05 0.0603948 0.0186724 0.0114961 9.9973E-05 0.838564 0.0705729 9.9973E-05
0.0235449 9.9946E-05 9.9946E-05 9.9946E-05 9.9946E-05 0.975855 9.9946E-05 9.9946E-05
0.0423852 0.22757 0.0768794 0.0226718 9.9982E-05 0.564469 0.0658248 9.9982E-05
0.00845124 0.0747422 0.0144277 0.0489921 9.9982E-05 0.843083 9.9982E-05 0.0101035
9.9964E-05 9.9964E-05 9.9964E-05 9.9964E-05 0.602866 0.0463392 0.297627 0.052768
0.0416335 0.41064 0.0448541 0.107598 0.162532 0.105985 0.126657 9.9991E-05
0.00513155 0.454596 9.9982E-05 0.0127997 0.262964 0.060902 0.203407 9.9982E-05
0.0925048 0.266478 9.9982E-05 0.0103816 0.529597 0.0407406 0.060098 9.9982E-05
9.9982E-05 0.475693 0.061331 0.00891755 0.219607 0.0903919 0.14386 9.9982E-05
0.0938903 0.214 0.120618 9.9982E-05 0.354635 0.0754191 0.141238 9.9982E-05
9.9982E-05 0.470195 0.043658 0.0360522 0.115379 9.9982E-05 0.203313 0.131203
9.9973E-05 0.318104 9.9973E-05 9.9973E-05 0.351246 0.129831 0.119055 0.0814636
0.0592421 0.519859 0.067978 9.9982E-05 0.190727 0.10201 0.0599849 9.9982E-05
0.0394651 0.31155 0.00993756 9.9982E-05 0.293233 0.245277 0.100337 9.9982E-05
0.025991 0.446794 9.9991E-05 0.0206611 0.197628 0.0583826 0.192679 0.0577639
9.9973E-05 0.0394115 0.0179674 0.0657724 0.0871301 9.9973E-05 0.789419 9.9973E-05
0.0530389 9.9964E-05 9.9964E-05 9.9964E-05 0.0117338 0.0361634 0.898664 9.9964E-05
0.0368091 9.9955E-05 9.9955E-05 0.0304286 9.9955E-05 9.9955E-05 0.932263 9.9955E-05
0.0628041 0.00944979 9.9964E-05 0.062703 9.9964E-05 9.9964E-05 0.864643 9.9964E-05
0.148787 0.0158295 0.0134248 0.0597355 0.0131578 0.00647592 0.74249 9.9991E-05
0.0749581 9.9964E-05 0.0398837 9.9964E-05 9.9964E-05 0.0763485 0.80841 9.9964E-05
0.0519534 0.0211651 9.9964E-05 9.9964E-05 9.9964E-05 0.0837008 0.842781 9.9964E-05
0.0283865 9.9973E-05 9.9973E-05 9.9973E-05 0.0392232 0.00632751 0.873384 0.0523793
0.0259885 0.0178109 9.9973E-05 9.9973E-05 9.9973E-05 0.0268722 0.895979 0.0330491
0.00128205 9.9973E-05 9.9973E-05 0.0474442 0.0097445 0.101881 0.839348 9.9973E-05
0.0398523 9.9973E-05 0.00732671 0.238142 9.9973E-05 9.9973E-05 0.592555 0.121824
0.0317521 9.9982E-05 0.0196245 0.327722 9.9982E-05 0.0211451 0.528199 0.0713571
0.0494868 9.9973E-05 0.052492 0.290366 0.119333 9.9973E-05 0.488023 9.9973E-05
9.9973E-05 9.9973E-05 0.032248 0.324745 0.0370004 9.9973E-05 0.493704 0.112003
0.0466069 0.525861 0.0176269 0.131924 0.0166087 0.00604153 0.0321541 0.223177
9.9982E-05 0.464357 0.170188 0.117116 9.9982E-05 0.0190999 0.00499849 0.22404
9.9982E-05 0.515979 0.0668426 0.145132 9.9982E-05 0.0207222 0.0434048 0.20772
0.0425393 0.384904 0.0188457 0.258619 0.042568 9.9982E-05 9.9982E-05 0.252323
0.0209914 0.161457 0.0163891 0.592117 0.02449 9.9982E-05 9.9982E-05 0.184355
0.0109862 0.611166 0.165856 9.9973E-05 9.9973E-05 9.9973E-05 0.0997899 0.111902
9.9973E-05 0.59684 0.0926929 0.0497878 9.9973E-05 0.0347333 9.9973E-05 0.225646
9.9982E-05 0.475749 0.0531019 0.113564 0.0564834 0.0167482 9.9982E-05 0.284153
9.9964E-05 0.406502 0.00229838 9.9964E-05 0.0518252 9.9964E-05 9.9964E-05 0.538974
0.0193415 0.668272 9.9991E-05 0.0883495 0.0686391 0.0142489 0.0231467 0.117902
9.9973E-05 0.381818 0.0863597 0.145875 0.0107338 9.9973E-05 9.9973E-05 0.374914
9.9964E-05 9.9964E-05 0.211724 0.0422605 0.0624329 9.9964E-05 9.9964E-05 0.683183
9.9982E-05 0.534747 0.141956 0.0972571 9.9982E-05 0.00475795 0.0387528 0.182329
9.9991E-05 0.256197 0.0869362 0.0110869 0.159693 0.016472 0.025024 0.444491
0.00785922 0.480819 0.0813063 9.9982E-05 0.0306412 9.9982E-05 0.0119342 0.38724
9.9973E-05 0.0559637 0.025155 0.138717 9.9973E-05 9.9973E-05 0.0641462 0.715718
9.9964E-05 0.00250111 9.9964E-05 0.706563 0.166704 9.9964E-05 0.123832 9.9964E-05
9.9964E-05 0.0450757 9.9964E-05 0.708482 0.140102 9.9964E-05 0.105941 9.9964E-05
0.0127668 9.9973E-05 0.0356291 0.81383 0.100501 9.9973E-05 0.0369734 9.9973E-05
9.9955E-05 9.9955E-05 9.9955E-05 0.857905 0.0706803 9.9955E-05 0.0709154 9.9955E-05
0.0135634 0.0794168 0.0231638 0.792435 0.0851786 0.00604254 9.9982E-05 9.9982E-05
9.9964E-05 0.0732847 9.9964E-05 0.757917 0.0570955 9.9964E-05 0.111303 9.9964E-05
0.0812412 0.0587715 0.0121809 9.9982E-05 9.9982E-05 0.0486567 0.780112 0.0188376
0.0153206 0.068203 9.9973E-05 0.0616523 9.9973E-05 0.0406322 0.813892 9.9973E-05
0.0623607 0.13085 9.9964E-05 9.9964E-05 9.9964E-05 0.133822 0.672567 9.9964E-05
0.0325758 0.0103136 0.0100967 0.0925978 9.9982E-05 0.134692 0.719524 9.9982E-05
0.0250897 0.0564715 9.9973E-05 0.0556046 9.9973E-05 0.107354 0.755181 9.9973E-05
0.0324978 9.9964E-05 9.9964E-05 0.525375 0.0895209 9.9964E-05 0.352207 9.9964E-05
9.9964E-05 9.9964E-05 0.0981655 0.388587 0.0512957 9.9964E-05 0.461552 9.9964E-05
0.034843 9.9973E-05 0.124711 0.41514 9.9973E-05 9.9973E-05 0.407178 0.017828
0.9993 9.994E-05 9.994E-05 9.994E-05 9.994E-05 9.994E-05 9.994E-05 9.994E-05
0.0159822 9.9982E-05 0.0697635 0.517278 0.0114231 9.9982E-05 0.346961 0.0383931
9.9973E-05 0.25947 0.0640199 9.9973E-05 0.140678 0.331976 0.203555 9.9973E-05
0.0190312 0.621306 9.9982E-05 0.051821 0.0600779 0.173494 0.0740698 9.9982E-05
9.9955E-05 0.511425 9.9955E-05 9.9955E-05 9.9955E-05 0.313932 0.174144 9.9955E-05
0.00842045 0.26634 9.9991E-05 0.0326748 0.129285 0.252299 0.267536 0.0433447
0.0907951 0.494793 0.026074 0.0140005 0.0282112 0.181211 0.0650371 0.0998783
9.9964E-05 0.00531728 9.9964E-05 9.9964E-05 0.247401 0.310883 0.435999 9.9964E-05
9.9982E-05 0.44856 0.0835879 0.351113 0.00712341 9.9982E-05 0.0418874 0.0675286
9.9973E-05 0.367447 0.233322 0.236597 0.105111 9.9973E-05 9.9973E-05 0.0572238
0.0774913 0.248982 0.0651635 0.407911 9.9982E-05 9.9982E-05 0.0356358 0.164616
9.9973E-05 0.492207 0.153546 0.153949 0.0781142 9.9973E-05 9.9973E-05 0.121884
9.9964E-05 9.9964E-05 0.311351 0.15992 0.312608 9.9964E-05 9.9964E-05 0.215722
0.0431073 0.553509 0.10838 0.0787756 0.0579884 0.0868429 0.0712971 9.9991E-05
0.0458777 0.425704 0.214696 0.174776 0.00809844 9.9991E-05 0.0200603 0.110688
0.0359969 0.286053 0.0618778 0.421261 9.9982E-05 9.9982E-05 0.0145688 0.180043
9.9982E-05 0.518729 0.0314054 0.206821 9.9982E-05 0.0445268 0.104603 0.0937146
9.9973E-05 0.148045 0.165209 0.238112 0.271015 9.9973E-05 9.9973E-05 0.177319
0.00678347 0.464511 0.17054 0.235531 0.0639691 0.00738805 0.0168723 0.0344048
0.0387197 0.46518 9.9973E-05 0.263984 9.9973E-05 0.0168517 9.9973E-05 0.214964
9.9982E-05 0.375508 9.9982E-05 0.0599867 0.106631 0.177381 0.149769 0.130524
9.9973E-05 0.374909 0.241245 0.280565 0.0856468 9.9973E-05 9.9973E-05 0.0173352
9.9982E-05 0.442199 0.159651 0.239042 0.0454243 0.059749 9.9982E-05 0.0537358
9.9982E-05 0.552006 0.106853 0.120916 0.0937121 0.0560172 9.9982E-05 0.070296
9.9982E-05 0.534303 0.120745 0.159367 0.0458393 0.0266232 9.9982E-05 0.112922
0.00682695 0.622643 0.0529586 0.160256 9.9991E-05 0.0301516 0.0270386 0.100025
0.000901132 0.56785 0.0648275 0.0174903 0.0525152 0.0229943 0.118654 0.154768
9.9982E-05 0.593536 0.0371968 0.237307 0.0292974 9.9982E-05 0.0752832 0.0271791
9.9955E-05 0.196201 9.9955E-05 9.9955E-05 9.9955E-05 0.0227601 0.780539 9.9955E-05
9.9973E-05 0.0992049 9.9973E-05 9.9973E-05 0.00123684 0.0201581 0.841106 0.0379938
9.9982E-05 0.0759578 0.0151598 0.0211646 0.0300839 9.9982E-05 0.808739 0.0486954
0.0138707 0.0261478 0.0169939 0.029172 9.9991E-05 0.00847474 0.835663 0.0695784
0.0509648 0.140221 9.9964E-05 9.9964E-05 9.9964E-05 0.0112062 0.797208 9.9964E-05
9.9973E-05 0.13509 9.9973E-05 0.605274 0.0601937 0.066785 9.9973E-05 0.132357
0.0148278 0.435142 0.0784267 0.262456 0.102014 0.0875459 0.0194881 9.9991E-05
0.0205803 0.505414 0.141947 9.9991E-05 0.0961127 0.051389 0.174636 0.00982125
0.00947081 0.636402 9.9991E-05 0.152669 0.0456204 0.0628173 0.027143 0.0657782
9.9973E-05 0.512358 0.0975104 0.247563 9.9973E-05 9.9973E-05 0.0523516 0.089917
9.9973E-05 0.338667 0.0544641 0.371429 0.19495 0.0401902 9.9973E-05 9.9973E-05
0.0483506 0.0271077 9.9982E-05 0.617783 0.145241 9.9982E-05 0.0544274 0.10689
9.9991E-05 0.508075 0.0198626 0.316552 0.0404571 0.0214669 0.0205191 0.0729674
0.0473578 0.119624 0.176578 0.515696 9.9991E-05 0.0449249 0.0303351 0.0653842
9.9991E-05 0.426857 0.0455063 0.138703 0.1428 0.0214924 0.0613264 0.163215
9.9973E-05 0.129851 0.116832 0.510046 9.9973E-05 9.9973E-05 0.103394 0.139576
9.9964E-05 0.592878 9.9964E-05 0.214426 9.9964E-05 0.0694436 0.122853 9.9964E-05
0.00990306 0.156325 0.0542189 0.568121 0.0290077 0.0541039 0.0327839 0.0955359
0.0359193 0.264074 0.110809 0.343332 0.0739269 0.0826342 0.00109354 0.0882112
0.00846169 0.466513 0.117139 0.135214 0.181549 0.0569682 0.0340548 9.9991E-05
9.9964E-05 0.286612 0.103612 0.175402 0.433975 9.9964E-05 9.9964E-05 9.9964E-05
9.9973E-05 0.596302 9.9973E-05 0.0859368 0.234749 0.0134712 9.9973E-05 0.0692405
0.033202 0.546026 0.0868756 9.9982E-05 0.162513 9.9982E-05 0.0796786 0.0915049
9.9973E-05 0.402358 0.0485816 0.0982013 0.40283 9.9973E-05 9.9973E-05 0.0477293
0.0271207 0.493648 0.0227668 0.0909233 0.207437 0.0695318 9.9991E-05 0.0884722
0.00076325 0.559218 0.101126 0.0154582 0.254034 9.9982E-05 0.0691994 9.9982E-05
9.9973E-05 0.127305 0.113237 0.0251797 0.501056 9.9973E-05 9.9973E-05 0.232922
9.9973E-05 0.275469 0.0877987 0.0263599 0.539003 9.9973E-05 9.9973E-05 0.0710691
9.9964E-05 0.575762 0.109708 0.0809477 0.233183 9.9964E-05 9.9964E-05 9.9964E-05
9.9973E-05 0.165845 0.0936781 0.12612 0.475606 9.9973E-05 9.9973E-05 0.138451
9.9964E-05 0.496508 9.9964E-05 0.111238 0.239439 9.9964E-05 9.9964E-05 0.152416
0.00184766 0.0834458 9.9991E-05 0.571418 0.0371914 0.049202 0.00848716 0.248308
9.9973E-05 0.299695 0.35851 0.260127 0.00656846 9.9973E-05 9.9973E-05 0.0747999
9.9982E-05 0.318244 0.0779414 0.377091 9.9982E-05 0.108414 0.0290954 0.0890144
0.0133642 0.609115 9.9982E-05 0.224108 9.9982E-05 0.053992 0.0539419 0.0452788
9.9973E-05 0.213189 9.9973E-05 0.451351 0.0140294 0.0359886 9.9973E-05 0.285142
0.0571213 0.388729 0.185405 0.179527 0.0701463 0.118871 9.9982E-05 9.9982E-05
0.0206126 0.563888 9.9982E-05 0.142998 9.9982E-05 0.082536 0.045748 0.144017
0.0185673 0.502982 9.9991E-05 0.240322 0.0570405 0.0766077 0.00643728 0.0979436
9.9973E-05 0.458182 0.162264 0.262265 9.9973E-05 0.0847435 9.9973E-05 0.0322454
0.0119523 0.414204 9.9973E-05 0.294436 9.9973E-05 0.0946837 9.9973E-05 0.184424
9.9964E-05 0.191781 9.9964E-05 0.492106 9.9964E-05 0.0807199 9.9964E-05 0.234993
9.9973E-05 0.288947 0.0334979 0.463051 9.9973E-05 0.0824345 9.9973E-05 0.131769
9.9991E-05 0.588631 0.0542919 0.193661 0.0120765 0.044659 0.00373432 0.102847
0.0395644 0.523426 9.9982E-05 0.141701 0.0830908 0.0636062 9.9982E-05 0.148412
0.00144814 0.445395 0.10491 0.211994 0.0732675 0.0282271 0.0510855 0.0836737
9.9973E-05 0.438497 0.193049 0.238371 9.9973E-05 0.110329 9.9973E-05 0.0194546
0.0528836 0.412924 9.9982E-05 0.423276 0.00319084 9.9982E-05 0.0495883 0.0579382
9.9982E-05 0.562783 0.0129945 0.231865 9.9982E-05 0.0649712 0.0280287 0.099158
0.0263513 0.485329 0.00230944 0.275813 9.9982E-05 0.0572914 9.9982E-05 0.152706
0.0414543 0.475156 0.0647305 0.0816181 0.0319326 0.104075 0.1055 0.0955334
0.0352332 0.455267 9.9982E-05 9.9982E-05 0.114341 0.0378489 0.351179 0.0059312
0.0868374 0.563074 0.0796806 9.9982E-05 0.0884436 0.156458 0.0253071 9.9982E-05
0.0613371 0.427756 0.0273344 0.0409842 0.00932562 0.17339 0.0881644 0.171708
0.0479192 0.600181 0.0644911 0.0802659 0.0456102 0.120332 0.0411009 9.9991E-05
0.0615203 0.506347 0.0855217 9.9982E-05 9.9982E-05 0.101072 0.157661 0.087678
0.0168157 0.424382 0.184195 0.231556 0.0523864 0.012358 9.9991E-05 0.0782072
9.9982E-05 0.518411 0.0292263 9.9982E-05 0.136508 0.0985381 0.10461 0.112506
9.9982E-05 0.0164045 0.0128231 9.9982E-05 0.435049 0.128045 0.215028 0.19245
9.9973E-05 0.479998 9.9973E-05 0.130633 0.0875865 0.1575 0.143983 9.9973E-05
0.0369017 0.584412 0.0532262 0.055962 0.0138078 0.125811 0.0791169 0.0507627
0.0366302 0.374371 0.0185428 0.0462301 0.0738725 0.299612 0.0461212 0.104621
0.0293996 0.383997 0.0406273 0.0579005 0.168485 0.0850256 0.149318 0.0852463
0.00271503 0.6078 0.00106202 9.9991E-05 0.0649732 0.0838615 0.200547 0.0389415
0.0385486 0.515275 0.0245674 0.0696197 0.0339912 0.248256 0.0696423 9.9991E-05
0.0639818 9.9973E-05 0.0205296 9.9973E-05 0.314106 0.19136 0.409723 9.9973E-05
0.0938525 0.499974 0.0162919 0.0376162 0.0237116 0.0935629 0.188039 0.0469521
0.0110417 0.546367 0.0691572 9.9982E-05 0.0736968 0.162332 0.137206 9.9982E-05
0.0382183 0.590562 0.0700225 0.0229447 0.0632712 0.138518 0.0459989 0.0304646
0.0394666 0.632963 9.9973E-05 9.9973E-05 0.0508566 0.0944369 0.181977 9.9973E-05
0.0445469 0.504384 0.0543923 0.12516 0.0349207 0.113285 0.123211 9.9991E-05
0.0293012 0.376343 0.50844 0.00707273 0.0421117 0.0365316 9.9982E-05 9.9982E-05
9.9991E-05 0.402421 0.266703 0.065722 0.0216445 0.0531673 0.126918 0.0633236
9.9955E-05 9.9955E-05 0.837318 0.0616374 9.9955E-05 9.9955E-05 9.9955E-05 0.100544
9.9955E-05 9.9955E-05 0.897931 0.0511926 0.0503766 9.9955E-05 9.9955E-05 9.9955E-05
9.9973E-05 0.372265 0.255091 0.090363 9.9973E-05 0.215978 0.0660022 9.9973E-05
9.9973E-05 0.403794 0.0709283 9.9973E-05 0.111984 0.301874 0.11112 9.9973E-05
0.0233263 0.253424 0.267456 9.9973E-05 9.9973E-05 0.346778 0.108715 9.9973E-05
9.9973E-05 0.111967 0.221152 9.9973E-05 0.160642 0.278611 0.227328 9.9973E-05
0.0461852 0.324402 0.227136 9.9991E-05 0.0236795 0.21463 0.15593 0.00793712
9.9973E-05 0.0391693 0.585716 9.9973E-05 0.189291 0.0995649 0.0859586 9.9973E-05
0.0316679 0.116309 0.680917 9.9982E-05 0.037478 0.0858514 0.0475765 9.9982E-05
0.0392806 0.3641 0.339098 9.9973E-05 9.9973E-05 0.17301 9.9973E-05 0.0842118
9.9964E-05 0.384467 0.461854 9.9964E-05 9.9964E-05 0.136431 0.0168487 9.9964E-05
0.0309315 0.138425 0.675198 9.9973E-05 9.9973E-05 0.0863966 0.0687485 9.9973E-05
0.00372407 0.46577 0.41052 9.9982E-05 9.9982E-05 0.0311431 0.0782211 0.0104219
9.9973E-05 0.49681 0.400251 9.9973E-05 0.02996 0.0661741 0.00650463 9.9973E-05
0.00946172 0.468734 0.161108 0.0090571 0.11069 0.138264 0.0270275 0.0756581
9.9955E-05 0.315922 0.606392 0.077186 9.9955E-05 9.9955E-05 9.9955E-05 9.9955E-05
0.0209436 0.356511 0.489862 0.053979 0.0784043 9.9973E-05 9.9973E-05 9.9973E-05
9.9973E-05 0.522029 0.293002 0.127517 0.00971873 0.0474338 9.9973E-05 9.9973E-05
0.0231694 0.426397 0.295102 0.129407 0.0565829 9.9982E-05 0.0691422 9.9982E-05
0.0385924 0.334227 0.130969 0.054751 0.195198 0.0618747 0.0675629 0.116825
0.00186543 0.482224 0.386601 9.9964E-05 0.12891 9.9964E-05 9.9964E-05 9.9964E-05
9.9964E-05 0.187976 0.710519 0.0634451 0.0376603 9.9964E-05 9.9964E-05 9.9964E-05
9.9973E-05 0.496227 0.367748 9.9973E-05 9.9973E-05 0.0191516 0.0444883 0.0720851
0.00828063 0.441672 0.251866 0.0282549 9.9991E-05 0.114545 0.0801692 0.0751115
9.9955E-05 0.183053 0.71965 9.9955E-05 9.9955E-05 9.9955E-05 9.9955E-05 0.0967972
0.00995213 0.380394 0.574111 0.0135007 9.9982E-05 9.9982E-05 0.0203134 0.00152854
0.00311924 0.443198 0.285713 0.0828108 0.0275114 0.123923 9.9991E-05 0.0336247
0.0351181 0.467161 0.361501 0.0269649 9.9991E-05 0.0281867 0.00159021 0.0793787
0.0749996 0.560476 0.127835 9.9973E-05 9.9973E-05 0.11564 0.12075 9.9973E-05
0.00141529 0.372265 0.0709405 0.212572 0.0848918 0.21051 0.0473055 9.9991E-05
0.0427264 0.301643 0.101263 0.0350885 0.185795 0.21921 0.114174 9.9991E-05
0.0594061 0.299591 0.187871 0.0405878 0.0912272 0.184776 0.13644 9.9991E-05
9.9973E-05 0.422459 9.9973E-05 0.0167567 9.9973E-05 0.219865 0.239772 0.100848
0.0593815 0.393928 0.228264 9.9982E-05 0.0809778 0.168978 0.0682708 9.9982E-05
0.00300135 9.9973E-05 0.616322 9.9973E-05 0.0925324 0.0832298 0.204614 9.9973E-05
0.0101333 0.582334 0.131286 9.9982E-05 0.0382555 0.206496 0.0312958 9.9982E-05
0.0132023 9.9973E-05 0.425206 9.9973E-05 0.10213 0.105136 0.354027 9.9973E-05
9.9964E-05 0.552643 0.254332 9.9964E-05 9.9964E-05 0.115381 0.0772447 9.9964E-05
9.9964E-05 0.0761913 0.805645 9.9964E-05 0.00601293 9.9964E-05 9.9964E-05 0.111751
9.9955E-05 9.9955E-05 0.8986 9.9955E-05 0.0129896 9.9955E-05 9.9955E-05 0.0879109
0.0118393 0.432185 0.4731 9.9964E-05 9.9964E-05 9.9964E-05 9.9964E-05 0.0824763
0.0209833 0.560118 0.407312 9.9964E-05 9.9964E-05 9.9964E-05 0.0111874 9.9964E-05
9.9955E-05 0.427392 0.552579 9.9955E-05 9.9955E-05 9.9955E-05 9.9955E-05 0.0195295
9.9964E-05 0.430817 0.418341 9.9964E-05 9.9964E-05 0.0503602 9.9964E-05 0.100082
9.9955E-05 0.512776 0.479494 9.9955E-05 9.9955E-05 0.00723071 9.9955E-05 9.9955E-05
0.0682367 0.0432764 0.0754908 0.00412933 9.9982E-05 0.0332861 0.775381 9.9982E-05
0.0540663 9.9973E-05 0.0620954 0.109884 9.9973E-05 0.0824183 0.691236 9.9973E-05
0.0488587 9.9964E-05 9.9964E-05 0.030552 9.9964E-05 0.0825879 0.837602 9.9964E-05
0.183596 0.0199665 9.9955E-05 9.9955E-05 9.9955E-05 9.9955E-05 0.795937 9.9955E-05
0.0547328 0.427348 9.9973E-05 0.0719408 9.9973E-05 0.0682229 9.9973E-05 0.377456
0.000397431 0.53599 9.9973E-05 0.0208338 9.9973E-05 9.9973E-05 0.102304 0.340175
0.0461131 0.479551 0.03816 0.0557627 9.9973E-05 9.9973E-05 9.9973E-05 0.380113
0.00152747 0.586603 9.9982E-05 0.0546543 0.0110713 9.9982E-05 0.0928245 0.253119
9.9991E-05 0.485686 0.01805 0.124752 0.0343814 0.0478062 0.0820793 0.207146
9.9982E-05 0.204822 0.00917083 0.130742 0.0214234 9.9982E-05 0.067267 0.566376
9.9973E-05 0.498863 0.0589751 0.0166922 9.9973E-05 0.0773954 9.9973E-05 0.347774
0.0468653 0.354186 0.0688998 9.9973E-05 0.104304 9.9973E-05 9.9973E-05 0.425445
0.0132525 0.392779 0.0867883 0.0443226 9.9991E-05 0.189714 0.228451 0.0445928
9.9982E-05 0.307507 0.13238 0.0946164 0.0130545 0.0600083 9.9982E-05 0.392234
0.0335738 0.300032 9.9973E-05 0.127772 9.9973E-05 9.9973E-05 0.0269645 0.511358
9.9955E-05 0.535382 0.0926237 9.9955E-05 9.9955E-05 9.9955E-05 9.9955E-05 0.371494
0.0143688 0.31368 0.15751 0.0209604 9.9982E-05 9.9982E-05 0.00940197 0.483878
9.9982E-05 0.58867 0.0722489 9.9982E-05 0.0346683 0.0155679 0.0231541 0.265491
0.0059375 0.426551 0.0626623 9.9982E-05 9.9982E-05 0.0615428 0.0548917 0.388215
9.9955E-05 0.0464646 0.1046 9.9955E-05 9.9955E-05 9.9955E-05 9.9955E-05 0.848436
9.9982E-05 0.265447 0.0763597 0.0148142 0.132909 0.0503125 9.9982E-05 0.459958
9.9973E-05 0.326907 0.0481671 0.0316352 9.9973E-05 9.9973E-05 0.0496839 0.543307
9.9955E-05 9.9955E-05 0.0367168 9.9955E-05 0.250631 9.9955E-05 9.9955E-05 0.712153
9.9973E-05 0.432682 0.0284468 0.109881 9.9973E-05 9.9973E-05 0.0435173 0.385173
9.9964E-05 0.0645478 0.0229885 9.9964E-05 0.290975 9.9964E-05 9.9964E-05 0.621089
9.9964E-05 9.9964E-05 0.095478 9.9964E-05 0.207131 9.9964E-05 0.00455037 0.692441
0.0110616 0.51432 0.0112148 0.0031639 9.9991E-05 0.00749757 0.0909228 0.361719
0.00190145 0.207691 9.9973E-05 0.0704254 9.9973E-05 9.9973E-05 0.0615337 0.658148
9.9973E-05 0.375332 9.9973E-05 0.0863544 0.0478849 0.0531271 9.9973E-05 0.437002
0.0773515 0.6399 0.0727695 9.9973E-05 9.9973E-05 9.9973E-05 0.0417866 0.167892
9.9973E-05 0.498543 9.9973E-05 0.0152891 0.0333376 9.9973E-05 0.0282003 0.42433
9.9982E-05 0.343992 0.0540661 0.275067 0.194069 0.0428916 9.9982E-05 0.0897145
0.0205077 0.579831 0.0212846 9.9973E-05 0.0382169 9.9973E-05 9.9973E-05 0.33986
0.00472496 0.456721 0.018059 0.0997142 9.9991E-05 0.016044 0.0547935 0.349844
0.00999521 0.264128 9.9964E-05 9.9964E-05 0.0968391 9.9964E-05 9.9964E-05 0.628638
0.0325067 0.447714 0.0812498 0.0872705 9.9982E-05 0.0724687 9.9982E-05 0.27859
0.070337 9.9964E-05 9.9964E-05 0.272183 0.0965904 9.9964E-05 0.560489 9.9964E-05
0.0831546 0.0211382 0.0204337 0.113458 0.0312593 9.9991E-05 0.684846 0.0456097
0.116066 9.9964E-05 9.9964E-05 0.12743 0.0800467 9.9964E-05 0.676058 9.9964E-05
0.0735288 9.99661E-05 0.0438331 0.135991 9.99661E-05 9.99661E-05 0.746247 9.99661E-05
0.0294952 0.0187718 9.9973E-05 0.200482 0.0683053 9.9973E-05 0.682646 9.9973E-05
9.9964E-05 0.0674336 9.9964E-05 0.050183 9.9964E-05 9.9964E-05 0.0889722 0.793011
9.9973E-05 0.120325 9.9973E-05 0.126333 0.0520351 9.9973E-05 0.0720402 0.628966
9.9964E-05 0.120051 0.0451004 9.9964E-05 0.0571675 9.9964E-05 9.9964E-05 0.777282
9.9991E-05 0.469271 0.00582086 0.0830461 0.0308421 0.0348045 0.16573 0.210386
0.00991581 0.511435 9.9991E-05 0.00745195 0.0229668 0.0653202 0.157216 0.225594
0.020891 0.295544 9.9973E-05 9.9973E-05 0.0497702 9.9973E-05 0.0685319 0.564963
9.9973E-05 0.553707 0.0954897 9.9973E-05 0.0573772 0.0280949 9.9973E-05 0.265031
9.9982E-05 0.262116 0.0507661 9.9982E-05 0.127885 0.113445 0.0494116 0.396176
0.0256297 0.49239 0.0657903 0.00603878 0.0323835 9.9991E-05 0.014323 0.363345
0.00777885 0.537335 9.9973E-05 9.9973E-05 9.9973E-05 0.0793172 0.0562718 0.318997
9.9973E-05 0.128893 0.0356318 0.0544102 9.9973E-05 0.050505 9.9973E-05 0.73026
0.0282673 0.298574 9.9973E-05 0.0435664 0.0359904 9.9973E-05 9.9973E-05 0.593302
9.9964E-05 0.275607 0.0366108 0.0826944 9.9964E-05 9.9964E-05 9.9964E-05 0.604688
0.0231501 0.655333 9.9964E-05 9.9964E-05 0.236125 9.9964E-05 0.0849922 9.9964E-05
9.9964E-05 0.309658 9.9964E-05 0.0295038 9.9964E-05 9.9964E-05 0.0229699 0.637468
0.00971401 0.404058 0.0211219 0.036694 0.0261307 0.0432028 0.0142066 0.444872
9.9973E-05 0.497505 0.00608151 9.9973E-05 0.0119898 0.361576 0.122548 9.9973E-05
9.9982E-05 0.449358 0.0131126 0.0106052 0.0587021 0.373416 0.0946053 9.9982E-05
9.9964E-05 0.463031 9.9964E-05 9.9964E-05 0.0705618 0.359398 0.106609 9.9964E-05
0.0504684 0.271568 0.0526616 9.9982E-05 0.0662808 0.455055 0.103766 9.9982E-05
0.0261076 0.474293 0.0248442 9.9982E-05 0.111875 0.271368 0.091312 9.9982E-05
9.9982E-05 0.458438 0.0283364 9.9982E-05 0.209668 0.0434042 0.00384889 0.256105
0.0489775 0.0895369 0.0210432 9.9982E-05 0.0117708 0.574982 0.25349 9.9982E-05
9.9982E-05 0.355472 0.000755103 0.0445333 9.9982E-05 0.389512 0.174863 0.0346639
0.00745937 0.325046 9.9982E-05 9.9982E-05 0.319683 0.154374 0.0644368 0.1288
0.0678807 0.522206 0.00197892 0.0438111 0.267749 9.9991E-05 0.047795 0.048479
0.0600961 0.436712 9.9982E-05 0.0953011 0.216824 9.9982E-05 0.0979633 0.0929035
0.00220383 0.614252 9.9982E-05 0.0907919 0.194312 9.9982E-05 0.0827215 0.0155187
0.00823525 0.622418 9.9973E-05 9.9973E-05 0.131849 9.9973E-05 0.121956 0.115242
0.048535 0.28115 0.0358733 9.9982E-05 9.9982E-05 0.407063 0.193873 0.0333057
0.0123525 0.428202 9.9991E-05 0.0467437 0.0102535 0.329807 0.139506 0.0330353
9.9973E-05 0.3983 9.9973E-05 0.00386456 0.0106551 0.516509 0.070371 9.9973E-05
9.9982E-05 0.394214 0.0755002 0.110405 0.0272251 0.355583 0.036872 9.9982E-05
0.0250823 0.330079 0.00876843 9.9982E-05 0.00242044 0.453897 0.179553 9.9982E-05
0.0227797 0.390103 0.0717511 0.0257193 9.9982E-05 0.310014 0.179433 9.9982E-05
0.0220885 0.278028 0.0794512 9.9982E-05 0.0226684 0.477881 0.119682 9.9982E-05
9.9973E-05 0.402924 0.0917425 0.00604857 9.9973E-05 0.433249 0.0657358 9.9973E-05
9.9973E-05 0.546601 9.9973E-05 0.00484326 0.286921 9.9973E-05 0.092955 0.0683801
0.0039069 0.320168 9.9991E-05 0.0978715 0.0559882 0.350865 0.137848 0.0332531
9.9964E-05 0.191066 9.9964E-05 9.9964E-05 0.0257338 0.614642 0.168159 9.9964E-05
0.0394727 0.364271 0.0377048 0.0381243 9.9991E-05 0.251354 0.100471 0.168503
0.0185695 0.191986 9.9982E-05 0.277573 0.320726 9.9982E-05 0.0855846 0.105362
0.0495651 0.537021 9.9973E-05 9.9973E-05 0.240785 0.0415718 9.9973E-05 0.130757
0.0129853 0.443054 0.0765937 0.0335776 0.0418399 0.209096 0.182754 9.9991E-05
0.0282483 0.608441 9.9982E-05 0.120039 0.201213 0.00850863 0.0333496 9.9982E-05
0.0149318 0.515472 9.9982E-05 0.0580711 0.209907 9.9982E-05 0.156266 0.0451516
0.0487814 0.309285 0.107293 0.0403035 0.109949 0.212006 0.123648 0.0487345
9.9982E-05 0.331689 0.0880439 0.0207678 0.0555306 0.281878 0.22189 9.9982E-05
9.9973E-05 0.632518 9.9973E-05 0.0267316 0.151844 0.106713 0.0818938 9.9973E-05
0.00144481 0.38972 9.9982E-05 9.9982E-05 0.110662 0.340834 0.0800004 0.0771387
0.0282002 0.304426 0.0326686 9.9991E-05 0.109732 0.440309 0.0653745 0.0191897
9.9973E-05 0.21895 0.0249036 9.9973E-05 0.00921602 0.499574 0.247056 9.9973E-05
0.0327536 0.636595 9.9973E-05 0.044199 0.250469 9.9973E-05 9.9973E-05 0.0356832
0.0340683 0.473533 9.9982E-05 0.0559749 0.22841 9.9982E-05 0.0746193 0.133194
0.0635735 0.22926 0.0252082 0.0255269 0.64371 0.00217378 9.9991E-05 0.0104475
0.0110423 0.539751 0.000365318 0.0120678 0.123591 0.142551 0.0509854 0.119646
0.0087204 0.396345 0.0927936 0.194815 0.141599 0.0455665 0.0826066 0.0375536
0.0191968 0.485027 9.9991E-05 0.0409069 0.106805 0.051593 0.221212 0.0751588
0.0184497 0.453844 0.215319 0.073579 0.0780244 0.0736282 0.0870557 9.9991E-05
0.00088676 9.9964E-05 9.9964E-05 9.9964E-05 0.566249 0.202376 0.230089 9.9964E-05
0.0597129 9.9964E-05 9.9964E-05 9.9964E-05 0.664726 0.117396 0.157765 9.9964E-05
