0.0275928 0.0868766 9.9973E-05 9.9973E-05 0.0103138 0.874917 9.9973E-05
0.0830427 9.9955E-05 9.9955E-05 9.9955E-05 9.9955E-05 0.916457 9.9955E-05
0.0235644 0.00105072 9.9973E-05 9.9973E-05 9.9973E-05 0.83142 0.143665
9.9964E-05 0.123144 9.9964E-05 9.9964E-05 0.110836 0.76562 9.9964E-05
9.9973E-05 9.9973E-05 9.9973E-05 0.0231951 0.0261529 0.861587 0.0887651
0.124893 0.0545764 0.0829791 9.9991E-05 0.0342309 0.634367 0.0688534
0.0905445 0.0021987 0.0148925 0.0332242 9.9982E-05 0.85894 9.9982E-05
0.0330131 0.13347 0.0632722 0.00150285 0.028741 0.739901 9.9991E-05
0.0491185 0.109432 0.0101342 9.99729E-05 9.99729E-05 0.831015 9.99729E-05
0.012346 9.9991E-05 0.0613633 0.0522629 0.0447834 0.695759 0.133386
9.9982E-05 0.114642 0.134687 0.00128582 9.9982E-05 0.723412 0.0257729
0.265516 0.393222 0.0550161 9.9982E-05 0.0341872 9.9982E-05 0.251859
0.0789428 0.241604 0.0365081 0.048588 0.0848175 9.9991E-05 0.509439
0.130914 0.400244 0.130261 0.0438383 0.0673432 0.0380085 0.189391
0.0555147 0.315625 0.146218 0.0118189 0.113063 0.0486068 0.309153
0.102872 0.114777 0.144543 9.9991E-05 0.0764476 0.120721 0.440541
0.0588335 0.147619 0.0839561 0.106708 0.076798 0.0390922 0.486993
0.167895 0.250554 0.0719874 9.9982E-05 0.134622 9.9982E-05 0.374742
0.153525 0.312492 0.0452055 9.9991E-05 0.057676 0.0926573 0.338344
0.114849 0.588955 0.215968 9.9982E-05 0.0755155 0.004513 9.9982E-05
0.195833 0.275647 0.122332 0.0305442 0.134893 9.9991E-05 0.240651
0.068242 0.0777757 0.217825 0.176662 0.00572133 9.9991E-05 0.453674
0.152811 0.162069 0.0577935 0.0859408 9.9991E-05 0.015071 0.526216
0.181031 0.290372 0.102499 0.0298873 0.110499 9.9991E-05 0.285612
0.100707 0.0882683 0.11905 9.9991E-05 0.0732814 0.0879654 0.530628
0.075869 0.202213 0.0980519 9.9991E-05 0.0220192 0.0439216 0.557826
0.186853 0.462573 0.0673622 0.0193619 0.124377 0.0235245 0.115948
0.137913 0.343079 0.16069 9.9982E-05 0.195288 9.9982E-05 0.162829
0.168124 0.36348 0.0951414 0.0723879 0.0344006 0.0272021 0.239264
9.9964E-05 9.9964E-05 9.9964E-05 9.9964E-05 0.0368494 0.830299 0.132452
9.9964E-05 9.9964E-05 9.9964E-05 9.9964E-05 0.0405616 0.838214 0.120825
0.0511278 9.9973E-05 9.9973E-05 9.9973E-05 0.0179945 0.787171 0.143407
0.0784373 9.9982E-05 0.00282589 9.9982E-05 0.0783432 0.715819 0.124374
0.201969 0.0586362 9.9991E-05 0.100588 0.0444008 0.0518445 0.542461
0.321392 0.0505821 9.9991E-05 0.00815615 0.0368791 0.0972099 0.485681
0.415261 9.9964E-05 9.9964E-05 9.9964E-05 9.9964E-05 0.0580059 0.526334
0.163177 0.599649 9.9982E-05 9.9982E-05 0.0157149 0.0730748 0.148184
0.614701 0.0127297 0.0210271 9.9982E-05 0.0580382 9.9982E-05 0.293304
0.267517 0.0545726 9.9991E-05 0.057581 0.003662 0.0762561 0.540311
0.253697 9.9973E-05 0.074074 9.9973E-05 0.0886504 9.9973E-05 0.583279
0.10375 0.0841161 0.196028 9.9982E-05 9.9982E-05 0.0985471 0.517359
0.104253 0.111647 0.159832 0.00662122 0.0336752 0.0394256 0.544546
0.6504 0.0838424 0.110803 9.9982E-05 9.9982E-05 0.0159282 0.138826
0.115449 0.0463839 0.193319 9.9982E-05 0.0915106 9.9982E-05 0.553138
0.26917 0.0144987 0.164261 0.00306927 0.0731272 9.9991E-05 0.475774
0.182758 0.0260779 0.0663602 9.9991E-05 0.0730833 0.0734883 0.578132
0.682761 9.9964E-05 9.9964E-05 0.0334525 9.9964E-05 9.9964E-05 0.283386
0.302881 9.9973E-05 0.0112785 9.9973E-05 9.9973E-05 0.0363269 0.649214
0.234551 9.9982E-05 9.9982E-05 0.0278271 0.053931 0.175103 0.508388
0.70081 9.9973E-05 0.202167 0.0481406 9.9973E-05 0.0485824 9.9973E-05
0.215336 0.417084 0.0824152 0.118974 9.9982E-05 9.9982E-05 0.165991
0.221556 0.195406 0.368664 0.119907 0.0529643 9.9991E-05 0.0414033
0.0341414 0.25185 9.9991E-05 0.0480699 0.115933 0.0187941 0.531112
9.9991E-05 0.107376 0.0814352 0.136009 0.0784401 0.0737438 0.522895
0.0931649 0.0338253 0.0831879 0.0778039 9.9991E-05 0.0977863 0.614132
0.228764 0.340786 0.124131 0.0566729 9.9991E-05 0.0493807 0.200165
0.0460231 0.230346 9.9973E-05 0.0968667 9.9973E-05 9.9973E-05 0.626464
0.0318161 0.127654 0.0807828 0.00633444 0.0922739 0.0669949 0.594143
0.218585 0.171357 0.102771 0.0452625 9.9991E-05 0.133729 0.328194
0.132633 0.304955 0.245683 0.0254199 0.0301596 0.190136 0.0710134
0.194575 0.125341 9.9991E-05 0.0312673 0.0218245 0.125479 0.501412
0.0542753 0.280591 0.0161433 0.120468 0.0819313 0.080879 0.365712
0.198135 0.522427 0.112821 0.100417 9.9991E-05 0.0647744 0.00132459
0.123045 0.226287 0.0127797 0.145238 9.9991E-05 0.00688196 0.485669
0.0481118 0.130063 0.027671 0.153972 0.0181679 0.0216072 0.600408
9.9982E-05 0.209839 0.113808 0.130363 0.125277 9.9982E-05 0.420513
0.217517 0.293545 0.0675303 0.0722445 0.0556842 0.0397928 0.253686
0.0914242 0.215504 0.137939 0.045421 0.0319535 9.9991E-05 0.477658
9.9982E-05 0.227467 9.9982E-05 0.0301686 0.00621447 0.0752664 0.660683
0.189669 0.43151 0.193579 9.9982E-05 9.9982E-05 0.00306181 0.18198
0.485096 9.9955E-05 9.9955E-05 9.9955E-05 9.9955E-05 9.9955E-05 0.514404
0.714022 0.115441 9.9982E-05 9.9982E-05 0.00510507 0.028806 0.136426
0.114621 0.0749672 0.014923 0.0282486 0.106687 0.0517891 0.608765
0.769017 9.9964E-05 0.215232 0.0153506 9.9964E-05 9.9964E-05 9.9964E-05
0.806523 9.9973E-05 0.11767 0.0738218 0.00168522 9.9973E-05 9.9973E-05
0.733941 9.9973E-05 9.9973E-05 0.058035 0.00213486 9.9973E-05 0.205589
0.42816 0.0364488 0.0750083 9.9982E-05 0.0392082 9.9982E-05 0.420975
0.240488 9.9991E-05 0.0223829 0.0710948 0.0327038 0.109395 0.523835
0.45203 0.0519007 0.0761826 9.9982E-05 0.0996967 9.9982E-05 0.31999
0.686055 0.10546 9.9982E-05 9.9982E-05 0.0493415 0.0251444 0.133798
0.486632 0.26059 9.9973E-05 9.9973E-05 9.9973E-05 0.0204038 0.232074
0.313252 0.0472723 0.025079 0.0709583 0.112607 0.0331906 0.397641
0.64151 9.9982E-05 0.0545154 0.0214637 0.0805806 9.9982E-05 0.201731
0.483187 0.0308151 9.9982E-05 9.9982E-05 0.0182519 0.0521982 0.415348
0.530926 9.9964E-05 0.0562812 9.9964E-05 9.9964E-05 9.9964E-05 0.412393
0.704342 0.014128 0.182638 0.0985917 9.9973E-05 9.9973E-05 9.9973E-05
0.231348 0.0477605 0.0598034 0.00174102 0.08605 0.0147569 0.55854
9.9973E-05 0.0458216 9.9973E-05 9.9973E-05 0.00121411 0.813246 0.139418
9.9955E-05 9.9955E-05 9.9955E-05 9.9955E-05 9.9955E-05 0.914647 0.0848533
9.9964E-05 9.9964E-05 9.9964E-05 9.9964E-05 0.0414555 0.846796 0.111349
9.9955E-05 9.9955E-05 9.9955E-05 9.9955E-05 9.9955E-05 0.942011 0.0574889
0.0277153 9.9964E-05 9.9964E-05 9.9964E-05 9.9964E-05 0.841473 0.130412
9.9982E-05 0.0107546 9.9982E-05 0.0181205 0.0255016 0.875542 0.0698818
9.9973E-05 9.9973E-05 0.0154381 9.9973E-05 0.000608862 0.902407 0.0812463
0.358034 9.9982E-05 0.0264019 9.9982E-05 0.0350493 0.116136 0.464179
0.158967 0.0244686 9.9991E-05 0.152919 0.0835344 0.0850271 0.494983
0.839728 0.0716927 9.9982E-05 0.0209823 9.9982E-05 0.0467473 0.0206496
0.123388 9.9991E-05 0.144197 0.070349 0.0559097 0.0484777 0.557579
0.502422 0.068752 9.9982E-05 9.9982E-05 0.0753373 0.0327803 0.320509
0.398446 9.9973E-05 9.9973E-05 0.0612885 9.9973E-05 0.0233056 0.51666
0.319427 9.9973E-05 9.9973E-05 0.159188 9.9973E-05 0.0239336 0.497151
0.39742 9.9973E-05 9.9973E-05 0.0169166 0.156201 9.9973E-05 0.429163
0.789212 0.16973 9.9964E-05 9.9964E-05 9.9964E-05 0.0406585 9.9964E-05
0.260936 9.9982E-05 9.9982E-05 0.0212338 0.0674636 0.182805 0.467361
0.13697 9.9982E-05 0.0498845 9.9982E-05 0.0308905 0.114933 0.667123
0.228998 0.0371325 0.037434 0.0400805 0.138532 0.0677954 0.450027
0.517205 9.9964E-05 0.137847 9.9964E-05 9.9964E-05 9.9964E-05 0.344548
0.448741 9.9991E-05 0.0294741 0.0251925 0.0276106 0.0390811 0.4298
0.393041 0.0926375 0.0153348 0.0583715 9.9991E-05 0.0215943 0.418921
0.702513 9.9973E-05 9.9973E-05 0.00353556 0.149068 9.9973E-05 0.144583
0.555606 0.0178813 9.9973E-05 9.9973E-05 9.9973E-05 0.10467 0.321543
0.130781 0.0829885 0.103549 0.0327308 9.9991E-05 0.101295 0.548555
0.065712 0.330479 0.148461 0.216395 0.0122248 0.0374315 0.189297
9.9982E-05 0.343741 0.107633 9.9982E-05 0.0714674 0.10793 0.369028
0.0350473 0.156092 9.9991E-05 0.0504233 0.0702231 0.112032 0.576081
0.149867 0.0776829 0.0509958 0.0566992 0.0538316 0.0442883 0.566635
0.068597 0.348191 0.0567662 0.0190487 9.9991E-05 0.0329964 0.4743
0.126329 0.175814 0.0145119 0.0639394 0.0699561 0.00530554 0.544144
9.9973E-05 0.35616 9.9973E-05 0.124298 9.9973E-05 0.0342961 0.484946
0.116631 0.210719 0.00303298 0.121664 9.9991E-05 0.0833879 0.464465
0.124552 0.0847644 0.1673 9.9991E-05 0.066125 0.0265679 0.530591
0.206355 0.15728 0.0328792 0.0394856 9.9982E-05 9.9982E-05 0.5638
0.0825542 0.335743 0.0381567 0.0753519 9.9982E-05 9.9982E-05 0.467995
9.9991E-05 0.0888458 0.124179 0.0763286 0.0131198 0.0708325 0.626595
0.0837038 0.058981 0.159576 0.081007 0.0889556 0.0589013 0.468875
9.9973E-05 0.193968 9.9973E-05 0.181111 0.0446007 9.9973E-05 0.58002
9.9982E-05 0.179428 0.11062 9.9982E-05 0.0431946 0.0548719 0.611686
0.0471398 0.230294 9.9991E-05 0.133742 0.0292001 0.00376709 0.555757
9.9982E-05 0.265399 0.157469 0.132713 9.9982E-05 0.0259551 0.418264
9.9991E-05 0.184426 0.00779171 0.0994881 0.00378282 0.00233077 0.702081
9.9973E-05 0.13256 0.052961 0.0854613 9.9973E-05 9.9973E-05 0.728718
0.234353 0.37903 0.0522568 0.0106704 0.0814514 0.0267337 0.215505
0.04356 0.246528 0.38218 0.133411 9.9991E-05 0.0161273 0.178094
0.122695 0.212036 0.105142 9.9982E-05 0.103855 9.9982E-05 0.456073
0.18293 0.248454 0.300611 0.192638 0.0204448 9.9991E-05 0.0548211
0.176029 0.432731 9.9991E-05 0.0606 0.00332189 0.033862 0.293356
0.109425 0.385866 0.0597544 0.0218657 9.9991E-05 0.0335871 0.389402
0.160765 0.460767 9.9991E-05 0.0552358 0.0514047 0.0119371 0.25979
0.210311 0.455893 0.0533071 9.9982E-05 0.0523272 9.9982E-05 0.227961
0.104771 0.179525 9.9982E-05 0.0328246 9.9982E-05 0.0752576 0.607421
0.0242262 0.185667 0.0736127 0.0134473 0.0940959 0.039789 0.569162
0.0833343 0.269285 9.9982E-05 0.0693737 9.9982E-05 0.060854 0.516952
0.175234 0.265321 0.267501 0.109469 0.0643737 9.9991E-05 0.118002
0.148162 0.00921712 0.0828855 0.109213 9.9991E-05 0.173321 0.477102
0.0648597 0.053275 0.289863 0.0100295 0.0298207 0.0447291 0.507423
0.104209 0.167278 0.452097 0.173193 9.9982E-05 0.103023 9.9982E-05
0.0502989 9.9982E-05 0.082557 0.0940943 9.9982E-05 0.0931272 0.679723
0.216504 0.0886929 0.245545 0.089174 0.0589978 0.0462468 0.25484
9.9982E-05 0.149937 0.207256 0.0429259 0.0386027 9.9982E-05 0.561079
0.0690672 0.153468 0.416193 0.00615466 9.9991E-05 0.0503673 0.304649
0.101975 0.137055 0.396085 0.176063 9.9991E-05 0.0155 0.173222
0.0580491 0.133852 0.221118 0.134879 9.9991E-05 0.00959912 0.442402
0.0280319 0.0888668 0.251767 0.0588979 0.0669538 0.0466546 0.458829
0.202189 0.0346661 0.17315 0.00073124 0.0672076 0.129487 0.392568
0.227869 0.162877 0.348353 0.102504 0.158197 9.9982E-05 9.9982E-05
0.0179061 0.0286129 0.170995 0.0983857 0.0785328 0.043715 0.561852
0.231025 0.0859717 0.328401 0.0437854 9.9982E-05 9.9982E-05 0.310617
0.182784 0.119984 0.147296 0.132655 9.9982E-05 9.9982E-05 0.41708
0.107273 0.101739 0.0218348 0.0520428 9.9991E-05 0.157652 0.559357
0.0932474 0.0297811 0.192564 9.9991E-05 0.315698 0.265998 0.102611
9.9964E-05 9.9964E-05 0.393649 9.9964E-05 0.125284 0.480667 9.9964E-05
9.9973E-05 9.9973E-05 0.420957 0.0248104 0.137806 0.416126 9.9973E-05
9.9982E-05 0.0422378 0.212318 9.9982E-05 0.333066 0.353316 0.0588625
0.0691299 9.9964E-05 0.342299 9.9964E-05 9.9964E-05 9.9964E-05 0.588171
0.0883395 0.069566 0.0882368 0.0972965 9.9991E-05 0.113896 0.542565
0.0324051 9.9964E-05 9.9964E-05 9.9964E-05 0.711867 9.9964E-05 0.255328
0.157866 0.12377 9.9982E-05 9.9982E-05 0.43884 0.0395787 0.239746
0.0531395 0.0386627 0.106172 0.0064092 0.329248 0.0525573 0.413811
0.0258136 0.00760112 0.427581 0.187336 9.9982E-05 9.9982E-05 0.351468
0.0432809 0.123165 0.174678 0.0649653 0.0833496 0.043121 0.46744
0.113652 0.0142225 0.506457 0.16824 9.9982E-05 9.9982E-05 0.197229
0.00964235 0.0433703 0.241406 0.0998163 9.9991E-05 0.00892892 0.596736
0.0216203 0.0490369 0.23189 0.22668 9.9982E-05 9.9982E-05 0.470574
9.9973E-05 0.0670666 0.238292 0.0619138 9.9973E-05 9.9973E-05 0.632427
0.0613055 0.0795945 0.482816 0.174953 9.9982E-05 9.9982E-05 0.201132
0.0755732 0.0805582 0.0351345 0.0669091 0.0736698 0.0199233 0.648232
0.0014469 0.0293426 0.192348 0.114322 0.0877312 0.00705718 0.567753
9.9955E-05 9.9955E-05 9.9955E-05 0.00977471 0.989726 9.9955E-05 9.9955E-05
9.9964E-05 9.9964E-05 9.9964E-05 0.0506145 0.863517 9.9964E-05 0.0854684
0.0675568 9.9991E-05 0.0168865 0.0088317 0.577444 0.061777 0.267404
9.9964E-05 0.0352731 9.9964E-05 9.9964E-05 0.652163 9.9964E-05 0.312164
0.0143908 0.00181159 0.0117718 9.9991E-05 0.812387 0.0367616 0.122778
9.995E-05 9.995E-05 9.995E-05 9.995E-05 0.9994 9.995E-05 9.995E-05
9.9955E-05 9.9955E-05 9.9955E-05 0.0138423 0.985658 9.9955E-05 9.9955E-05
9.9955E-05 9.9955E-05 9.9955E-05 9.9955E-05 0.837415 9.9955E-05 0.162085
0.0522275 0.00206695 9.9973E-05 9.9973E-05 0.943099 9.9973E-05 0.00230642
9.995E-05 9.995E-05 9.995E-05 9.995E-05 0.9994 9.995E-05 9.995E-05
9.995E-05 9.995E-05 9.995E-05 9.995E-05 0.9994 9.995E-05 9.995E-05
9.9973E-05 0.0109518 9.9973E-05 9.9973E-05 0.671517 0.0314279 0.285803
9.9982E-05 0.0186405 0.0126816 9.9982E-05 0.820545 0.047752 0.100181
0.0339508 9.9964E-05 9.9964E-05 9.9964E-05 0.959509 0.00614084 9.9964E-05
0.0797001 0.108761 9.9991E-05 0.00677872 0.350101 0.0667206 0.387839
0.00759145 0.0772559 0.0538194 9.9991E-05 0.638625 0.0048167 0.217791
0.0254632 0.0222606 0.0353375 9.9991E-05 0.765595 0.0510562 0.100187
0.00404732 0.03288 9.9982E-05 9.9982E-05 0.842433 0.0436818 0.076758
9.9964E-05 0.00515248 9.9964E-05 9.9964E-05 0.937788 9.9964E-05 0.0566598
0.000292272 9.9973E-05 9.9973E-05 9.9973E-05 0.8422 0.05908 0.0981279
9.995E-05 9.995E-05 9.995E-05 9.995E-05 0.9994 9.995E-05 9.995E-05
9.9982E-05 0.086331 9.9982E-05 0.0752249 0.659212 0.0238367 0.155196
0.0551908 9.9973E-05 9.9973E-05 9.9973E-05 0.824981 0.0510333 0.0684954
0.0174121 9.9982E-05 0.62954 0.0291056 0.0302873 0.293455 9.9982E-05
9.9991E-05 0.130081 0.141634 0.0912699 0.0932069 0.132086 0.411622
0.120982 9.9991E-05 0.142622 0.0930721 0.0401267 0.193086 0.410011
9.9973E-05 9.9973E-05 0.551407 9.9973E-05 0.067116 0.161204 0.219973
0.00901618 0.0773494 0.197311 0.00997719 0.026573 0.136245 0.543528
9.9982E-05 9.9982E-05 0.497868 0.0289599 0.0505481 0.21019 0.212234
0.0625976 0.0287111 0.210558 0.00993234 0.127798 0.190258 0.370145
0.0409784 9.9991E-05 0.341046 0.0090699 0.175963 0.116105 0.316738
0.0129292 9.9991E-05 0.317951 0.00050306 0.0558886 0.129535 0.483093
9.9973E-05 9.9973E-05 0.376406 9.9973E-05 0.200611 0.0974366 0.325246
0.0684595 9.9982E-05 0.295678 9.9982E-05 0.017265 0.169356 0.449042
9.9982E-05 0.0441554 0.0407438 0.0080215 9.9982E-05 0.83131 0.0755689
9.9973E-05 9.9973E-05 0.0215995 9.9973E-05 0.0611576 0.908412 0.00853089
0.0150668 0.0216597 9.9964E-05 9.9964E-05 9.9964E-05 0.962874 9.9964E-05
9.9964E-05 0.0504871 9.9964E-05 9.9964E-05 9.9964E-05 0.934777 0.0143364
9.9982E-05 0.0704372 0.0305256 9.9982E-05 0.0175358 0.867287 0.0140141
9.9964E-05 9.9964E-05 9.9964E-05 0.0423834 0.0593312 0.897886 9.9964E-05
9.9964E-05 9.9964E-05 9.9964E-05 9.9964E-05 0.0787859 0.878948 0.0418664
0.0346689 9.9973E-05 0.0121212 0.0538141 9.9973E-05 0.899096 9.9973E-05
0.0610898 9.9973E-05 9.9973E-05 9.9973E-05 0.0130932 0.901654 0.0238627
9.9982E-05 0.0143148 0.0498568 9.9982E-05 0.0823539 0.820313 0.0329618
0.076675 0.288807 9.9982E-05 0.0265902 0.00264681 0.605081 9.9982E-05
0.0514675 0.309862 9.9982E-05 0.0671999 0.00515184 0.566118 9.9982E-05
0.0266179 0.275242 0.120586 0.0482311 9.9982E-05 0.529123 9.9982E-05
0.0261028 0.342086 0.0530563 0.0767807 9.9982E-05 0.501774 9.9982E-05
0.247054 0.150406 0.0406381 9.9982E-05 9.9982E-05 0.0936665 0.468036
0.322707 0.108261 9.9991E-05 0.060149 0.00984528 0.0311643 0.467773
0.210844 0.185953 0.0613053 9.9991E-05 0.0342366 0.0123553 0.495207
0.305698 0.256509 0.0408927 0.00589383 9.9991E-05 0.0218412 0.369066
0.20977 0.602026 9.9973E-05 0.0279152 9.9973E-05 9.9973E-05 0.159988
0.288846 9.9982E-05 9.9982E-05 0.167129 0.0509994 0.0137155 0.479111
0.343204 0.0707154 0.022914 9.9982E-05 0.0134574 9.9982E-05 0.549509
0.358868 0.0585933 0.0980478 9.9973E-05 9.9973E-05 9.9973E-05 0.484191
0.534252 0.0485835 0.032144 9.9982E-05 0.0732055 9.9982E-05 0.311616
0.204055 0.12462 0.0622303 9.9982E-05 9.9982E-05 0.0222976 0.586597
0.343551 0.148002 9.9991E-05 0.054113 0.0042317 0.0128236 0.437179
0.676502 0.113055 9.9964E-05 0.210043 9.9964E-05 9.9964E-05 9.9964E-05
0.0838955 0.190338 0.115739 9.9982E-05 9.9982E-05 0.041049 0.568779
0.518503 0.0410852 0.133369 0.103523 0.0365461 9.9991E-05 0.166874
0.553881 0.00826692 9.9973E-05 0.0568729 9.9973E-05 9.9973E-05 0.380679
0.729784 0.207336 9.9973E-05 9.9973E-05 9.9973E-05 0.0176424 0.0449378
9.9964E-05 0.753513 0.146991 9.9964E-05 9.9964E-05 0.0990968 9.9964E-05
9.9973E-05 0.715481 0.11771 9.9973E-05 9.9973E-05 0.099388 0.0671215
9.9973E-05 0.833167 0.05746 0.0528868 9.9973E-05 0.0561866 9.9973E-05
9.9964E-05 0.821001 0.0903996 9.9964E-05 9.9964E-05 0.0881998 9.9964E-05
9.9982E-05 0.788921 0.0846868 0.0330576 9.9982E-05 0.0171839 0.0759505
9.9973E-05 0.755811 0.038243 9.9973E-05 9.9973E-05 0.0750463 0.1306
0.00114941 9.9973E-05 9.9973E-05 9.9973E-05 0.0289819 0.859887 0.109682
9.9982E-05 0.083511 0.00439264 9.9982E-05 0.0504396 0.797565 0.0638914
9.9973E-05 9.9973E-05 0.00215627 9.9973E-05 0.0460646 0.759623 0.191856
9.9982E-05 0.0678086 0.0110042 9.9982E-05 0.137084 0.739365 0.0445389
9.9973E-05 0.0787764 9.9973E-05 9.9973E-05 0.109178 0.745475 0.0662704
0.0101603 0.541341 0.0989397 9.9973E-05 9.9973E-05 0.349259 9.9973E-05
0.0818274 0.401227 0.0415053 0.00837318 9.9982E-05 0.466867 9.9982E-05
0.0984178 0.427155 9.9973E-05 0.0261191 9.9973E-05 0.448008 9.9973E-05
9.9964E-05 0.0280316 9.9964E-05 9.9964E-05 9.9964E-05 0.828726 0.142842
0.0714476 0.526634 0.0490865 9.9973E-05 9.9973E-05 0.352532 9.9973E-05
9.9982E-05 9.9982E-05 0.137436 0.0270518 0.376645 0.204688 0.253979
9.9982E-05 0.0645411 0.125689 9.9982E-05 0.177242 0.0824312 0.549897
9.9964E-05 9.9964E-05 9.9964E-05 9.9964E-05 0.231601 0.174284 0.593716
0.0358658 0.038115 0.0964267 0.00124868 0.22882 0.249127 0.350397
0.0655062 0.0475023 9.9991E-05 0.00153462 0.171502 0.177869 0.535986
9.9964E-05 9.9964E-05 0.31396 9.9964E-05 0.287611 0.398029 9.9964E-05
0.150653 0.29909 0.0513752 0.0518423 0.0102618 0.0401706 0.396607
0.0668424 0.239609 0.120727 0.16063 9.9982E-05 9.9982E-05 0.411991
0.0900495 0.538193 0.0248329 0.0257823 0.0232626 0.0374949 0.260384
0.0808655 0.193721 0.00344893 0.24269 9.9982E-05 9.9982E-05 0.479075
0.166898 0.121754 0.247429 0.463619 9.9973E-05 9.9973E-05 9.9973E-05
0.0843862 0.197313 0.0670072 0.020239 0.110351 0.0186104 0.502094
0.151484 0.134023 9.9991E-05 0.175367 0.00466025 0.0374957 0.49687
0.108961 0.443366 0.0608494 0.0705929 9.9991E-05 0.0196844 0.296446
0.0337499 0.212319 0.0338732 0.0769822 0.0939044 0.0405129 0.508659
0.111892 0.270879 0.336343 0.144097 9.9982E-05 9.9982E-05 0.136589
0.105433 0.174079 0.154395 0.121502 0.0634319 9.9991E-05 0.381058
0.116184 0.256132 9.9982E-05 0.0363427 0.00649712 9.9982E-05 0.584644
0.0959844 0.12926 0.0809944 0.0191648 0.147478 0.136817 0.390302
0.0465858 0.290766 0.0880447 0.178412 0.0368585 9.9991E-05 0.359233
0.0723043 0.268648 0.016814 0.132902 9.9991E-05 0.0159736 0.493258
0.135066 0.111607 0.0538377 0.204935 0.186052 9.9991E-05 0.308401
0.164415 0.188329 0.0299268 0.107716 0.000946508 0.0182174 0.49045
0.152554 0.084256 0.0487776 0.0740834 0.103826 0.000697011 0.535806
0.0491123 0.123273 0.0981889 0.0677142 0.105974 0.0322288 0.523508
0.0422395 0.0476685 0.246036 0.0812176 0.0355816 0.05107 0.496187
9.9964E-05 9.9964E-05 9.9964E-05 9.9964E-05 0.0945881 0.769125 0.135887
0.0158277 9.9991E-05 0.000972421 0.0599078 0.0433789 0.82732 0.052493
0.0697739 0.0122571 0.0811093 0.0414908 0.0387058 0.754008 0.00265467
0.0421503 0.0373872 9.9991E-05 0.00513164 0.00462218 0.828704 0.0819051
9.9964E-05 9.9964E-05 9.9964E-05 9.9964E-05 0.0218665 0.837222 0.140511
0.0643876 0.58592 0.105385 0.0375975 0.0384133 9.9991E-05 0.168197
0.0811616 0.0750253 0.0230768 0.198403 0.0350946 0.110944 0.476295
0.0617915 0.0205503 0.059328 9.9991E-05 0.115189 0.257168 0.485873
0.0677967 0.146185 9.9991E-05 0.00122417 0.0361125 0.0643534 0.684228
0.199996 0.192098 0.0155748 0.0372547 9.9991E-05 0.0923415 0.462635
0.0352974 0.334661 0.271202 0.0874348 0.0917907 9.9991E-05 0.179514
0.167723 0.545853 0.184688 9.9982E-05 9.9982E-05 0.0768117 0.0247236
0.0891834 0.272696 0.0516647 9.9991E-05 0.00576625 0.0413698 0.53922
0.0783215 0.497343 9.9991E-05 0.172479 0.0938712 0.0449302 0.112955
0.148392 0.0071377 0.206907 0.0770533 0.00788425 0.0795456 0.47308
0.0774772 0.547137 0.0451919 0.0593514 0.00604956 0.131837 0.132956
0.104041 0.136746 0.01739 9.9991E-05 0.0334843 0.0824288 0.62581
0.0972347 0.52061 0.0367094 0.0674752 0.0389102 0.0522178 0.186843
9.9982E-05 0.34715 0.182649 0.0259912 0.053652 9.9982E-05 0.390358
0.150974 0.0803704 0.205781 0.0404946 9.9991E-05 0.0219651 0.500315
9.9973E-05 0.121025 0.494595 0.0806105 9.9973E-05 9.9973E-05 0.303469
0.117668 0.0183267 0.257833 9.9982E-05 9.9982E-05 0.0234955 0.582476
0.0224367 0.0187228 0.280145 9.9982E-05 9.9982E-05 0.131508 0.546987
0.0121982 0.101554 0.432887 0.118413 9.9982E-05 9.9982E-05 0.334747
0.137683 0.074777 0.105408 0.0636109 0.0642606 0.112554 0.441707
0.0371679 0.0570606 0.172962 0.204141 9.9991E-05 0.017694 0.510874
0.130727 0.0601035 0.510423 0.203777 9.9982E-05 9.9982E-05 0.0947693
0.114679 9.9973E-05 0.550771 0.0864762 9.9973E-05 9.9973E-05 0.247774
0.0925772 0.104182 0.270916 0.0413093 9.9982E-05 9.9982E-05 0.490816
0.154604 0.123921 0.532016 0.0406019 9.9982E-05 9.9982E-05 0.148657
0.159536 0.0881636 0.296891 9.9973E-05 9.9973E-05 9.9973E-05 0.45511
0.175209 0.614249 0.0541535 9.9973E-05 9.9973E-05 9.9973E-05 0.156089
0.0220277 0.352663 0.0506731 0.320858 9.9982E-05 9.9982E-05 0.253579
0.107617 0.48263 9.9982E-05 9.9982E-05 0.0648731 0.000788376 0.343892
0.000825412 0.228044 0.0287732 0.0328053 0.121297 9.9991E-05 0.588154
0.130015 0.487729 0.109574 9.9973E-05 9.9973E-05 9.9973E-05 0.272381
9.9991E-05 0.250442 0.114994 0.113652 0.117843 0.0376867 0.365282
9.9973E-05 0.182507 0.0663038 9.9973E-05 9.9973E-05 0.0490336 0.701856
0.0616678 0.317143 0.023137 0.0319489 0.0754309 0.00859384 0.482078
0.0929391 0.278811 9.9991E-05 0.0579443 0.0396296 0.0332792 0.497296
0.137568 0.35377 9.9973E-05 9.9973E-05 9.9973E-05 0.0266803 0.481682
0.235916 0.482193 9.9973E-05 9.9973E-05 0.118776 9.9973E-05 0.162815
0.121576 0.475341 9.9982E-05 0.0414014 0.0734259 9.9982E-05 0.288056
0.00600708 0.228552 9.9973E-05 0.178857 9.9973E-05 9.9973E-05 0.586284
0.113571 0.173452 0.000349505 0.0479585 9.9991E-05 0.0366539 0.627915
0.0899675 0.177831 0.150034 0.0860814 9.9991E-05 0.066491 0.429494
9.9973E-05 0.280799 9.9973E-05 0.153392 0.104715 9.9973E-05 0.460795
0.00850498 0.449119 0.120209 9.9991E-05 0.0534723 0.0237088 0.344886
0.113212 0.258581 9.9982E-05 0.0471143 0.0214573 9.9982E-05 0.559436
0.0465713 0.233117 0.0875737 0.0087124 0.0340356 0.0891685 0.500821
0.00116342 0.214079 0.0578786 0.0641721 0.0889811 0.0586417 0.515084
9.9973E-05 9.9973E-05 0.167603 9.9973E-05 0.0873338 0.349566 0.395197
0.0934129 9.9991E-05 0.0960911 0.103527 0.163923 0.115838 0.427109
9.9982E-05 0.0589703 9.9982E-05 0.168796 0.148296 0.203181 0.420557
0.0235176 0.0867712 0.0807258 0.105882 0.156888 0.0342197 0.511995
0.114403 9.9982E-05 0.102244 9.9982E-05 0.212444 0.169454 0.401256
0.0706147 0.195766 0.10157 0.177276 9.9982E-05 9.9982E-05 0.454575
0.0887554 0.110057 0.00942881 9.9991E-05 0.148787 0.184011 0.458861
0.145069 0.00723847 0.480913 9.9991E-05 0.136389 0.207495 0.0227946
0.0152119 0.129546 0.129843 0.00329795 0.09478 0.0828465 0.544475
0.0162837 0.0977039 0.107912 0.0678641 0.189804 0.0204507 0.499982
0.020775 0.0933599 0.121591 0.079263 0.259542 0.00191478 0.423555
0.0905539 0.0412684 0.221537 9.9991E-05 0.119502 0.222397 0.304642
0.0411246 9.9982E-05 0.144118 9.9982E-05 0.0880512 0.185887 0.54062
9.9982E-05 9.9982E-05 0.0397947 0.136545 0.14411 0.156151 0.5232
0.0176524 9.9982E-05 0.294975 0.0431392 0.181176 0.462857 9.9982E-05
0.0975438 9.9982E-05 9.9982E-05 0.0222415 0.112822 0.227049 0.540143
0.107001 0.00671335 9.9991E-05 0.131397 0.192288 0.131379 0.431121
0.124415 9.9991E-05 0.100176 0.0409474 0.092631 0.14535 0.496381
9.9982E-05 9.9982E-05 0.13832 0.00238292 0.215113 0.140994 0.502991
9.9991E-05 0.0496186 0.142354 0.00736578 0.0208874 0.237288 0.542387
0.0128607 0.0306658 9.9982E-05 0.489926 9.9982E-05 0.0268489 0.439499
9.9982E-05 0.0870655 9.9982E-05 0.312867 0.0204723 0.102482 0.476914
0.119289 0.103641 0.0514281 0.719565 9.9982E-05 9.9982E-05 0.005877
0.0370945 0.0914613 9.9964E-05 0.871044 9.9964E-05 9.9964E-05 9.9964E-05
0.102653 0.0629597 9.9991E-05 0.333138 0.0819875 0.0289916 0.390169
9.9982E-05 9.9982E-05 0.144969 0.0907374 0.308299 0.0787451 0.377049
9.9973E-05 9.9973E-05 9.9973E-05 0.300931 0.362012 0.0510949 0.285662
0.00528493 0.00996497 0.185357 0.191597 0.259028 0.206984 0.141785
9.9982E-05 9.9982E-05 0.0345003 0.179275 0.217726 0.191433 0.376865
9.9982E-05 9.9982E-05 0.187558 0.615226 0.0920526 0.0694333 0.0355304
9.9973E-05 9.9973E-05 0.0633009 0.716322 0.124536 0.0955404 9.9973E-05
0.0211622 9.9982E-05 9.9982E-05 0.360765 0.154195 0.0222644 0.441414
9.9973E-05 9.9973E-05 9.9973E-05 0.471781 0.0792993 0.0560281 0.392592
9.9973E-05 9.9973E-05 9.9973E-05 0.703415 0.133253 0.0498175 0.113215
9.9982E-05 0.0786806 9.9982E-05 0.283704 0.0704444 0.0720445 0.494927
0.0620581 9.9982E-05 9.9982E-05 0.379099 0.11373 0.018676 0.426237
9.9991E-05 0.118227 0.133005 0.0313344 0.186233 0.0913766 0.439724
0.0341172 0.0796801 0.00034625 0.574934 9.9982E-05 9.9982E-05 0.310722
0.153485 0.0371837 9.9982E-05 0.492934 0.0637836 9.9982E-05 0.252414
0.0448694 0.117957 9.9982E-05 0.259406 0.0256599 9.9982E-05 0.551907
0.0386178 0.107243 0.0202828 0.318122 0.0205781 0.0449996 0.450157
0.181716 0.0289747 0.161529 0.107166 0.118768 0.0310868 0.37076
9.9964E-05 9.9964E-05 0.155814 0.467285 9.9964E-05 9.9964E-05 0.376501
9.9973E-05 0.02892 0.0704968 0.730125 9.9973E-05 9.9973E-05 0.170158
0.0885555 9.9991E-05 0.000430842 0.339963 0.0138142 0.0271305 0.530006
0.111471 0.101322 0.0154963 0.132963 0.140361 0.0566164 0.441771
0.0651622 0.0423717 9.9982E-05 0.734262 0.000454715 9.9982E-05 0.157549
9.9973E-05 0.0378787 9.9973E-05 0.586895 9.9973E-05 0.0112365 0.36369
9.9973E-05 0.098175 9.9973E-05 0.278883 9.9973E-05 0.0576916 0.564951
0.0763553 0.0562351 0.0466853 0.304952 0.0308836 9.9991E-05 0.484789
9.9991E-05 0.0572616 0.0894858 0.0528431 0.102095 0.183656 0.514558
0.00432412 0.156831 0.168357 0.0268374 0.151807 0.0551823 0.436661
0.000546534 0.0543287 0.202467 0.0653669 0.24655 0.0990089 0.331732
9.9991E-05 0.159206 0.155774 0.0335379 0.122619 0.152457 0.376305
0.0558811 0.118381 9.9991E-05 0.0694202 0.116151 0.146807 0.493259
9.9982E-05 9.9982E-05 0.107947 0.138764 0.145293 0.184923 0.422873
9.9973E-05 9.9973E-05 0.0367342 0.669344 0.102047 0.191575 9.9973E-05
9.9973E-05 9.9973E-05 9.9973E-05 0.201672 0.198039 0.0549972 0.544992
9.9973E-05 9.9973E-05 0.0953923 0.470968 0.0775273 0.355812 9.9973E-05
9.9982E-05 9.9982E-05 0.0251797 0.329003 0.140167 0.0569161 0.448534
0.15898 9.9955E-05 9.9955E-05 0.84052 9.9955E-05 9.9955E-05 9.9955E-05
0.140978 9.9964E-05 9.9964E-05 0.828549 9.9964E-05 0.0300728 9.9964E-05
0.0189757 9.9964E-05 9.9964E-05 0.538785 9.9964E-05 9.9964E-05 0.441839
9.9964E-05 9.9964E-05 9.9964E-05 0.394564 9.9964E-05 0.0136819 0.591355
0.0351249 0.020772 9.9973E-05 0.567896 9.9973E-05 9.9973E-05 0.375908
0.0656065 9.9973E-05 9.9973E-05 0.461273 9.9973E-05 0.00348071 0.46934
9.9955E-05 9.9955E-05 9.9955E-05 0.530024 9.9955E-05 9.9955E-05 0.469476
9.9982E-05 0.00852436 9.9982E-05 0.10482 0.0168076 0.786954 0.082694
9.9973E-05 0.151351 9.9973E-05 0.0387263 0.127382 0.68224 9.9973E-05
9.9964E-05 0.0428622 9.9964E-05 9.9964E-05 0.0848689 0.871869 9.9964E-05
9.9973E-05 9.9973E-05 0.00656226 0.0418108 9.9973E-05 0.931839 0.0194878
0.362574 0.0491055 0.0737979 0.0320282 9.9991E-05 0.0336965 0.448698
0.363535 0.00551263 9.9991E-05 0.00136133 0.0655101 0.100254 0.463727
0.512038 9.9973E-05 9.9973E-05 0.0113175 9.9973E-05 0.0264928 0.449851
0.284776 0.016478 0.0621136 9.9991E-05 0.0193581 0.0864816 0.530693
0.2545 0.0764489 0.114492 9.9982E-05 9.9982E-05 0.0768234 0.477535
0.5294 0.127634 0.140122 9.9982E-05 0.0172666 9.9982E-05 0.185377
0.464298 9.9964E-05 9.9964E-05 9.9964E-05 0.0667301 9.9964E-05 0.468572
0.472279 9.9982E-05 0.141535 0.0512767 9.9982E-05 0.0346924 0.300017
9.9982E-05 0.0381553 9.9982E-05 0.0618654 0.0940521 0.319688 0.486039
0.415255 0.029227 0.0479209 0.105885 0.063231 9.9991E-05 0.338381
0.578524 0.118204 9.9964E-05 9.9964E-05 9.9964E-05 9.9964E-05 0.302873
0.496365 9.9973E-05 9.9973E-05 0.00801067 0.00953015 9.9973E-05 0.485794
0.476211 0.041758 9.9982E-05 0.110741 0.0611441 9.9982E-05 0.309947
0.407256 9.9973E-05 9.9973E-05 0.0831381 0.0634678 9.9973E-05 0.445838
0.287682 9.9973E-05 9.9973E-05 0.0576033 9.9973E-05 0.0969723 0.557442
0.895032 9.9973E-05 0.0260172 0.0477079 9.9973E-05 9.9973E-05 0.0309431
0.637701 9.9982E-05 0.130893 0.00934002 0.0332459 9.9982E-05 0.18862
0.632863 0.0313587 0.0276072 0.0600744 0.010749 9.9991E-05 0.237248
0.738049 9.9964E-05 0.183054 0.0784971 9.9964E-05 9.9964E-05 9.9964E-05
0.515049 0.0685612 9.9982E-05 9.9982E-05 0.0382106 0.0592385 0.31874
0.734606 9.9964E-05 0.259075 0.00591861 9.9964E-05 9.9964E-05 9.9964E-05
0.697931 9.9973E-05 0.1623 0.138515 9.9973E-05 0.000953798 9.9973E-05
0.365992 9.9982E-05 9.9982E-05 0.0509395 0.0438489 0.035279 0.503741
0.744693 0.0600365 9.9982E-05 9.9982E-05 0.00484752 0.0487874 0.141435
0.5114 0.0725491 9.9982E-05 9.9982E-05 0.0698013 0.00698166 0.339068
0.165951 9.9991E-05 0.123027 0.0848677 0.0757182 0.0351375 0.515198
0.450683 0.0651142 0.00369336 9.9982E-05 9.9982E-05 0.000843031 0.479467
0.0319543 0.246268 0.212722 0.134029 0.0130669 9.9991E-05 0.36186
0.314712 0.100345 9.9982E-05 0.0130038 0.0013041 9.9982E-05 0.570435
0.407416 0.101658 0.00233467 9.9991E-05 0.0116005 0.0296498 0.447241
0.637158 9.9964E-05 0.0812013 9.9964E-05 9.9964E-05 9.9964E-05 0.281241
0.187079 0.14213 9.9991E-05 0.0815095 0.030508 0.0501138 0.50856
0.0418712 0.279767 0.0318662 9.9973E-05 9.9973E-05 0.646195 9.9973E-05
0.0234615 0.106687 0.052132 9.9991E-05 0.0160008 0.729817 0.0718025
9.9964E-05 0.129617 0.0962624 9.9964E-05 9.9964E-05 0.773721 9.9964E-05
9.9964E-05 0.171144 9.9964E-05 0.0176756 9.9964E-05 0.81078 9.9964E-05
9.9973E-05 0.22201 0.000128623 9.9973E-05 9.9973E-05 0.746864 0.0306983
0.727268 0.0907049 9.9982E-05 9.9982E-05 0.0727379 0.050851 0.0582384
0.727705 0.0640145 0.0443525 0.000687069 9.9991E-05 0.0549534 0.108187
0.786808 9.9982E-05 0.0474644 0.0536938 0.00840145 9.9982E-05 0.103432
0.167376 0.0759059 9.9991E-05 0.153133 0.0726609 0.0840812 0.446743
0.130869 0.0894729 9.9991E-05 0.0650415 0.0546482 0.132099 0.527769
0.56718 9.9982E-05 0.111832 0.0529631 0.0673455 9.9982E-05 0.200479
0.347696 9.9982E-05 0.0120021 0.0671023 0.0627532 9.9982E-05 0.510247
0.380638 9.9991E-05 0.0585372 0.062653 0.0556426 0.0584145 0.384015
0.325328 0.1322 0.00613352 9.9973E-05 9.9973E-05 9.9973E-05 0.536038
0.36958 9.9982E-05 9.9982E-05 0.0264149 0.0228148 0.068173 0.512818
0.671311 0.055429 0.0595371 0.0144089 0.0314964 9.9991E-05 0.167718
0.610208 0.0592156 9.9973E-05 9.9973E-05 9.9973E-05 0.0303526 0.299924
0.542677 0.1278 0.0113938 9.9973E-05 9.9973E-05 9.9973E-05 0.317829
9.9973E-05 0.0950532 0.31764 9.9973E-05 9.9973E-05 0.0387042 0.548302
0.572408 0.0159199 9.9973E-05 9.9973E-05 9.9973E-05 0.0288147 0.382557
0.43859 0.0300606 0.0802096 9.9973E-05 9.9973E-05 9.9973E-05 0.45084
0.0815987 9.9982E-05 0.113177 9.9982E-05 0.361857 0.0569644 0.386203
9.9982E-05 0.0020918 0.0940651 9.9982E-05 0.417132 0.100195 0.386316
9.9973E-05 9.9973E-05 0.0485478 9.9973E-05 0.387365 0.10968 0.454108
9.9982E-05 9.9982E-05 0.0334666 0.052721 0.407779 0.143264 0.362569
9.9973E-05 9.9973E-05 0.104329 9.9973E-05 0.279536 0.124129 0.491707
0.43455 9.9982E-05 0.114973 9.9982E-05 0.0618339 0.02984 0.358604
9.9973E-05 9.9973E-05 0.0526903 9.9973E-05 0.610024 0.259298 0.0776876
0.000105339 9.9982E-05 9.9982E-05 0.0583597 0.386762 0.173837 0.380736
0.144929 9.9982E-05 0.175701 9.9982E-05 0.123912 0.142914 0.412343
9.9982E-05 0.0512729 0.285608 0.0389661 9.9982E-05 0.118239 0.505714
0.0390266 0.0840871 0.341323 9.9982E-05 9.9982E-05 0.1002 0.435164
0.00687894 0.0286583 0.272693 9.9991E-05 0.00982021 0.0549937 0.626856
0.163343 0.0281175 0.102424 0.03877 9.9991E-05 0.0879287 0.579317
9.9964E-05 9.9964E-05 9.9964E-05 9.9964E-05 0.417118 0.218814 0.363668
0.079984 0.043916 0.0205762 9.9991E-05 0.372056 0.0784702 0.404898
9.9973E-05 9.9973E-05 9.9973E-05 0.0465296 0.456021 0.0738967 0.423253
0.0491073 9.9991E-05 0.0291259 0.0904707 0.298884 0.126248 0.406064
9.9982E-05 0.00850465 0.0452565 9.9982E-05 0.510936 0.122765 0.312337
9.9982E-05 9.9982E-05 0.0389982 0.139334 0.310976 0.146882 0.36361
9.9973E-05 9.9973E-05 0.101987 9.9973E-05 0.541164 0.0914679 0.265081
9.9991E-05 0.130264 0.0776549 0.0342432 0.298925 0.0639462 0.394867
0.0631602 9.9973E-05 0.283741 9.9973E-05 9.9973E-05 0.068771 0.584028
0.0303694 0.00684076 0.0253764 9.9991E-05 0.265393 0.169775 0.502145
9.9973E-05 9.9973E-05 0.0631088 9.9973E-05 0.576952 0.154014 0.205625
0.0603925 0.112934 9.9982E-05 9.9982E-05 0.434891 0.0943407 0.297241
0.115859 0.208983 0.36562 9.9982E-05 9.9982E-05 0.130079 0.179259
9.9973E-05 0.0308795 0.333971 9.9973E-05 0.0690769 9.9973E-05 0.565772
9.9991E-05 0.0812899 0.0375785 0.0245977 0.24283 0.181369 0.432235
9.9973E-05 0.137485 0.226986 9.9973E-05 9.9973E-05 0.0646139 0.570615
0.042087 9.9982E-05 0.315366 9.9982E-05 0.0115505 0.117241 0.513555
0.080089 0.0814604 0.137147 0.0021493 0.181314 0.166796 0.351045
9.9991E-05 0.0143412 0.0482504 0.147686 0.261835 0.25394 0.273848
0.0214587 0.114581 0.0950964 0.0590638 0.0736262 0.0621373 0.574036
0.12103 0.0660769 9.9982E-05 9.9982E-05 0.381025 0.0905128 0.341156
9.9973E-05 9.9973E-05 9.9973E-05 0.0547164 0.39843 0.117796 0.428758
9.9973E-05 9.9973E-05 0.0259961 9.9973E-05 0.577638 0.183649 0.212417
0.0551192 0.0205199 0.199937 0.0603829 9.9991E-05 0.000270104 0.66367
0.166493 0.0877545 0.243467 9.9982E-05 9.9982E-05 0.0646461 0.437439
0.0344035 9.9991E-05 0.675078 0.0711096 0.028649 0.0531259 0.137534
0.0978422 0.15149 0.090064 0.0358366 9.9991E-05 0.0879729 0.536694
9.9982E-05 0.218053 0.08408 0.108009 9.9982E-05 0.103375 0.486283
0.101432 9.9991E-05 0.144061 0.0516208 0.113717 0.191428 0.39764
0.104773 0.0663972 0.119817 0.0703954 0.105032 0.0896073 0.443979
9.9964E-05 9.9964E-05 0.548367 9.9964E-05 0.200231 0.251001 9.9964E-05
9.9964E-05 9.9964E-05 0.689121 9.9964E-05 0.0744439 0.236035 9.9964E-05
9.9991E-05 0.0612691 0.418303 0.053852 0.106048 0.0772374 0.28319
9.9982E-05 9.9982E-05 0.464969 0.00305595 0.183 0.301697 0.0470771
9.9964E-05 9.9964E-05 0.444381 9.9964E-05 0.208131 0.347088 9.9964E-05
0.0379063 9.9991E-05 0.336198 0.0583871 0.131444 0.110713 0.325252
0.00949152 9.9991E-05 0.181676 0.0590266 0.139866 0.248014 0.361826
9.9982E-05 0.0186777 0.409976 9.9982E-05 0.0950418 0.209749 0.266356
9.9973E-05 9.9973E-05 0.512438 9.9973E-05 0.0819892 0.292746 0.112526
0.0527449 9.9991E-05 0.253204 0.0174773 0.0611917 0.10607 0.509213
0.0772721 9.9982E-05 0.465705 9.9982E-05 0.13065 0.163255 0.162918
9.9964E-05 9.9964E-05 0.618931 9.9964E-05 0.0398992 0.34077 9.9964E-05
0.0716029 0.0742407 0.131473 9.9991E-05 0.110212 0.0915012 0.52087
9.9991E-05 0.00346706 0.274934 0.0905576 0.1922 0.115177 0.323564
0.0355052 0.0381256 0.0892134 9.9991E-05 0.115582 0.286059 0.435414
9.9973E-05 9.9973E-05 0.0186748 9.9973E-05 0.219855 0.178526 0.582644
0.0160134 0.1092 0.0967329 0.108453 0.0339232 0.192691 0.442986
0.108385 0.00792401 0.0199495 0.00982885 0.127929 0.166924 0.559059
9.9991E-05 0.0805241 0.0879007 0.050037 0.259031 0.137221 0.385186
9.9982E-05 0.0457607 0.0376612 9.9982E-05 0.163187 0.362119 0.391071
9.9991E-05 0.0526103 0.0497 0.0459301 0.117598 0.184435 0.549627
0.0257873 0.0969743 9.9982E-05 9.9982E-05 0.279661 0.178609 0.418768
0.00228478 0.0387776 0.162894 0.0138458 0.143773 0.248821 0.389604
0.261665 0.121511 0.0491218 0.0178433 0.12289 0.133635 0.293335
0.0280136 0.0550889 0.112233 9.9991E-05 0.0757736 0.195201 0.53359
0.0245198 0.0339182 0.0739649 0.0393815 0.197418 0.151984 0.478813
0.109404 9.9991E-05 0.0241908 0.0612432 0.168596 0.0472711 0.589195
9.9973E-05 9.9973E-05 0.14372 9.9973E-05 0.257754 0.284986 0.31324
9.9982E-05 9.9982E-05 0.0378983 0.103343 0.171088 0.214947 0.472524
9.9973E-05 9.9973E-05 0.27286 9.9973E-05 0.153891 0.354036 0.218913
9.9982E-05 0.0454321 9.9982E-05 0.0552638 0.172157 0.207703 0.519244
9.9982E-05 9.9982E-05 0.199644 0.0608909 0.244075 0.26305 0.23214
0.0526487 0.0864676 0.0946686 9.9982E-05 0.00927021 0.756745 9.9982E-05
0.145893 0.686269 9.9982E-05 0.0154989 9.9982E-05 0.0827833 0.0693555
9.995E-05 0.9994 9.995E-05 9.995E-05 9.995E-05 9.995E-05 9.995E-05
9.9955E-05 0.971997 9.9955E-05 9.9955E-05 9.9955E-05 0.0275027 9.9955E-05
9.9964E-05 0.92959 9.9964E-05 0.0626014 9.9964E-05 9.9964E-05 0.00740829
9.9973E-05 0.916151 9.9973E-05 9.9973E-05 0.0301843 0.00698288 0.0463824
9.9955E-05 0.915632 9.9955E-05 9.9955E-05 9.9955E-05 9.9955E-05 0.0838681
9.9955E-05 0.962933 9.9955E-05 9.9955E-05 9.9955E-05 0.0365668 9.9955E-05
9.9964E-05 0.770619 9.9964E-05 9.9964E-05 0.0665411 0.16244 9.9964E-05
9.9964E-05 0.0379032 9.9964E-05 9.9964E-05 9.9964E-05 0.920635 0.0410622
9.9973E-05 0.0971792 9.9973E-05 0.0127759 9.9973E-05 0.849461 0.0402843
9.9973E-05 9.9973E-05 0.0456278 9.9973E-05 0.0568864 0.8742 0.0229862
9.9982E-05 0.109033 0.00692011 0.0603178 9.9982E-05 0.784121 0.0394081
0.00374254 0.0112837 0.0619366 9.9982E-05 0.0594934 0.863344 9.9982E-05
9.9973E-05 0.0598451 9.9973E-05 0.0322501 0.0146233 0.892982 9.9973E-05
9.9982E-05 0.0807288 0.0484704 9.9982E-05 0.205221 0.641791 0.0235897
9.9973E-05 9.9973E-05 9.9973E-05 0.0394141 0.0584756 0.856032 0.0457783
0.0824076 0.15384 9.9973E-05 9.9973E-05 0.0749374 0.688515 9.9973E-05
0.00327188 9.9973E-05 0.00560276 9.9973E-05 0.0819848 0.908841 9.9973E-05
9.9955E-05 9.9955E-05 9.9955E-05 0.0339166 9.9955E-05 0.965584 9.9955E-05
0.0679806 9.9991E-05 0.00204136 0.0186353 0.0830481 0.80464 0.0235543
9.9973E-05 0.00141133 0.0309712 9.9973E-05 9.9973E-05 0.953612 0.013706
9.9973E-05 9.9973E-05 0.0593981 9.9973E-05 0.0464852 0.852783 0.0410337
9.9973E-05 0.00555551 9.9973E-05 9.9973E-05 0.0283178 0.866145 0.0996822
9.9964E-05 9.9964E-05 9.9964E-05 9.9964E-05 0.00793216 0.823863 0.167805
9.9964E-05 9.9964E-05 9.9964E-05 9.9964E-05 0.0794209 0.792965 0.127214
9.9964E-05 9.9964E-05 9.9964E-05 9.9964E-05 0.0795816 0.788586 0.131432
9.9964E-05 9.9964E-05 9.9964E-05 9.9964E-05 0.0285448 0.801442 0.169614
0.0852428 0.0529783 0.358376 9.9982E-05 9.9982E-05 0.120493 0.38271
0.0751096 0.0231518 0.198069 9.9982E-05 9.9982E-05 0.0542269 0.649243
0.0770237 0.160217 0.0165504 0.0298485 0.0899408 0.089478 0.536941
0.0835964 0.0565186 0.671668 0.0551921 9.9982E-05 9.9982E-05 0.132825
9.9973E-05 0.106693 0.28168 9.9973E-05 9.9973E-05 0.0630813 0.548245
9.9964E-05 9.9964E-05 0.732224 9.9964E-05 9.9964E-05 0.117538 0.149838
9.9973E-05 0.0283614 0.2904 9.9973E-05 9.9973E-05 0.0835485 0.59739
0.177962 0.111085 0.302775 9.9982E-05 9.9982E-05 0.0362775 0.371701
0.0699942 0.0577401 0.33428 9.9982E-05 9.9982E-05 0.0471865 0.490599
0.31681 0.059897 0.0382747 0.00573726 9.9991E-05 0.0573288 0.521852
0.0125536 0.1599 0.302768 9.9982E-05 9.9982E-05 0.0428508 0.481728
0.0322731 0.059678 0.193087 9.9982E-05 9.9982E-05 0.0873743 0.627387
0.0889359 0.127566 0.153416 0.00918915 9.9991E-05 0.0531565 0.567636
0.111529 0.514448 0.11764 0.162315 0.0180529 9.9991E-05 0.0759148
0.0460542 0.139054 0.739727 0.0748645 9.9973E-05 9.9973E-05 9.9973E-05
9.9964E-05 0.0082041 0.816807 9.9964E-05 9.9964E-05 9.9964E-05 0.174589
9.9982E-05 0.0764657 0.16961 9.9982E-05 0.016949 0.103455 0.63332
0.00528157 9.9973E-05 0.413644 9.9973E-05 9.9973E-05 0.0578954 0.522879
