0.0702596 0.0824673 0.170528 0.603474 0.017565 0.0366946 9.9982E-05 0.0188112 9.9982E-05
9.9964E-05 0.187402 0.101832 0.658189 9.9964E-05 9.9964E-05 0.0137305 9.9964E-05 0.0384467
0.0273652 0.180083 0.108209 0.52462 0.0956937 9.9982E-05 9.9982E-05 0.042051 0.0217779
0.0388636 0.0370635 0.164828 0.67078 0.0709523 0.00195861 0.0153549 9.9982E-05 9.9982E-05
9.9973E-05 0.204604 9.9973E-05 0.745145 0.0106607 0.0102495 0.0284876 9.9973E-05 0.000552639
0.0479973 9.9964E-05 0.159991 0.62416 0.0620599 0.105392 9.9964E-05 9.9964E-05 9.9964E-05
0.0390863 0.0617246 0.159002 0.44521 0.100015 0.0707693 0.000737677 9.9991E-05 0.123355
0.0260843 0.103427 0.0212212 0.673439 0.0858573 9.99819E-05 9.99819E-05 0.0383385 0.0514329
9.9955E-05 9.9955E-05 9.9955E-05 0.019591 0.743418 0.208834 0.0276563 9.9955E-05 9.9955E-05
0.999201 9.993E-05 9.993E-05 9.993E-05 9.993E-05 9.993E-05 9.993E-05 9.993E-05 9.993E-05
0.999201 9.993E-05 9.993E-05 9.993E-05 9.993E-05 9.993E-05 9.993E-05 9.993E-05 9.993E-05
9.9946E-05 9.9946E-05 0.00141435 0.06718 9.9946E-05 9.9946E-05 9.9946E-05 9.9946E-05 0.930806
0.0409559 0.158198 9.9982E-05 9.9982E-05 0.540319 0.0554925 0.0431285 0.0789511 0.082756
0.0229518 9.9964E-05 9.9964E-05 9.9964E-05 0.672131 0.104866 9.9964E-05 0.0285487 0.171103
0.0129466 0.0497015 9.9955E-05 9.9955E-05 9.9955E-05 9.9955E-05 0.0276996 9.9955E-05 0.909152
9.9946E-05 0.0158242 9.9946E-05 9.9946E-05 0.0970257 9.9946E-05 9.9946E-05 9.9946E-05 0.88655
9.9955E-05 9.9955E-05 9.9955E-05 0.0698615 9.9955E-05 0.0461415 0.00362736 9.9955E-05 0.87987
0.0461951 0.006162 0.296888 0.529371 0.120984 9.9964E-05 9.9964E-05 9.9964E-05 9.9964E-05
0.0331985 0.00679339 0.077125 0.878167 9.9973E-05 9.9973E-05 0.00027191 0.00414466 9.9973E-05
0.0530318 0.0598904 9.9955E-05 0.872465 9.9955E-05 9.9955E-05 9.9955E-05 9.9955E-05 0.0141129
0.0533593 0.0368312 9.9955E-05 0.869007 9.9955E-05 9.9955E-05 9.9955E-05 9.9955E-05 0.040303
0.0370824 0.0350428 0.0446755 0.826903 9.9964E-05 0.0558962 9.9964E-05 9.9964E-05 9.9964E-05
0.0358883 9.9964E-05 0.0662827 0.840239 9.9964E-05 9.9964E-05 0.0352339 0.021956 9.9964E-05
9.9946E-05 0.0208773 9.9946E-05 0.958905 0.0196179 9.9946E-05 9.9946E-05 9.9946E-05 9.9946E-05
9.9955E-05 9.9955E-05 9.9955E-05 9.9955E-05 0.55596 9.9955E-05 0.209864 0.0288167 0.20486
9.9973E-05 0.0223807 9.9973E-05 9.9973E-05 0.295217 0.372258 0.0262261 0.150255 0.133364
0.0144276 0.0196898 9.9982E-05 0.0429439 0.185428 0.570566 0.129181 0.0375645 9.9982E-05
0.0495103 9.9991E-05 0.0257059 0.00304025 0.131478 0.303097 0.0679423 0.198943 0.220182
9.9946E-05 9.9946E-05 0.00326392 0.170207 9.9946E-05 9.9946E-05 9.9946E-05 0.825929 9.9946E-05
0.0363776 9.9964E-05 0.0510162 0.0342074 9.9964E-05 9.9964E-05 0.0288917 0.849107 9.9964E-05
0.00553625 9.9973E-05 9.9973E-05 9.9973E-05 0.0506035 0.785715 0.0961761 0.0518419 0.00982702
9.9973E-05 0.0260641 0.12446 0.176165 9.9973E-05 0.601257 0.0485572 0.0231967 9.9973E-05
9.9973E-05 0.0574837 0.0897864 0.734485 0.00380502 0.0909199 9.9973E-05 9.9973E-05 0.02322
0.0515769 0.00591243 0.0421598 0.862787 9.9964E-05 9.9964E-05 9.9964E-05 9.9964E-05 0.0371636
0.00935197 9.9955E-05 9.9955E-05 0.969097 9.9955E-05 9.9955E-05 0.00776356 9.9955E-05 0.0132873
0.0295515 9.9955E-05 9.9955E-05 0.902184 0.0118373 0.0559272 9.9955E-05 9.9955E-05 9.9955E-05
0.0561323 9.9964E-05 0.105906 0.768531 9.9964E-05 0.0286526 9.9964E-05 0.0403778 9.9964E-05
0.0569164 0.201406 9.9955E-05 0.689413 9.9955E-05 9.9955E-05 0.0517652 9.9955E-05 9.9955E-05
0.000956877 0.205865 0.0838591 0.662343 9.9964E-05 9.9964E-05 9.9964E-05 0.0465767 9.9964E-05
0.0203874 0.109426 0.0300717 0.707685 0.0381115 9.9982E-05 0.0507943 0.0433247 9.9982E-05
9.9955E-05 9.9955E-05 0.130345 0.826974 0.00874548 9.9955E-05 0.0334352 9.9955E-05 9.9955E-05
9.9964E-05 0.117752 0.0390505 0.612735 0.0369313 9.9964E-05 9.9964E-05 0.193131 9.9964E-05
9.9937E-05 9.9937E-05 9.9937E-05 0.462107 0.537193 9.9937E-05 9.9937E-05 9.9937E-05 9.9937E-05
9.9946E-05 9.9946E-05 0.0423005 0.394422 0.562678 9.9946E-05 9.9946E-05 9.9946E-05 9.9946E-05
9.9964E-05 0.0358559 9.9964E-05 0.291323 0.57947 9.9964E-05 0.0221602 0.0707907 9.9964E-05
9.9946E-05 9.9946E-05 0.0644517 0.292233 0.642715 9.9946E-05 9.9946E-05 9.9946E-05 9.9946E-05
9.9946E-05 9.9946E-05 9.9946E-05 9.9946E-05 0.0243701 9.9946E-05 0.139841 9.9946E-05 0.83519
9.9937E-05 9.9937E-05 9.9937E-05 9.9937E-05 0.939333 0.0599675 9.9937E-05 9.9937E-05 9.9937E-05
9.993E-05 9.993E-05 9.993E-05 9.993E-05 0.999201 9.993E-05 9.993E-05 9.993E-05 9.993E-05
0.032635 0.00950584 0.0756501 0.765988 9.9982E-05 9.9982E-05 0.0565956 0.0364688 0.022957
0.0223566 0.0238788 0.156544 0.580627 0.0647279 0.0484266 9.9991E-05 0.09089 0.0124492
9.9946E-05 0.0578294 9.9946E-05 0.278643 0.662928 9.9946E-05 9.9946E-05 9.9946E-05 9.9946E-05
0.978588 9.9937E-05 9.9937E-05 9.9937E-05 0.0207126 9.9937E-05 9.9937E-05 9.9937E-05 9.9937E-05
9.9964E-05 0.10836 0.155313 0.00647767 9.9964E-05 0.0787465 9.9964E-05 0.650703 9.9964E-05
9.9955E-05 9.9955E-05 9.9955E-05 9.9955E-05 0.143459 9.9955E-05 0.407786 0.0940806 0.354174
0.00761577 9.9982E-05 0.0218875 9.9982E-05 0.219404 0.145093 0.0932282 0.161291 0.351281
9.993E-05 0.999201 9.993E-05 9.993E-05 9.993E-05 9.993E-05 9.993E-05 9.993E-05 9.993E-05
9.9937E-05 0.982644 0.0166567 9.9937E-05 9.9937E-05 9.9937E-05 9.9937E-05 9.9937E-05 9.9937E-05
9.9964E-05 0.467096 0.080548 0.33865 9.9964E-05 9.9964E-05 9.9964E-05 0.0550042 0.0583026
0.0337504 0.908278 9.9964E-05 0.0233669 9.9964E-05 9.9964E-05 0.0294308 9.9964E-05 0.00477449
0.0161512 0.875193 9.9946E-05 0.108056 9.9946E-05 9.9946E-05 9.9946E-05 9.9946E-05 9.9946E-05
0.021556 0.0871096 9.9973E-05 9.9973E-05 0.697477 0.133527 0.0136558 9.9973E-05 0.0463746
9.9946E-05 9.9946E-05 9.9946E-05 9.9946E-05 9.9946E-05 0.695 0.0633181 9.9946E-05 0.241082
0.00134193 9.9955E-05 9.9955E-05 9.9955E-05 0.103881 0.763792 9.9955E-05 9.9955E-05 0.130485
0.0498822 9.9964E-05 9.9964E-05 9.9964E-05 0.0857328 0.556326 0.110363 9.9964E-05 0.197297
9.9964E-05 9.9964E-05 9.9964E-05 0.00597243 0.0631597 0.200223 9.9964E-05 0.618999 0.111246
0.0141644 0.0419526 0.0235362 0.11085 9.9973E-05 9.9973E-05 9.9973E-05 0.801049 0.00814807
9.9937E-05 9.9937E-05 9.9937E-05 9.9937E-05 9.9937E-05 0.00961973 0.989681 9.9937E-05 9.9937E-05
9.9955E-05 0.0169273 0.0321028 9.9955E-05 9.9955E-05 0.00866141 0.941809 9.9955E-05 9.9955E-05
0.0347996 0.0278919 9.9973E-05 0.144031 0.00789892 9.9973E-05 0.675955 0.109124 9.9973E-05
0.0233198 9.9964E-05 0.0983621 0.0974818 9.9964E-05 9.9964E-05 0.352025 0.428412 9.9964E-05
9.9937E-05 9.9937E-05 9.9937E-05 9.9937E-05 9.9937E-05 9.9937E-05 0.918884 9.9937E-05 0.0804166
9.993E-05 9.993E-05 9.993E-05 9.993E-05 9.993E-05 9.993E-05 0.999201 9.993E-05 9.993E-05
9.9955E-05 0.11794 0.203278 0.645607 0.0326748 9.9955E-05 9.9955E-05 9.9955E-05 9.9955E-05
0.0599543 0.0795459 0.0103378 0.826509 9.9964E-05 0.0232535 9.9964E-05 9.9964E-05 9.9964E-05
9.993E-05 9.993E-05 9.993E-05 9.993E-05 9.993E-05 9.993E-05 9.993E-05 9.993E-05 0.999201
0.0545902 9.9964E-05 0.0165313 9.9964E-05 9.9964E-05 0.119452 9.9964E-05 0.02511 0.783916
9.9937E-05 9.9937E-05 0.0358471 9.9937E-05 9.9937E-05 9.9937E-05 9.9937E-05 9.9937E-05 0.963453
0.028344 0.114887 0.0259591 0.396127 0.412789 9.9973E-05 9.9973E-05 0.0215938 9.9973E-05
0.0287876 0.179103 0.0826196 0.38852 0.282987 9.9973E-05 9.9973E-05 0.037683 9.9973E-05
0.0941207 0.00915717 9.9955E-05 0.639613 0.256609 9.9955E-05 9.9955E-05 9.9955E-05 9.9955E-05
0.0330918 0.0653169 9.9964E-05 0.670219 0.181631 9.9964E-05 9.9964E-05 0.049341 9.9964E-05
9.993E-05 9.993E-05 9.993E-05 9.993E-05 9.993E-05 9.993E-05 9.993E-05 0.999201 9.993E-05
0.0111419 9.9955E-05 9.9955E-05 9.9955E-05 9.9955E-05 0.0376108 9.9955E-05 0.933136 0.0176113
0.0506817 9.9946E-05 0.00135917 9.9946E-05 9.9946E-05 9.9946E-05 9.9946E-05 0.947359 9.9946E-05
0.0268008 0.855981 9.99459E-05 9.99459E-05 0.116619 9.99459E-05 9.99459E-05 9.99459E-05 9.99459E-05
0.0117192 0.031456 9.9955E-05 9.9955E-05 0.929146 9.9955E-05 9.9955E-05 9.9955E-05 0.0271787
0.041385 0.209854 0.0444823 0.675437 9.9973E-05 0.00473241 0.0238095 9.9973E-05 9.9973E-05
0.042624 0.0335998 0.0617176 0.645982 0.157777 0.0580003 9.9973E-05 9.9973E-05 9.9973E-05
0.0194955 0.166061 0.043135 0.716914 0.0539951 9.996E-05 9.996E-05 9.996E-05 9.996E-05
0.0306886 0.069441 0.230421 0.48767 0.0893001 9.9982E-05 0.0399017 0.0523778 9.9982E-05
0.0208196 0.0394039 0.18365 0.669903 9.9964E-05 0.0858242 9.9964E-05 9.9964E-05 9.9964E-05
0.0465731 0.033268 0.0588984 0.763657 9.9982E-05 0.0643072 0.0108803 0.0222158 9.9982E-05
9.9955E-05 0.0246817 9.9955E-05 0.893536 9.9955E-05 0.0496141 0.0316683 9.9955E-05 9.9955E-05
0.0320152 0.043017 0.107688 0.780362 9.9964E-05 9.9964E-05 9.9964E-05 9.9964E-05 0.0365182
0.0366294 0.143944 0.0616634 0.661672 0.0583025 0.0374892 9.9973E-05 9.9973E-05 9.9973E-05
9.9946E-05 9.9946E-05 0.0176918 0.946577 0.0351318 9.9946E-05 9.9946E-05 9.9946E-05 9.9946E-05
0.0392346 0.0919698 0.0515145 0.722003 0.0599893 0.00419813 9.9982E-05 0.0308906 9.9982E-05
0.0484919 9.9937E-05 0.950808 9.9937E-05 9.9937E-05 9.9937E-05 9.9937E-05 9.9937E-05 9.9937E-05
9.9937E-05 9.9937E-05 0.942518 0.0567825 9.9937E-05 9.9937E-05 9.9937E-05 9.9937E-05 9.9937E-05
9.993E-05 9.993E-05 0.999201 9.993E-05 9.993E-05 9.993E-05 9.993E-05 9.993E-05 9.993E-05
9.9955E-05 0.00246279 0.969355 9.9955E-05 0.013121 0.014561 9.9955E-05 9.9955E-05 9.9955E-05
9.993E-05 9.993E-05 0.999201 9.993E-05 9.993E-05 9.993E-05 9.993E-05 9.993E-05 9.993E-05
0.0301402 9.9946E-05 9.9946E-05 9.9946E-05 9.9946E-05 0.933298 9.9946E-05 9.9946E-05 0.0359618
0.00267034 0.0563339 0.0199469 9.9955E-05 9.9955E-05 0.920549 9.9955E-05 9.9955E-05 9.9955E-05
9.993E-05 9.993E-05 9.993E-05 9.993E-05 9.993E-05 0.999201 9.993E-05 9.993E-05 9.993E-05
9.9946E-05 0.00356199 9.9946E-05 0.0161603 9.9946E-05 0.979678 9.9946E-05 9.9946E-05 9.9946E-05
0.0347508 0.112527 9.9982E-05 0.0472172 0.00842179 0.0164982 9.9982E-05 0.688324 0.0920609
