9.9955E-05 0.208219 0.760619 9.9955E-05 0.0306622 9.9955E-05 9.9955E-05 9.9955E-05
9.9955E-05 0.197771 0.789473 9.9955E-05 9.9955E-05 9.9955E-05 9.9955E-05 0.0122567
0.0391196 0.0467771 0.786455 9.9973E-05 9.9973E-05 0.0610045 0.0663437 9.9973E-05
0.0519194 0.171251 0.637433 9.9973E-05 0.0225561 9.9973E-05 0.11654 9.9973E-05
9.9964E-05 0.23364 0.681679 9.9964E-05 9.9964E-05 0.0628727 0.0214085 9.9964E-05
9.9964E-05 0.912585 9.9964E-05 9.9964E-05 9.9964E-05 0.0159352 0.00829553 0.0627843
9.994E-05 0.9993 9.994E-05 9.994E-05 9.994E-05 9.994E-05 9.994E-05 9.994E-05
0.0010775 0.998323 9.9946E-05 9.9946E-05 9.9946E-05 9.9946E-05 9.9946E-05 9.9946E-05
0.0730505 0.122432 0.72382 0.080297 9.99639E-05 9.99639E-05 9.99639E-05 9.99639E-05
9.9955E-05 0.966746 9.9955E-05 9.9955E-05 9.9955E-05 0.00696655 0.0257881 9.9955E-05
0.0338168 0.900161 0.0655227 9.9955E-05 9.9955E-05 9.9955E-05 9.9955E-05 9.9955E-05
9.9973E-05 0.0309513 9.9973E-05 9.9973E-05 0.739335 0.0579762 0.0556014 0.115836
0.0684538 0.00655542 0.0112292 0.014439 0.406076 0.436304 0.056843 9.9991E-05
0.0247632 0.0191401 0.01914 0.0561699 0.668259 0.08209 0.0750851 0.0553528
9.9964E-05 0.0467594 9.9964E-05 9.9964E-05 0.671557 0.0658975 0.215386 9.9964E-05
9.9991E-05 0.102494 0.0300857 0.0107145 0.363822 0.258392 0.114303 0.120089
9.9973E-05 0.054466 0.0618747 9.9973E-05 0.292676 0.506137 0.0845461 9.9973E-05
0.0121109 0.0600997 9.9982E-05 9.9982E-05 0.350526 0.321198 0.0919515 0.163914
9.9982E-05 9.9982E-05 0.107854 0.00455056 0.549381 0.202691 0.078072 0.0572514
0.0173394 0.11798 9.9964E-05 0.0620063 0.802274 9.9964E-05 9.9964E-05 9.9964E-05
0.0485935 9.9991E-05 0.0435315 0.0713641 0.352806 0.281069 0.068958 0.133578
9.9982E-05 0.0194518 9.9982E-05 0.182449 0.291309 0.372601 0.0809047 0.0530848
0.120374 0.000117995 0.0311894 0.112914 0.163215 0.459945 0.0168723 0.0953721
9.9982E-05 0.061408 9.9982E-05 0.0369525 0.57524 0.111955 0.103357 0.110887
0.038385 9.9982E-05 0.0676892 9.9982E-05 0.218967 0.489209 0.150559 0.0349904
9.9964E-05 0.00927155 9.9964E-05 9.9964E-05 0.494731 0.39293 0.102667 9.9964E-05
9.9973E-05 0.0541499 0.0228963 9.9973E-05 0.808067 0.0197351 0.0948521 9.9973E-05
9.9982E-05 0.0543428 0.00319485 9.9982E-05 0.710498 0.003009 0.186594 0.0421614
9.9982E-05 0.0438538 9.9982E-05 0.107716 0.701126 0.0881452 0.0141341 0.0448258
9.9955E-05 9.9955E-05 0.887019 9.9955E-05 9.9955E-05 0.0627024 0.0497793 9.9955E-05
9.9955E-05 9.9955E-05 0.823677 9.9955E-05 0.0270379 0.148785 9.9955E-05 9.9955E-05
9.9973E-05 9.9973E-05 0.797615 9.9973E-05 0.00254885 0.116058 0.0517618 0.0317169
9.9973E-05 0.104945 0.658546 9.9973E-05 9.9973E-05 0.0736475 0.13393 0.0286328
0.154336 9.9973E-05 9.9973E-05 0.0686351 9.9973E-05 0.525934 0.00192066 0.248874
0.119752 0.017799 0.0492708 9.9982E-05 9.9982E-05 0.426735 0.0585303 0.327713
9.9973E-05 0.0500082 9.9973E-05 0.0369793 9.9973E-05 0.549325 0.00694969 0.356438
0.0365113 0.0555265 0.0892079 9.9982E-05 0.711848 0.0208354 9.9982E-05 0.0858707
9.9964E-05 9.9964E-05 9.9964E-05 0.162414 9.9964E-05 0.275421 0.0500162 0.511749
0.0636826 0.0316781 9.9982E-05 9.9982E-05 0.173142 0.465026 0.0758511 0.19042
9.9973E-05 0.0240754 9.9973E-05 0.0181275 9.9973E-05 0.548891 0.113011 0.295596
0.108909 0.0704878 0.0223163 0.0856269 0.0332529 0.591116 9.9991E-05 0.0881913
0.0254241 0.0174074 0.122221 0.0589918 0.108777 0.587665 0.00896556 0.0705471
9.9982E-05 0.0269441 9.9982E-05 0.0358674 0.180509 0.00905739 0.0204489 0.726974
0.0656446 0.125447 9.9991E-05 0.111743 0.030255 0.573453 0.0654671 0.0278896
9.9982E-05 0.0442599 0.0669902 9.9982E-05 0.113524 0.45296 0.0967617 0.225304
9.9973E-05 9.9973E-05 0.154751 9.9973E-05 0.0165564 0.460958 0.118571 0.248863
0.0200813 9.9964E-05 9.9964E-05 0.00392434 9.9964E-05 0.286405 9.9964E-05 0.689189
0.0209603 9.9982E-05 0.0892831 9.9982E-05 0.0110647 0.535389 0.0806235 0.262479
0.060535 0.0247662 0.0971581 0.048 0.0399677 0.527081 0.0276716 0.174821
9.9955E-05 9.9955E-05 0.0828572 0.305812 9.9955E-05 9.9955E-05 9.9955E-05 0.610831
0.135721 9.9973E-05 9.9973E-05 0.125818 0.408663 0.101141 9.9973E-05 0.228356
9.9982E-05 0.0676118 9.9982E-05 0.41739 0.296266 0.0274675 0.0100565 0.181009
0.00589981 0.0288979 0.0283329 0.0675939 0.236907 0.464433 0.129877 0.038059
9.9982E-05 0.0590153 0.0501133 0.107081 0.103896 0.630084 0.0496099 9.9982E-05
9.9982E-05 9.9982E-05 0.0443628 0.0790436 0.155695 0.566735 0.0609295 0.0930346
0.129785 9.9982E-05 0.106623 0.131629 0.263272 0.128521 9.9982E-05 0.239971
0.0763995 9.9991E-05 0.00726373 0.0703654 0.245498 0.561888 0.0192997 0.0191859
9.9982E-05 0.150466 9.9982E-05 0.058263 0.151464 0.506944 0.042331 0.0903314
9.9991E-05 0.125479 0.031449 0.0656757 0.350204 0.262438 0.0174637 0.14719
0.0923478 0.0457835 0.177129 0.141203 0.364687 0.0269741 0.0480605 0.103815
0.0918769 0.0126996 0.0851388 9.9991E-05 0.12827 0.490042 0.019801 0.172072
0.0692419 9.9991E-05 0.0537091 0.0190791 0.354644 0.385852 0.0543911 0.0629829
0.16041 9.9964E-05 9.9964E-05 0.0995249 0.562596 9.9964E-05 9.9964E-05 0.177069
9.9964E-05 9.9964E-05 9.9964E-05 0.0720634 0.442718 0.45631 9.9964E-05 0.0285082
0.0866669 0.0104472 9.9991E-05 0.10085 0.00980028 0.618073 0.108583 0.0654802
9.9982E-05 0.0142256 0.0341189 0.040471 0.381822 0.522523 0.00663935 9.9982E-05
0.046699 0.00126021 0.0623149 0.0625097 0.359257 0.231194 0.031916 0.20485
9.9982E-05 0.0131191 9.9982E-05 0.0796442 0.297884 0.516485 0.0246048 0.0680626
0.104084 0.0187767 0.0771817 0.0102631 9.9991E-05 0.583774 0.047663 0.158157
0.126473 9.9982E-05 0.0464438 0.135644 0.524839 0.122893 9.9982E-05 0.0435067
9.9964E-05 0.0150436 9.9964E-05 9.9964E-05 0.0658795 0.503952 9.9964E-05 0.414725
9.9964E-05 9.9964E-05 0.020277 9.9964E-05 0.188752 0.120802 9.9964E-05 0.669769
0.0603334 9.9982E-05 0.0790352 9.9982E-05 0.119293 0.476501 0.0793391 0.185299
9.9955E-05 0.0192298 9.9955E-05 0.156099 9.9955E-05 9.9955E-05 9.9955E-05 0.824172
9.9955E-05 9.9955E-05 9.9955E-05 0.130059 0.0783942 9.9955E-05 9.9955E-05 0.791047
9.9973E-05 0.0355663 9.9973E-05 0.0372439 0.00843028 0.198403 9.9973E-05 0.720057
0.0890186 9.9973E-05 9.9973E-05 9.9973E-05 0.0838145 0.346593 0.0396009 0.440673
0.0873903 9.9982E-05 0.251492 9.9982E-05 0.0587444 0.567486 0.00230919 0.0323783
9.9973E-05 0.0271308 9.9973E-05 9.9973E-05 0.178301 0.333666 0.0379402 0.422663
0.0955494 0.0230403 0.0475842 9.9982E-05 0.0539003 9.9982E-05 0.0362264 0.743499
0.161868 0.0478409 9.9982E-05 9.9982E-05 0.0647261 0.158138 0.0416732 0.525553
0.10269 9.9973E-05 9.9973E-05 9.9973E-05 0.0152214 0.414586 0.0920587 0.375144
9.9982E-05 0.0301542 0.0156561 9.9982E-05 0.138714 0.155851 0.0565614 0.602864
9.9982E-05 0.0570699 0.018414 9.9982E-05 0.0964918 0.318741 0.00540851 0.503675
9.9955E-05 9.9955E-05 9.9955E-05 0.0426068 9.9955E-05 0.372169 9.9955E-05 0.584724
0.031116 9.9955E-05 9.9955E-05 0.354751 9.9955E-05 9.9955E-05 9.9955E-05 0.613633
0.032184 9.9982E-05 0.0578196 0.0347457 0.0154878 0.603004 9.9982E-05 0.256559
0.0143947 0.153632 0.676232 9.9982E-05 0.0560841 0.024372 0.0750849 9.9982E-05
9.9955E-05 0.0406829 0.867481 9.9955E-05 9.9955E-05 0.0913368 9.9955E-05 9.9955E-05
0.0499517 9.9964E-05 0.8334 9.9964E-05 9.9964E-05 0.0803038 0.0359448 9.9964E-05
9.9955E-05 9.9955E-05 0.934399 0.0161673 9.9955E-05 0.0489343 9.9955E-05 9.9955E-05
9.9973E-05 0.0581042 0.830404 9.9973E-05 9.9973E-05 0.0871953 0.0140333 0.0099637
0.0125421 9.9964E-05 0.877527 9.9964E-05 9.9964E-05 9.9964E-05 0.0568899 0.0526406
9.9955E-05 0.114026 0.822768 9.9955E-05 9.9955E-05 0.0627066 9.9955E-05 9.9955E-05
0.0177674 0.0494336 0.107 9.9991E-05 0.0872999 0.564484 0.000956398 0.172959
0.0843811 0.0543267 0.0180557 9.9982E-05 9.9982E-05 0.487835 0.113698 0.241504
9.9973E-05 0.0360328 0.0152037 0.0563425 0.0981504 9.9973E-05 9.9973E-05 0.793971
0.00804266 0.0470612 0.0577941 0.0540723 0.150211 0.492329 0.0514592 0.139031
9.9973E-05 0.0850902 9.9973E-05 9.9973E-05 0.113243 0.384801 0.0172392 0.399326
0.00422943 9.9964E-05 0.0520317 9.9964E-05 9.9964E-05 0.602442 9.9964E-05 0.340897
9.9982E-05 0.0240005 9.9982E-05 0.097959 0.0114459 0.479274 0.032141 0.354979
0.000123942 9.9964E-05 9.9964E-05 9.9964E-05 9.9964E-05 0.346327 0.133961 0.519188
0.0862351 0.0126788 0.011154 9.9973E-05 0.129582 9.9973E-05 9.9973E-05 0.760051
0.0904085 0.0733848 0.0668489 9.9991E-05 0.0755412 0.457025 0.0953133 0.141378
0.100854 0.0576283 0.0294384 9.9973E-05 9.9973E-05 0.661792 9.9973E-05 0.149987
0.0543255 0.105968 0.0765207 0.0237152 9.9991E-05 0.559119 0.0851115 0.0951398
9.9973E-05 9.9973E-05 0.0470309 0.131329 9.9973E-05 0.270971 0.0143318 0.536037
9.9964E-05 0.0567781 9.9964E-05 0.0876848 9.9964E-05 0.444213 9.9964E-05 0.410924
0.0288881 9.9973E-05 9.9973E-05 9.9973E-05 0.171445 0.361254 0.0261667 0.411946
9.9964E-05 9.9964E-05 9.9964E-05 0.00478269 9.9964E-05 0.188941 0.143775 0.662101
0.0717404 9.9973E-05 0.079266 9.9973E-05 0.088489 0.383475 9.9973E-05 0.37673
0.0801569 9.9991E-05 0.130827 0.0453573 0.000651639 0.481503 0.0125249 0.24888
9.9982E-05 0.0843508 0.0502979 0.199439 0.512326 0.148929 9.9982E-05 0.0044571
0.165837 9.9982E-05 0.158542 9.9982E-05 0.195748 0.397234 0.0580856 0.0243541
0.122353 9.9973E-05 0.10022 9.9973E-05 0.186575 0.538829 0.051723 9.9973E-05
0.0630882 9.9982E-05 0.0806516 9.9982E-05 0.16636 0.530194 0.0960289 0.0634775
0.0240891 0.0771452 0.00235874 9.9973E-05 0.456508 0.439599 9.9973E-05 9.9973E-05
0.053102 0.0148146 0.0115849 0.0257004 0.322508 0.572091 9.9982E-05 9.9982E-05
0.097838 9.9973E-05 0.0421388 9.9973E-05 0.453611 0.395037 0.011075 9.9973E-05
0.0636034 9.9991E-05 0.0769638 0.0791726 0.212552 0.469935 0.000462065 0.0972108
0.130296 9.9982E-05 0.0789684 9.9982E-05 0.205572 0.55113 0.000254876 0.0335783
9.9982E-05 9.9982E-05 0.0245402 0.0651321 0.252636 0.546596 0.0169103 0.0939854
0.189692 9.9955E-05 9.9955E-05 9.9955E-05 0.319281 0.490527 9.9955E-05 9.9955E-05
0.130385 9.9982E-05 9.9982E-05 0.100964 0.0853773 0.542557 0.115173 0.0253423
0.100535 0.0663541 0.0603501 0.0754418 9.9991E-05 0.545691 0.0691722 0.0823557
0.0721609 9.9973E-05 9.9973E-05 9.9973E-05 0.30427 0.501582 0.0515058 0.0701817
0.0385376 0.0399174 9.9991E-05 0.0826052 0.174814 0.499282 0.133267 0.0314766
0.0968942 0.0324027 0.026908 0.103486 0.0611732 0.478866 0.0590837 0.141186
0.0648615 9.9973E-05 0.0853053 0.132167 0.309052 0.408314 9.9973E-05 9.9973E-05
0.0787004 0.00995769 0.0524494 9.9991E-05 0.118151 0.718657 0.0179893 0.00399534
0.00553197 9.9973E-05 0.0140987 0.0047613 0.272662 0.702646 9.9973E-05 9.9973E-05
0.0542029 0.129939 9.9982E-05 9.9982E-05 0.489275 0.0909872 0.0286854 0.206711
0.0298642 9.9991E-05 0.0297281 0.33809 0.366287 0.132608 0.0500738 0.0532484
0.142878 9.9991E-05 0.0063852 0.0659896 0.222905 0.400431 0.142662 0.0186496
0.113848 9.9982E-05 9.9982E-05 0.320894 0.244782 0.0681722 0.0608235 0.191281
0.0990791 9.9982E-05 0.0172942 0.000913678 0.552484 0.189216 9.9982E-05 0.140813
0.0812763 0.0304652 9.9982E-05 0.00193268 0.375603 0.331719 9.9982E-05 0.178804
0.129631 0.0123923 0.00830722 9.9982E-05 0.494479 0.277611 9.9982E-05 0.0773794
0.142283 0.014814 9.9991E-05 0.00580309 0.523231 0.18321 0.0162607 0.114298
9.9973E-05 0.122688 9.9973E-05 9.9973E-05 0.201546 0.550776 0.0321208 0.0925696
0.0823718 0.0758991 0.0197332 0.0403719 0.0988537 0.497046 0.116874 0.0688499
9.9982E-05 0.0205544 0.0423281 0.0118374 0.311035 0.481109 9.9982E-05 0.132936
0.0714611 9.9982E-05 9.9982E-05 0.272486 0.49999 0.051815 0.0650615 0.038987
0.0209516 0.000701863 0.170481 0.0658611 0.0594016 0.376882 0.0996437 0.206077
0.0379713 0.0222652 0.0244209 0.202419 0.0724832 0.447045 0.0640348 0.12936
0.120991 9.9982E-05 0.1563 0.544858 0.0419633 0.0469097 9.9982E-05 0.0887783
9.9973E-05 0.0107915 0.0735723 0.117676 0.0939126 0.703748 9.9973E-05 9.9973E-05
0.0360436 9.9991E-05 0.0821357 0.284101 0.0453762 0.344634 0.0163976 0.191211
0.0797898 9.9991E-05 0.0205279 0.134832 0.139215 0.492825 0.0720229 0.0606871
0.0697341 0.046097 0.0877862 0.296094 0.100162 0.252956 0.00177927 0.145391
0.14528 0.0760953 9.9982E-05 0.414049 0.0578571 0.19546 9.9982E-05 0.111058
0.127062 0.0132258 9.9973E-05 0.278852 9.9973E-05 0.528457 9.9973E-05 0.052103
0.134604 0.0420012 0.0547961 0.132111 0.063504 0.538788 9.9991E-05 0.0340956
0.0439429 0.139298 0.0441526 0.13618 0.0784422 0.397666 0.0304809 0.129838
9.9982E-05 0.0616671 0.0188988 0.444875 0.117142 9.9982E-05 0.16358 0.193638
9.9991E-05 0.0543062 0.0562729 0.142917 0.0646159 0.624102 0.0138603 0.0438257
9.9964E-05 9.9964E-05 9.9964E-05 0.233544 0.203614 0.351619 9.9964E-05 0.210823
0.0050036 9.9973E-05 9.9973E-05 0.149207 0.198014 0.452946 9.9973E-05 0.194528
0.0840688 0.0675255 0.0814672 0.14189 9.9991E-05 0.523197 0.0755941 0.026157
9.9982E-05 0.0993542 0.248933 0.227149 0.034383 0.137545 0.252435 9.9982E-05
9.9964E-05 0.108008 0.442767 0.341304 9.9964E-05 9.9964E-05 0.107521 9.9964E-05
9.9964E-05 0.0260806 0.418825 0.428871 9.9964E-05 9.9964E-05 0.125823 9.9964E-05
9.9982E-05 0.0927544 0.324861 0.132129 0.0816113 0.0403927 0.328052 9.9982E-05
9.9964E-05 0.0172596 9.9964E-05 0.218442 9.9964E-05 0.675792 9.9964E-05 0.0881066
0.046701 9.9982E-05 0.0781662 9.9982E-05 0.161358 0.527353 0.0520776 0.134144
9.9955E-05 9.9955E-05 9.9955E-05 9.9955E-05 0.126141 0.181948 0.69141 9.9955E-05
9.9973E-05 9.9973E-05 0.0168443 9.9973E-05 0.115595 0.363075 0.436222 0.0679633
0.0597901 0.00740407 0.154699 0.0102654 0.0429664 0.290219 0.375052 0.0596034
9.9973E-05 0.0531668 9.9973E-05 0.463974 0.0476398 0.335094 9.9973E-05 0.0998258
9.9973E-05 9.9973E-05 0.102814 0.228378 9.9973E-05 0.494482 0.0580549 0.115971
9.9964E-05 9.9964E-05 9.9964E-05 0.625434 0.0760366 0.293257 0.00487254 9.9964E-05
0.0379499 0.0368442 9.9982E-05 0.176714 0.017978 0.624123 9.9982E-05 0.106191
9.9973E-05 0.143577 9.9973E-05 0.174099 0.143309 0.421966 9.9973E-05 0.11675
0.0676822 0.0346867 0.0100262 0.190584 9.9991E-05 0.570999 0.0689582 0.056963
0.0202833 0.0152849 9.9982E-05 0.534177 0.11589 0.232382 9.9982E-05 0.0817829
0.00661605 0.00907379 0.0975677 0.118565 0.0418576 0.654484 0.000718697 0.0711166
0.00818072 0.149785 9.9973E-05 0.188629 9.9973E-05 0.474234 9.9973E-05 0.178871
9.9955E-05 9.9955E-05 9.9955E-05 9.9955E-05 0.0243944 9.9955E-05 0.952186 0.0229193
0.0169437 9.9964E-05 9.9964E-05 9.9964E-05 0.0255621 0.0866157 0.870479 9.9964E-05
0.0343478 0.0559876 9.9973E-05 9.9973E-05 0.0515463 0.279597 0.578221 9.9973E-05
0.0569629 9.9964E-05 0.0112631 9.9964E-05 9.9964E-05 0.246017 0.685357 9.9964E-05
0.00498892 9.9964E-05 9.9964E-05 9.9964E-05 9.9964E-05 0.135593 0.826735 0.0322834
9.9946E-05 0.00490881 9.9946E-05 9.9946E-05 9.9946E-05 9.9946E-05 0.994492 9.9946E-05
0.0219475 0.0327673 0.00387099 9.9964E-05 9.9964E-05 9.9964E-05 0.941014 9.9964E-05
9.9955E-05 9.9955E-05 9.9955E-05 9.9955E-05 0.00585392 0.122284 0.871363 9.9955E-05
0.0480791 9.9946E-05 9.9946E-05 9.9946E-05 9.9946E-05 9.9946E-05 0.951321 9.9946E-05
9.9946E-05 9.9946E-05 9.9946E-05 9.9946E-05 9.9946E-05 9.9946E-05 0.994539 0.00486083
9.9946E-05 9.9946E-05 0.0178603 9.9946E-05 9.9946E-05 9.9946E-05 0.98154 9.9946E-05
0.0282908 9.9982E-05 0.0181762 0.00343485 0.0478618 0.0963191 0.805717 9.9982E-05
0.0554407 0.0486627 0.041387 9.9982E-05 9.9982E-05 0.0347806 0.816294 0.00323522
0.000476064 9.9955E-05 9.9955E-05 9.9955E-05 9.9955E-05 9.9955E-05 0.975087 0.0239367
9.9973E-05 9.9973E-05 0.094672 9.9973E-05 0.150381 0.344413 0.377413 0.0328209
0.0715813 9.9982E-05 0.106979 9.9982E-05 0.0344941 0.0841011 0.653448 0.0491964
0.037868 0.0140838 9.9973E-05 0.00335128 9.9973E-05 0.249994 0.694403 9.9973E-05
0.0124883 0.0385325 0.000627 9.9982E-05 0.0313523 0.0562387 0.860561 9.9982E-05
9.9946E-05 9.9946E-05 9.9946E-05 9.9946E-05 9.9946E-05 0.00188346 0.997517 9.9946E-05
0.0302449 0.0390207 9.9982E-05 9.9982E-05 0.00164977 0.0046655 0.920545 0.00367386
9.9946E-05 0.0447431 9.9946E-05 9.9946E-05 9.9946E-05 9.9946E-05 0.954657 9.9946E-05
0.0878274 0.0691791 9.9964E-05 9.9964E-05 9.9964E-05 0.251943 0.59065 9.9964E-05
9.9964E-05 0.0202447 0.0138966 9.9964E-05 9.9964E-05 9.9964E-05 0.896975 0.068484
9.9973E-05 0.0841791 0.2804 0.532103 0.0683313 9.9973E-05 0.0346867 9.9973E-05
0.0973703 9.9973E-05 0.155571 0.217631 9.9973E-05 0.431405 0.097722 9.9973E-05
0.024107 0.144935 0.125762 0.190735 9.9991E-05 0.422196 0.0602677 0.0318974
0.0313821 0.103797 0.17029 0.43978 9.9982E-05 0.131813 0.122738 9.9982E-05
0.0602753 0.139289 9.9982E-05 0.165916 9.9982E-05 0.332884 0.262027 0.0394093
9.9982E-05 0.0786336 0.22421 0.329869 9.9982E-05 0.190976 0.123575 0.052537
0.094791 0.119846 0.10916 0.0429143 0.17012 0.313221 0.130275 0.0196722
9.9991E-05 0.130599 0.0441876 0.299735 0.0105868 0.287479 0.208943 0.0183699
9.9991E-05 0.139864 0.0393508 0.113213 0.0605502 0.510404 0.108861 0.0276576
9.9973E-05 0.0052074 0.149921 0.330442 9.9973E-05 0.314256 0.199874 9.9973E-05
9.9982E-05 0.0938721 0.141307 0.178844 0.0299441 0.457219 0.0986142 9.9982E-05
0.0868571 0.0902249 0.743707 0.0330058 9.9982E-05 0.0442829 9.9982E-05 0.00172203
0.00796272 0.00434715 0.905002 0.0168199 9.9973E-05 9.9973E-05 0.0655682 9.9973E-05
0.00847488 9.9973E-05 0.96623 0.0129571 0.000524891 9.9973E-05 9.9973E-05 0.0115135
0.051637 9.9955E-05 0.916116 9.9955E-05 9.9955E-05 0.0317469 9.9955E-05 9.9955E-05
0.00775255 0.082486 0.828755 9.9973E-05 0.0546755 9.9973E-05 0.0260311 9.9973E-05
9.9982E-05 0.0158327 0.865716 0.00298453 0.038416 9.9982E-05 0.0615072 0.0153439
9.9964E-05 0.153904 0.757708 9.9964E-05 9.9964E-05 9.9964E-05 0.080374 0.00761444
9.9973E-05 0.16794 0.745545 0.0494668 9.9973E-05 0.0134397 9.9973E-05 0.0233088
9.9973E-05 0.0643034 0.851603 9.9973E-05 0.0498592 9.9973E-05 0.000790792 0.0331436
9.9955E-05 9.9955E-05 0.830656 0.0633838 9.9955E-05 9.9955E-05 0.10546 9.9955E-05
0.124394 0.063667 0.549668 0.0106929 0.153883 9.9982E-05 9.9982E-05 0.0974941
0.258401 9.9973E-05 0.568645 9.9973E-05 0.107815 9.9973E-05 0.0162092 0.0486296
0.171414 0.0409555 0.481912 0.0757285 0.222894 9.9982E-05 9.9982E-05 0.00689609
0.133609 0.123781 0.37822 0.0535882 0.252307 9.9982E-05 9.9982E-05 0.0582939
0.0031491 0.0453989 0.0318382 9.9991E-05 0.242358 0.38808 0.0117306 0.277345
0.0950724 0.0367585 9.9973E-05 9.9973E-05 9.9973E-05 0.421717 0.049286 0.396866
0.0998327 9.9973E-05 9.9973E-05 9.9973E-05 0.1509 0.511611 0.0632116 0.174145
0.102409 9.9982E-05 0.0574815 0.0361755 0.228959 0.395424 9.9982E-05 0.179351
0.183168 0.0220502 9.9982E-05 0.0594988 0.538145 0.066355 9.9982E-05 0.130584
0.0164465 0.0554447 0.0673605 9.9991E-05 0.0155752 0.60009 0.024981 0.220002
0.0132554 9.9973E-05 0.0188648 9.9973E-05 0.138148 0.5346 9.9973E-05 0.294832
0.0831915 0.0121235 9.9982E-05 0.0834866 0.0724324 0.472929 9.9982E-05 0.275637
9.9964E-05 9.9964E-05 9.9964E-05 0.00748675 9.9964E-05 0.306086 0.0872318 0.598796
0.0454183 9.9982E-05 9.9982E-05 0.0807189 0.0928871 0.594959 0.0547917 0.131025
0.152361 9.9982E-05 0.0137483 0.035878 0.0222284 0.395123 9.9982E-05 0.380461
0.00317046 9.9964E-05 9.9964E-05 0.217973 0.0341886 9.9964E-05 9.9964E-05 0.744269
0.034238 0.0232381 0.0249213 9.9982E-05 0.250987 0.570889 9.9982E-05 0.0955266
9.9973E-05 9.9973E-05 0.0115272 0.205985 9.9973E-05 0.204309 0.0258882 0.55199
9.9973E-05 9.9973E-05 9.9973E-05 0.0794102 0.139051 0.500187 0.0378004 0.243251
0.0743269 9.9973E-05 0.0397529 9.9973E-05 0.249001 0.0389578 9.9973E-05 0.597662
0.850266 0.064878 0.0394952 0.0359377 9.9973E-05 0.00912318 9.9973E-05 9.9973E-05
0.851775 0.0217903 0.00356339 0.0446837 9.9973E-05 0.0778879 9.9973E-05 9.9973E-05
0.965436 9.9964E-05 9.9964E-05 0.0213975 9.9964E-05 0.00809842 9.9964E-05 0.00466838
0.870211 0.033672 0.0135672 9.9964E-05 9.9964E-05 9.9964E-05 9.9964E-05 0.0821505
0.887908 9.9964E-05 9.9964E-05 9.9964E-05 9.9964E-05 0.0262787 0.062701 0.0227122
0.855761 9.9964E-05 9.9964E-05 0.00683267 9.9964E-05 0.0599334 0.0770736 9.9964E-05
0.0184456 9.9973E-05 0.834617 9.9973E-05 9.9973E-05 0.0100543 0.0791607 0.0574229
0.0578898 0.0912659 0.76373 9.9964E-05 9.9964E-05 0.0867143 9.9964E-05 9.9964E-05
9.9973E-05 9.9973E-05 0.76959 0.00428321 0.0270448 0.112799 0.0859837 9.9973E-05
9.9973E-05 0.0965478 0.693797 9.9973E-05 0.100929 0.00234716 0.106079 9.9973E-05
9.9973E-05 0.168434 0.646067 9.9973E-05 0.0589588 0.0200627 0.106177 9.9973E-05
0.419253 0.0908423 0.298931 0.0555024 0.135172 9.9973E-05 9.9973E-05 9.9973E-05
0.390389 0.17622 0.279304 0.0948201 9.9973E-05 9.9973E-05 9.9973E-05 0.0589669
0.425183 0.134398 0.336741 9.9964E-05 9.9964E-05 9.9964E-05 9.9964E-05 0.103278
9.9964E-05 9.9964E-05 0.819018 9.9964E-05 0.0374115 0.0878933 0.0552778 9.9964E-05
0.501754 0.14341 0.23491 0.0180361 9.9973E-05 9.9973E-05 9.9973E-05 0.10159
9.9964E-05 9.9964E-05 0.182393 0.211384 9.9964E-05 0.297389 0.308434 9.9964E-05
0.0885415 0.0945593 0.0467189 9.9982E-05 9.9982E-05 0.478598 0.237182 0.0542007
9.9964E-05 0.0214608 0.179304 9.9964E-05 9.9964E-05 0.503869 0.294967 9.9964E-05
9.9982E-05 0.124561 0.180778 0.0448321 9.9982E-05 0.304304 0.292019 0.0533061
9.9991E-05 0.060092 0.166524 0.0253708 0.0838442 0.520958 0.113273 0.0298378
9.9964E-05 0.0468398 0.419744 0.236817 9.9964E-05 9.9964E-05 0.296199 9.9964E-05
0.0692435 0.0113948 9.9973E-05 9.9973E-05 0.337381 0.397198 9.9973E-05 0.184483
0.0671643 9.9982E-05 0.0588789 0.277404 0.12603 0.404923 9.9982E-05 0.0653991
0.0932739 9.9964E-05 0.0610446 9.9964E-05 0.670235 0.175047 9.9964E-05 9.9964E-05
0.0369988 9.9982E-05 0.0213924 0.176373 0.152289 0.493192 9.9982E-05 0.119555
0.00554255 9.9964E-05 9.9964E-05 0.611502 0.189721 9.9964E-05 9.9964E-05 0.192835
0.015214 9.9973E-05 0.102843 0.144166 0.193311 0.544165 9.9973E-05 9.9973E-05
9.9973E-05 9.9973E-05 0.0374938 0.182949 0.248766 0.475132 9.9973E-05 0.0553601
0.105924 0.0415625 0.0502522 0.0234162 0.471195 0.26013 9.9991E-05 0.0474196
0.0143513 0.0954319 0.0412571 9.9991E-05 0.196364 0.454875 0.0528922 0.144729
9.9964E-05 9.9964E-05 9.9964E-05 0.377159 0.471252 0.045053 9.9964E-05 0.106136
0.0700672 9.9991E-05 0.0116259 0.215796 0.182654 0.437443 0.0498198 0.0324944
0.136048 9.9973E-05 9.9973E-05 0.066387 0.22865 0.510116 9.9973E-05 0.0584989
0.101198 0.170803 9.9991E-05 0.0736049 0.0350072 0.4172 0.19632 0.00576604
9.9955E-05 9.9955E-05 9.9955E-05 0.199088 0.401268 0.399145 9.9955E-05 9.9955E-05
0.0937312 9.9991E-05 0.00584911 0.119483 0.215416 0.424654 0.0149637 0.125803
9.9982E-05 0.0478503 9.9982E-05 0.135798 0.242214 0.459073 0.0450966 0.0697682
0.178197 0.0337069 9.9982E-05 0.0280062 0.0819387 0.550134 9.9982E-05 0.127818
0.0399855 9.9991E-05 0.0167183 0.0276833 0.221164 0.655531 0.0292227 0.00959435
0.128816 9.9991E-05 0.00936852 0.0172864 0.10767 0.477235 0.116233 0.143291
0.163683 9.9991E-05 0.0914477 0.034284 0.0985867 0.516087 0.0559153 0.0398962
9.9955E-05 9.9955E-05 0.79665 9.9955E-05 9.9955E-05 0.173222 0.0296287 9.9955E-05
9.9973E-05 0.0412366 0.815975 9.9973E-05 9.9973E-05 0.0857788 0.0018826 0.0548272
0.0503571 0.0606614 0.693848 0.0361517 0.0797635 0.0491857 9.9991E-05 0.0299322
0.0761094 0.0216076 0.800127 9.9973E-05 9.9973E-05 9.9973E-05 0.0167424 0.0851135
9.9955E-05 0.0494517 0.805834 9.9955E-05 9.9955E-05 0.144214 9.9955E-05 9.9955E-05
0.109527 9.9991E-05 0.00633627 0.0461735 0.729013 0.104297 0.00441314 0.000139494
9.9982E-05 9.9982E-05 0.0648994 0.0658521 0.253889 0.468794 0.0755832 0.0707828
9.9973E-05 9.9973E-05 0.155035 0.144608 0.0127183 0.509946 0.177393 9.9973E-05
0.0370151 9.9982E-05 0.0277458 9.9982E-05 0.30145 0.534183 0.05646 0.0429463
0.0524134 9.9991E-05 0.0356745 0.0132363 0.276021 0.468055 0.002212 0.152287
0.0510132 9.9982E-05 0.0184858 0.201321 0.434114 0.263071 0.031795 9.9982E-05
0.133133 9.9973E-05 0.146776 0.0678566 0.635383 9.9973E-05 9.9973E-05 0.0165517
0.178637 0.012219 0.0441819 0.00670367 0.145262 0.454328 0.0766834 0.0819851
0.216537 9.9982E-05 0.0552896 0.12661 0.467487 0.0922012 0.0416756 9.9982E-05
0.0621661 0.0517184 9.9982E-05 0.183784 0.197803 0.437489 9.9982E-05 0.0668395
0.110024 9.9982E-05 0.179978 0.0622264 0.584054 0.0090296 9.9982E-05 0.0544879
0.0257689 0.011777 0.112936 0.0382683 0.216281 0.388116 0.131636 0.0752162
0.116775 0.0487439 0.0541614 0.0641241 0.573809 0.142186 9.9982E-05 9.9982E-05
0.0147952 9.9991E-05 0.0471315 0.184307 0.433062 0.261795 0.00775695 0.0510519
0.0899143 0.0725884 0.00948119 0.181067 0.0634907 0.5251 0.00228034 0.0560782
0.101965 0.024203 9.9964E-05 0.488393 9.9964E-05 0.385039 9.9964E-05 9.9964E-05
0.0289186 0.0709901 9.9982E-05 0.280493 0.0846083 0.499713 9.9982E-05 0.0350768
0.0348881 9.9991E-05 0.126438 0.143772 0.00270493 0.509798 0.037792 0.144508
0.0965062 0.002987 0.00192594 0.411968 0.0307944 0.439256 9.9991E-05 0.0164625
0.0606269 0.0275703 0.0527056 0.22965 0.063621 0.527188 9.9991E-05 0.038538
0.0284832 9.9973E-05 0.0912619 0.232559 9.9973E-05 0.594626 9.9973E-05 0.0527704
0.0798379 0.0213708 9.9973E-05 0.614107 9.9973E-05 0.167829 9.9973E-05 0.116556
0.0907113 9.9964E-05 9.9964E-05 0.586699 9.9964E-05 0.275114 9.9964E-05 0.0470764
0.0974013 0.0234776 9.9973E-05 0.291232 0.0229116 0.564677 9.9973E-05 9.9973E-05
0.107738 0.0392956 9.9982E-05 0.497126 0.0372243 0.157268 9.9982E-05 0.161148
0.0364124 9.9973E-05 9.9973E-05 0.267407 0.193194 0.429293 9.9973E-05 0.0733939
0.142368 9.9982E-05 0.0371461 0.124243 0.634448 9.9982E-05 0.00160598 0.0599887
0.0577438 9.9973E-05 9.9973E-05 0.18335 0.4638 0.21944 9.9973E-05 0.0753666
0.0778663 9.9982E-05 0.0495608 9.9982E-05 0.518468 0.203636 0.0651233 0.0851455
0.0509674 0.00764695 0.0527253 9.9991E-05 0.219558 0.612581 0.0441394 0.0122824
0.189759 9.9982E-05 9.9982E-05 0.0168129 0.47408 0.125778 0.00792043 0.18545
0.0616298 0.101737 0.0033889 0.141896 0.0712023 0.521139 0.0875245 0.0114829
0.0981503 0.0309182 0.0454407 0.0185036 0.149581 0.514254 0.116858 0.0262939
0.0671588 9.9982E-05 0.0231042 0.103983 0.294752 0.421853 0.0889491 9.9982E-05
0.0939863 0.0295683 9.9991E-05 0.0206504 0.288068 0.419102 0.0648154 0.0837098
0.125084 9.9982E-05 0.0376416 9.9982E-05 0.249043 0.389726 0.0285543 0.169751
0.0989781 9.9973E-05 9.9973E-05 9.9973E-05 0.580787 0.0619987 0.0874166 0.17052
0.131295 0.0139497 9.9991E-05 0.00416577 0.327917 0.179223 0.172591 0.170759
0.0226286 0.00954838 9.9982E-05 0.048109 0.314154 0.515691 0.0896687 9.9982E-05
9.9991E-05 0.0103469 0.0705143 0.0687291 0.263871 0.507871 0.0455729 0.0329954
0.182254 9.9982E-05 0.100903 0.185529 0.0352911 0.469786 9.9982E-05 0.0260369
0.0357626 0.0157909 9.9991E-05 0.078819 0.321913 0.467402 0.0749538 0.00525878
0.148811 9.9982E-05 0.0948553 0.0682015 0.41818 0.259407 0.0103454 9.9982E-05
0.0184824 9.9973E-05 0.0201553 9.9973E-05 0.325937 0.62922 9.9973E-05 0.00590519
0.12685 0.0210641 0.0300222 9.9982E-05 0.283811 0.429033 0.109019 9.9982E-05
0.026556 9.9991E-05 0.0725427 0.0745904 0.221612 0.483779 0.0911888 0.0296315
9.9982E-05 0.0531531 0.360733 9.9982E-05 0.105383 0.36008 0.108295 0.012155
0.00857168 0.0143221 0.0911 0.0482309 0.0164772 0.391721 0.317125 0.112452
0.00768672 0.0840596 0.122702 0.0672469 0.0592753 0.495093 0.0794105 0.0845264
9.9982E-05 9.9982E-05 0.0966447 0.103545 0.0833375 0.582222 0.132359 0.00169208
9.9982E-05 0.0130577 0.17291 9.9982E-05 0.0189592 0.483888 0.254895 0.0560907
0.0696034 9.9973E-05 9.9973E-05 0.222223 0.297338 0.393388 0.017148 9.9973E-05
9.9973E-05 0.0564787 0.147087 9.9973E-05 0.165385 0.502423 0.128326 9.9973E-05
9.9982E-05 9.9982E-05 0.25584 0.492602 0.0332126 0.0471615 0.130165 0.0408199
9.9982E-05 0.00327394 0.156028 0.0236577 0.153385 0.458992 0.204463 9.9982E-05
0.0695294 0.00626839 0.112701 0.0445755 9.9991E-05 0.516138 0.124482 0.126206
0.0182682 9.9982E-05 0.0712062 0.0318769 0.229577 0.454087 0.194784 9.9982E-05
9.9982E-05 0.0514325 0.156557 0.18672 0.177957 0.288054 0.13908 9.9982E-05
9.9982E-05 0.0125698 0.179431 0.0110052 0.087418 0.519153 0.190223 9.9982E-05
9.9973E-05 9.9973E-05 0.188377 0.0409124 0.0355989 0.588421 0.146391 9.9973E-05
9.9964E-05 9.9964E-05 0.485316 0.342299 0.0031743 9.9964E-05 0.168811 9.9964E-05
9.9964E-05 9.9964E-05 0.155061 9.9964E-05 0.115429 0.482627 0.246483 9.9964E-05
9.9973E-05 0.0259421 0.147093 0.117099 9.9973E-05 0.499108 0.210458 9.9973E-05
9.9991E-05 0.00358753 0.0413975 0.118475 0.0812377 0.486307 0.181049 0.0878461
9.9991E-05 0.0748728 0.0571994 0.0463925 0.0517767 0.501095 0.230509 0.0380549
9.9991E-05 0.044526 0.123936 0.0878095 0.119861 0.442666 0.152508 0.0285938
0.0387713 0.0473792 0.0224404 0.228102 0.0576922 0.349788 0.049258 0.206569
0.193986 0.084076 0.00378879 0.0877582 0.0103225 0.45386 0.0959922 0.070216
9.9955E-05 9.9955E-05 9.9955E-05 0.509381 0.23773 9.9955E-05 9.9955E-05 0.252389
0.0807016 9.9973E-05 9.9973E-05 0.630807 0.0404621 0.0576784 9.9973E-05 0.190051
0.058767 0.0484443 9.9991E-05 0.154111 0.0515215 0.440748 0.144016 0.102292
9.9973E-05 9.9973E-05 0.0897122 0.137384 0.0796338 0.346886 0.346085 9.9973E-05
9.9973E-05 0.114668 0.0183518 0.180538 9.9973E-05 0.389018 0.297124 9.9973E-05
0.0460674 0.0889206 0.0652999 0.236052 0.0314403 0.172702 0.345407 0.014111
9.9982E-05 0.0314485 0.17672 0.185951 0.0165217 0.360151 0.229008 9.9982E-05
0.0304313 9.9973E-05 0.0415079 0.660395 9.9973E-05 0.181282 0.0860836 9.9973E-05
0.0140573 9.9982E-05 0.110412 0.483803 9.9982E-05 0.28573 0.0402705 0.0655271
0.00504554 0.0288235 9.9991E-05 0.151849 0.0902691 0.560326 0.0800401 0.0835466
9.9982E-05 0.124483 9.9982E-05 0.150284 0.0383473 0.484223 0.094206 0.108257
9.9982E-05 9.9982E-05 0.0763607 0.485215 0.00977382 0.30873 0.102652 0.0170687
0.00401608 9.9991E-05 0.0337361 0.152887 0.0909858 0.477575 0.113027 0.127674
0.0131313 0.0101385 9.9982E-05 0.232612 9.9982E-05 0.596058 0.0579836 0.089877
0.0292747 0.0528871 0.000237685 0.15033 0.0607641 0.365191 0.229918 0.111398
0.0278765 9.9973E-05 9.9973E-05 0.375141 0.113175 0.362859 9.9973E-05 0.120649
9.9973E-05 0.0295212 9.9973E-05 0.338529 0.0929296 0.465108 9.9973E-05 0.0736118
0.0863803 0.0681258 0.00525848 0.126051 9.9982E-05 0.531989 9.9982E-05 0.181996
0.157806 9.9982E-05 9.9982E-05 0.210103 0.0229841 0.433584 0.0131715 0.162151
0.0417155 0.0806945 0.0290748 0.195646 0.130706 0.33238 0.0942733 0.0955093
9.9964E-05 9.9964E-05 9.9964E-05 0.413432 0.00917322 0.540047 9.9964E-05 0.0369481
0.105758 9.9973E-05 9.9973E-05 0.481832 0.0378578 0.313724 9.9973E-05 0.0605282
9.99738E-05 0.023078 0.0380009 0.0982498 9.99738E-05 0.556674 9.99738E-05 0.283697
9.9991E-05 0.0734243 0.0461524 0.116627 0.191359 0.411179 0.110412 0.0507467
0.00780722 9.9973E-05 9.9973E-05 0.462628 0.150445 0.207267 9.9973E-05 0.171553
0.0344998 9.9973E-05 9.9973E-05 0.348135 9.9973E-05 0.478133 0.0147965 0.124136
0.0663828 0.105086 0.0408636 0.0222162 0.119767 0.5293 0.0329356 0.083449
9.9991E-05 0.0120529 0.0262426 0.0972824 0.178108 0.477731 0.0619626 0.146521
0.00439006 9.9991E-05 0.106084 0.131969 0.0719124 0.360828 0.258135 0.0665819
0.0211146 0.0842097 0.0854968 0.0813262 0.121251 0.39684 0.153406 0.0563554
9.9991E-05 0.117532 0.0679249 0.136476 0.0691516 0.290574 0.271982 0.0462594
0.116836 0.0728822 0.122687 0.135617 9.9982E-05 0.394173 0.157604 9.9982E-05
0.121211 0.109985 0.0941195 0.121697 9.9982E-05 0.419474 0.133313 9.9982E-05
0.0183242 0.0498836 0.0456519 0.212741 9.9982E-05 0.454646 0.218554 9.9982E-05
0.0619967 0.162505 0.0147498 0.560499 9.9982E-05 9.9982E-05 0.180192 0.0198573
0.00198899 0.12057 9.9991E-05 0.0184963 0.0329112 0.572045 0.218011 0.0358775
9.9964E-05 0.308826 0.115642 0.42649 9.9964E-05 9.9964E-05 0.148643 9.9964E-05
9.9982E-05 0.0376353 9.9982E-05 0.123703 0.0406118 0.522067 0.198026 0.0777573
9.9955E-05 9.9955E-05 9.9955E-05 0.575485 9.9955E-05 0.129324 9.9955E-05 0.294691
9.9955E-05 9.9955E-05 9.9955E-05 0.577614 0.112841 9.9955E-05 9.9955E-05 0.309046
9.9964E-05 9.9964E-05 9.9964E-05 0.30658 0.108132 0.482612 9.9964E-05 0.102277
9.9973E-05 0.0315579 0.00350467 0.178926 9.9973E-05 0.670505 9.9973E-05 0.115207
9.9964E-05 9.9964E-05 9.9964E-05 0.299285 0.106133 0.395979 9.9964E-05 0.198204
0.0487384 9.9982E-05 0.0181788 0.118311 0.019189 0.569918 9.9982E-05 0.225465
9.9973E-05 0.0444773 9.9973E-05 0.124981 0.0783028 0.512683 9.9973E-05 0.239255
0.0140172 0.0647175 0.743544 0.0139235 9.9991E-05 0.0155777 0.073902 0.0742184
0.102845 0.0964376 0.594346 0.0412959 0.0133199 9.9991E-05 0.0925839 0.059072
0.0297874 0.0303398 0.876969 9.9973E-05 0.00834641 9.9973E-05 0.0542573 9.9973E-05
9.9955E-05 9.9955E-05 0.92973 0.00189062 9.9955E-05 0.0678792 9.9955E-05 9.9955E-05
0.0320899 9.9982E-05 0.0514194 9.9982E-05 0.0185272 0.45308 0.0553443 0.38934
0.0182616 9.9982E-05 0.065999 9.9982E-05 0.0757299 0.340923 0.106498 0.392389
9.9973E-05 0.0784875 0.0105222 9.9973E-05 0.0106552 0.38719 9.9973E-05 0.512846
0.0686379 9.9982E-05 0.0837519 9.9982E-05 0.0240476 0.47405 0.0496383 0.299675
0.128804 9.9973E-05 0.122101 9.9973E-05 9.9973E-05 0.488239 0.030351 0.230205
0.12374 0.00373943 0.0029325 0.0863545 0.0371731 0.152671 0.0320097 0.561379
0.0301468 0.00275619 9.9973E-05 9.9973E-05 9.9973E-05 0.537117 0.0388399 0.39084
9.9955E-05 9.9955E-05 9.9955E-05 0.174216 9.9955E-05 0.29244 9.9955E-05 0.532844
9.9964E-05 9.9964E-05 0.271639 9.9964E-05 0.123698 0.514646 0.089617 9.9964E-05
0.0249835 9.9982E-05 0.00690941 0.112433 9.9982E-05 0.437111 0.0324517 0.385912
0.0677948 0.01217 0.00331655 9.9982E-05 0.0509146 0.316156 9.9982E-05 0.549448
9.9964E-05 9.9964E-05 0.000943889 9.9964E-05 0.0454801 0.540908 9.9964E-05 0.412268
0.0431668 9.9991E-05 0.00796306 0.0547952 0.009129 0.360935 0.046741 0.47717
0.0141262 9.9964E-05 0.0160426 9.9964E-05 9.9964E-05 0.558539 9.9964E-05 0.410893
0.0412531 0.050791 0.058062 9.9973E-05 9.9973E-05 0.570757 9.9973E-05 0.278837
9.9955E-05 9.9955E-05 9.9955E-05 0.0852842 9.9955E-05 0.029655 9.9955E-05 0.884561
0.0295245 9.9982E-05 9.9982E-05 0.138276 0.0503946 0.146405 0.060404 0.574797
9.9973E-05 0.0481147 0.0306535 0.0473303 9.9973E-05 0.233242 9.9973E-05 0.640359
9.9946E-05 9.9946E-05 9.9946E-05 0.263276 9.9946E-05 9.9946E-05 9.9946E-05 0.736124
0.105372 0.0131747 9.9973E-05 9.9973E-05 0.0156458 0.425579 9.9973E-05 0.439929
0.0336075 9.9964E-05 9.9964E-05 0.314354 9.9964E-05 0.0751185 9.9964E-05 0.57652
0.0231464 9.9964E-05 0.00697312 0.333419 9.9964E-05 9.9964E-05 9.9964E-05 0.636061
0.0422991 9.9973E-05 0.0549568 9.9973E-05 9.9973E-05 0.557236 0.0450135 0.300195
0.00439418 0.0627268 0.00821005 0.0218022 0.129385 0.148502 9.9991E-05 0.62488
0.0697306 9.9973E-05 9.9973E-05 9.9973E-05 0.135109 0.3466 0.0417159 0.406544
0.0188487 0.0347195 0.0647741 9.9982E-05 9.9982E-05 0.496668 0.112045 0.272745
0.0321053 9.9964E-05 9.9964E-05 9.9964E-05 0.18644 0.463422 9.9964E-05 0.317633
9.9964E-05 9.9964E-05 9.9964E-05 0.203032 0.462828 0.309855 0.023886 9.9964E-05
0.0384563 0.0232163 9.9973E-05 9.9973E-05 9.9973E-05 0.47595 0.0555447 0.406533
0.00595608 0.0202789 0.042243 0.0179831 0.157372 0.382562 0.0588896 0.314714
9.9955E-05 9.9955E-05 9.9955E-05 0.00955793 9.9955E-05 0.289016 9.9955E-05 0.700926
0.0438336 0.00547054 0.0510108 0.0969562 9.9991E-05 0.482546 0.0905298 0.229553
0.202416 0.0277708 0.588439 0.109491 0.0715831 9.99778E-05 9.99778E-05 9.99778E-05
0.0649739 9.9982E-05 0.742887 0.039754 0.0550456 9.9982E-05 0.000440053 0.0966992
0.0962972 9.9964E-05 0.812541 0.0638279 0.0269342 9.9964E-05 9.9964E-05 9.9964E-05
0.140464 9.9955E-05 0.785051 0.0739852 9.9955E-05 9.9955E-05 9.9955E-05 9.9955E-05
0.252451 0.0203911 0.666493 9.9964E-05 0.060265 9.9964E-05 9.9964E-05 9.9964E-05
0.0257987 0.038972 0.0327489 9.9991E-05 0.201076 0.0111292 0.0261188 0.664056
0.0699663 9.9982E-05 0.0884037 0.012714 0.0642291 0.116726 9.9982E-05 0.647761
9.9964E-05 9.9964E-05 9.9964E-05 0.0947861 9.9964E-05 0.101647 0.00224406 0.800923
0.0402724 0.0634264 0.0968323 0.0360045 9.9991E-05 0.422749 0.10186 0.238756
0.0541617 9.9982E-05 0.141785 0.0323849 9.9982E-05 0.587218 0.0577693 0.126481
0.0957637 9.9982E-05 0.0136711 0.059456 9.9982E-05 0.215154 0.0498973 0.565858
0.0649447 9.9973E-05 9.9973E-05 9.9973E-05 0.00874824 0.495265 0.0775491 0.353193
9.9982E-05 0.0359874 0.0306113 0.113293 9.9982E-05 0.3336 0.0381413 0.448168
0.0102928 0.0471398 9.9982E-05 0.0260097 0.0185542 0.563755 9.9982E-05 0.334048
9.9973E-05 9.9973E-05 0.0733836 9.9973E-05 0.0685291 0.505331 0.0415904 0.310866
0.126164 0.000916895 9.9991E-05 0.0155094 0.050015 0.169776 0.041822 0.595697
0.00871328 9.9964E-05 9.9964E-05 9.9964E-05 0.120741 0.271264 9.9964E-05 0.598882
0.0511559 9.9973E-05 9.9973E-05 9.9973E-05 0.0872744 0.287353 0.00395248 0.569965
0.0475137 0.196259 0.00510012 0.0516478 0.0163755 0.659837 9.9991E-05 0.0231665
9.9973E-05 0.00469679 0.0139607 9.9973E-05 0.063379 0.391339 9.9973E-05 0.526324
0.0285969 0.0616723 0.010864 9.9991E-05 0.050803 0.332355 0.0528932 0.462715
0.0311326 0.0725842 0.0149977 0.0865251 0.0420943 0.388279 0.364287 9.9991E-05
0.00718477 0.00423112 0.133697 0.0242818 0.0122673 0.357578 0.448517 0.0122429
0.0187277 9.9973E-05 0.12597 0.00717582 9.9973E-05 0.351723 0.496104 9.9973E-05
9.9973E-05 0.0923715 0.0466861 0.0832885 9.9973E-05 0.287448 0.489906 9.9973E-05
0.00480936 0.151318 9.9982E-05 0.0840124 0.0455036 0.45172 0.262437 9.9982E-05
9.9973E-05 0.0684596 9.9973E-05 0.158359 0.00100051 0.492408 9.9973E-05 0.279473
9.9964E-05 0.137963 0.128314 0.0426149 9.9964E-05 9.9964E-05 0.690709 9.9964E-05
9.9964E-05 9.9964E-05 0.233826 9.9964E-05 9.9964E-05 0.193292 0.517418 0.055064
0.00436016 0.0945466 0.117333 0.210532 9.9991E-05 0.367056 0.136015 0.0700576
0.0180724 0.024118 0.134544 0.147649 0.0379615 0.637455 9.9982E-05 9.9982E-05
0.00516075 0.246605 9.9991E-05 0.231278 0.0607812 0.428823 0.00291272 0.0243399
0.0404772 0.0678815 0.0424534 0.151386 9.9973E-05 0.697502 9.9973E-05 9.9973E-05
0.0455089 9.9991E-05 0.137659 0.0456931 0.0126975 0.595095 0.0429581 0.120288
9.9964E-05 0.147421 0.104603 9.9964E-05 9.9964E-05 0.34453 0.403047 9.9964E-05
9.9973E-05 0.138728 0.071559 9.9973E-05 0.106769 0.386443 0.296201 9.9973E-05
9.9964E-05 0.109903 0.0448415 9.9964E-05 9.9964E-05 0.404423 0.440433 9.9964E-05
0.112887 0.0130693 0.0916162 9.9973E-05 9.9973E-05 0.483917 0.298211 9.9973E-05
9.9973E-05 9.9973E-05 0.112606 0.0636087 0.0356233 0.240502 0.547359 9.9973E-05
0.0561546 0.0114334 0.0199031 0.0356315 0.0114585 0.291556 0.421409 0.152454
9.99689E-05 9.99689E-05 0.120355 0.0653603 9.99689E-05 0.218015 0.59587 9.99689E-05
0.0848545 0.0392317 0.044243 9.9982E-05 0.0846911 0.320087 0.426693 9.9982E-05
9.9955E-05 0.159314 9.9955E-05 0.29932 9.9955E-05 0.540866 9.9955E-05 9.9955E-05
0.107452 0.155278 0.0407261 9.9973E-05 9.9973E-05 0.39995 0.296294 9.9973E-05
9.9964E-05 0.153109 0.0412893 9.9964E-05 9.9964E-05 0.116304 0.688897 9.9964E-05
0.0768801 9.9982E-05 0.0436438 9.9982E-05 0.231513 0.209589 0.421657 0.0165178
0.106274 0.268704 9.9982E-05 0.181721 0.22779 0.192483 9.9982E-05 0.0228284
9.9982E-05 0.0157797 9.9982E-05 0.19443 0.130609 0.474386 0.15372 0.0308746
0.0826877 0.147298 0.0538144 0.0159944 0.0309963 0.357102 0.268794 0.0433129
0.0370009 0.1328 0.0158867 0.0453581 0.14212 0.626634 9.9982E-05 9.9982E-05
0.00717606 0.177385 0.0687704 0.145945 0.0826557 0.457126 9.9991E-05 0.0608414
0.0867254 0.0330172 0.124962 0.0157526 9.9991E-05 0.391356 0.225821 0.122266
9.9982E-05 0.0860369 0.145824 0.0754026 0.0873167 0.341696 0.263524 9.9982E-05
9.9991E-05 0.0135431 0.139521 0.11171 0.0547699 0.500569 0.110516 0.0692721
0.00307896 0.115636 0.0716678 9.9982E-05 9.9982E-05 0.320368 0.37969 0.109359
9.9982E-05 0.0552137 0.0764108 9.9982E-05 0.00350037 0.377584 0.470483 0.0166087
9.9982E-05 0.083493 0.132339 0.0074523 0.0555262 0.10984 0.611149 9.9982E-05
0.018982 0.0389717 0.040257 0.174541 9.9991E-05 0.615732 0.0738757 0.0375402
9.9982E-05 0.123581 0.0556088 0.12317 0.157715 0.459142 9.9982E-05 0.0805831
0.0521546 9.9973E-05 0.0982093 0.586218 9.9973E-05 0.215071 0.0480467 9.9973E-05
9.9973E-05 0.140709 9.9973E-05 0.0247147 0.228753 0.550423 9.9973E-05 0.0551015
0.0970026 0.0358216 0.0667747 0.17074 0.263274 0.312369 0.0539184 9.9991E-05
9.9982E-05 9.9982E-05 0.199931 0.113892 0.0289014 0.431215 0.180289 0.0455715
0.101945 0.0248107 0.108021 0.0862915 9.9991E-05 0.412231 0.112074 0.154526
9.9955E-05 9.9955E-05 0.291519 0.507374 9.9955E-05 9.9955E-05 0.200608 9.9955E-05
