9.9991E-05 0.9225 0.0773999
0.00840126 0.964203 0.027396
0.0140175 0.834166 0.151816
9.999E-05 0.816606 0.183294
9.9991E-05 0.86072 0.13918
0.208248 0.666193 0.125559
0.0522436 0.874169 0.0735872
0.132122 0.817332 0.0505456
0.0708909 0.929009 9.9991E-05
0.0571151 0.749996 0.192888
0.169205 0.813483 0.0173121
0.761191 0.0686075 0.170201
0.628332 9.9991E-05 0.371568
0.693862 0.139467 0.166671
0.590868 0.112364 0.296768
0.516696 0.15107 0.332234
0.511921 0.052376 0.435703
0.650885 0.0637633 0.285352
0.592275 0.163496 0.244229
0.770256 0.229644 9.9991E-05
0.64672 9.9991E-05 0.35318
0.66557 0.0619279 0.272502
0.647266 0.0276679 0.325066
0.686428 0.098577 0.214995
0.483247 9.9991E-05 0.516653
0.577051 0.00568208 0.417267
0.686271 0.145792 0.167937
0.610892 0.158293 0.230815
0.808654 0.0991556 0.0921903
9.9991E-05 0.807335 0.192565
9.9991E-05 0.821266 0.178634
0.0293684 0.779878 0.190754
0.0768752 0.682424 0.2407
0.630882 0.00011568 0.369003
0.644432 0.00271464 0.352853
0.615289 9.9991E-05 0.384611
0.740606 0.244032 0.0153621
0.783654 9.9991E-05 0.216246
0.650074 0.0384354 0.311491
0.513596 9.9991E-05 0.486304
0.564524 0.0699094 0.365567
0.492742 0.0484454 0.458812
0.90711 0.0437133 0.0491768
0.50871 0.0874006 0.403889
0.566202 9.9991E-05 0.433698
0.442255 0.0761029 0.481642
0.80548 9.9991E-05 0.19442
0.549511 9.9991E-05 0.450389
0.520463 0.0371791 0.442358
0.828989 0.170911 9.9991E-05
0.883718 0.0645331 0.0517489
0.799411 0.181413 0.0191764
0.535172 0.0114783 0.45335
0.474042 0.0468013 0.479157
0.528894 0.0576587 0.413447
0.763598 0.157151 0.0792506
0.678607 9.9991E-05 0.321293
0.520365 9.9991E-05 0.479535
0.613305 0.187844 0.198851
0.626176 0.34779 0.0260348
0.55107 9.9991E-05 0.44883
0.641569 0.0719126 0.286518
0.854543 0.145357 9.9991E-05
0.641535 9.9991E-05 0.358365
0.598105 9.9991E-05 0.401795
0.53918 0.0750473 0.385772
0.709995 0.105501 0.184504
0.645289 9.9991E-05 0.354611
0.614961 0.0603583 0.324681
0.837764 0.14718 0.0150552
0.657218 9.9991E-05 0.342682
0.876077 0.0131323 0.110791
0.552246 0.0548997 0.392854
0.931621 0.0682794 9.9991E-05
0.966817 0.0330834 9.9991E-05
0.817441 9.9991E-05 0.182459
0.748409 9.9991E-05 0.251491
0.509919 0.0778944 0.412187
0.701899 9.9991E-05 0.298001
0.811215 0.0809367 0.107848
0.838624 0.0413185 0.120057
0.584823 0.0328406 0.382336
0.808509 0.0161589 0.175333
0.791755 9.9991E-05 0.208145
0.764131 9.9991E-05 0.235769
0.926697 0.0732035 9.9991E-05
0.558278 9.9991E-05 0.441622
9.9991E-05 0.812309 0.187591
9.9991E-05 0.889386 0.110514
9.9991E-05 0.826184 0.173716
9.9991E-05 0.913956 0.0859443
0.000380192 0.863572 0.136048
9.9991E-05 0.872298 0.127602
9.9991E-05 0.896552 0.103348
0.55853 0.071555 0.369915
0.489575 0.0451562 0.465269
0.938911 0.060989 9.9991E-05
0.617242 0.0214115 0.361346
0.719366 9.9991E-05 0.280534
0.625949 9.9991E-05 0.373951
0.716556 9.9991E-05 0.283344
0.653802 9.9991E-05 0.346098
0.875517 0.124383 9.9991E-05
0.48054 0.163228 0.356232
0.575612 9.9991E-05 0.424288
0.4499 0.0708944 0.479206
0.80586 9.9991E-05 0.19404
0.697442 9.9991E-05 0.302458
0.736312 9.9991E-05 0.263588
0.763914 9.9991E-05 0.235986
0.696587 0.0888272 0.214586
0.553968 0.0493384 0.396693
0.749646 0.141971 0.108383
0.531655 0.126205 0.34214
0.515773 0.108594 0.375633
0.522118 0.0184764 0.459405
0.642766 0.0626746 0.294559
0.638912 9.9991E-05 0.360988
0.627466 0.0701289 0.302405
0.642372 0.0327233 0.324905
0.556929 0.0771611 0.36591
0.629457 0.026922 0.343621
0.674948 9.9991E-05 0.324952
0.522687 0.0265108 0.450802
0.501317 0.104803 0.39388
0.574455 9.9991E-05 0.425445
0.536819 0.00841899 0.454762
0.574632 0.0313094 0.394059
0.646721 0.154849 0.19843
0.605407 9.9991E-05 0.394493
0.558784 9.9991E-05 0.441116
0.709808 0.10474 0.185452
0.717719 0.162937 0.119344
0.58333 0.0778424 0.338827
0.891317 0.0587322 0.0499503
0.746037 0.120492 0.133471
0.77371 0.0156586 0.210632
0.782117 0.0920176 0.125865
0.830589 0.0644248 0.104986
0.553504 0.0690246 0.377471
0.456204 0.0843905 0.459406
0.5575 0.0313576 0.411143
0.747871 0.169366 0.0827628
0.592128 0.112859 0.295013
0.627694 0.0511305 0.321176
0.721481 0.278419 9.9991E-05
0.498563 0.0746161 0.426821
0.611718 0.147154 0.241128
0.492974 0.118623 0.388403
0.623787 0.2134 0.162813
0.765353 0.167947 0.0666993
0.691731 0.0813262 0.226943
0.612941 0.0114956 0.375563
0.549647 0.0824991 0.367854
0.648541 0.230859 0.120601
0.55171 0.0412657 0.407024
0.804212 9.9991E-05 0.195688
0.709286 0.0353099 0.255404
0.48899 0.0837511 0.427259
0.203925 0.400626 0.395449
0.0951004 0.784736 0.120164
0.158297 0.683044 0.158658
0.050683 0.534803 0.414514
0.593424 9.9991E-05 0.406476
0.563301 0.036739 0.39996
0.0843423 0.0267598 0.888898
0.234745 0.0658129 0.699442
0.274104 0.163149 0.562748
0.769579 0.0412443 0.189176
0.61014 0.00513784 0.384722
0.809836 0.0781212 0.112043
0.642399 9.9991E-05 0.357501
0.633571 0.0400938 0.326336
0.607899 9.9991E-05 0.392001
0.842609 0.0464526 0.110939
0.56512 9.9991E-05 0.43478
0.477524 0.0567776 0.465699
9.9991E-05 0.0605444 0.939356
9.9991E-05 0.0564992 0.943401
0.122383 0.0823891 0.795228
0.0656502 0.050344 0.884006
9.9991E-05 0.134171 0.865729
9.9991E-05 0.0531996 0.9467
9.9991E-05 0.103574 0.896326
9.999E-05 9.999E-05 0.9998
9.9991E-05 0.0346057 0.965294
9.9991E-05 0.0508798 0.94902
9.9991E-05 0.0769024 0.922998
9.9991E-05 0.094716 0.905184
9.9991E-05 0.170327 0.829573
9.9991E-05 0.0559582 0.943942
0.284847 0.0443493 0.670804
0.127155 0.132559 0.740286
9.9991E-05 0.152284 0.847616
9.9991E-05 0.108092 0.891808
9.9991E-05 0.0546495 0.94525
9.9991E-05 0.126063 0.873837
9.9991E-05 0.0853106 0.914589
0.140015 0.113367 0.746618
9.9991E-05 0.113016 0.886884
0.408023 0.533797 0.0581805
0.468006 0.172714 0.35928
0.456606 0.22616 0.317234
0.441872 0.326929 0.231198
0.491426 0.168571 0.340003
0.405263 0.350074 0.244663
0.396989 0.195906 0.407105
0.423649 0.178845 0.397506
0.419938 0.173005 0.407056
0.333164 0.222742 0.444093
0.422561 0.190413 0.387025
0.0636989 0.884434 0.0518671
9.9991E-05 0.92061 0.0792898
0.0139053 0.980319 0.00577547
9.9991E-05 0.936535 0.0633649
9.9991E-05 0.865234 0.134666
9.9991E-05 0.872257 0.127643
9.9991E-05 0.87085 0.12905
9.9991E-05 0.942161 0.057739
9.9991E-05 0.894056 0.105844
9.9991E-05 0.866287 0.133613
0.26339 0.73651 9.9991E-05
0.307725 0.692175 9.9991E-05
0.320515 0.679385 9.9991E-05
0.398127 0.601773 9.9991E-05
0.614542 0.0748695 0.310589
0.639027 9.9991E-05 0.360873
0.630358 9.9991E-05 0.369542
0.742174 0.0626573 0.195169
0.882239 0.117661 9.9991E-05
0.576478 0.00583421 0.417688
0.632562 9.9991E-05 0.367339
0.725074 9.9991E-05 0.274826
0.726173 9.9991E-05 0.273727
0.592078 9.9991E-05 0.407822
0.769482 9.9991E-05 0.230418
0.958384 0.0415165 9.9991E-05
0.669766 0.00801642 0.322217
0.806777 0.0285572 0.164666
0.728711 0.00812339 0.263165
0.924263 0.0662407 0.0094963
0.687943 0.311957 9.9991E-05
0.671546 0.328355 9.9991E-05
0.729282 0.270618 9.9991E-05
0.696195 0.303705 9.9991E-05
0.787987 0.211913 9.9991E-05
0.703032 0.261368 0.0356002
9.9991E-05 0.84072 0.15918
9.9991E-05 0.830781 0.169119
9.9991E-05 0.75032 0.24958
0.0157071 0.807707 0.176586
9.9991E-05 0.810959 0.188941
0.434662 0.565238 9.9991E-05
0.388056 0.611844 9.9991E-05
0.408968 0.590932 9.9991E-05
9.9991E-05 0.816512 0.183388
0.464279 0.535621 9.9991E-05
0.206544 0.251538 0.541918
0.333097 0.0640139 0.60289
0.150045 0.158796 0.691159
0.262108 0.257061 0.48083
0.319403 0.18395 0.496648
0.0354892 0.586898 0.377613
0.735238 0.0341352 0.230627
0.735088 0.101486 0.163425
0.718286 0.198757 0.0829573
0.73082 0.0125978 0.256583
0.89517 0.10473 9.9991E-05
0.528357 0.080784 0.390859
0.68106 0.00443357 0.314507
0.772598 0.105135 0.122267
0.499848 0.0767026 0.42345
0.841361 0.0942361 0.0644028
0.691936 0.0071067 0.300957
0.681492 9.9991E-05 0.318408
0.413002 0.137766 0.449232
0.785418 9.9991E-05 0.214482
0.661026 0.0179037 0.321071
0.637365 0.0138017 0.348833
0.710842 0.0253848 0.263774
0.574111 0.00422273 0.421666
0.480954 0.106897 0.41215
0.515507 0.0386144 0.445879
9.9991E-05 0.764424 0.235476
9.9991E-05 0.828994 0.170906
0.100748 0.812361 0.0868917
0.033837 0.849551 0.116612
9.9991E-05 0.824893 0.175007
0.780994 0.138079 0.0809274
0.605603 9.9991E-05 0.394297
0.39493 0.14183 0.46324
0.55691 9.9991E-05 0.44299
0.586192 0.0636837 0.350124
0.731527 0.10142 0.167053
0.703663 0.296237 9.9991E-05
0.632705 0.00564672 0.361648
0.742164 0.187701 0.0701349
0.576259 0.0793571 0.344384
0.752931 0.238972 0.00809791
0.588645 0.0401075 0.371248
0.726158 0.194448 0.0793945
0.677909 0.105701 0.21639
0.618009 0.0835454 0.298445
0.778172 0.106217 0.115611
0.594573 9.9991E-05 0.405327
0.501735 0.0736309 0.424634
0.801922 0.0363294 0.161748
0.588234 0.0658407 0.345925
0.666225 0.0291536 0.304621
0.946269 0.0525962 0.0011349
0.842695 0.0491987 0.108106
0.662608 0.0741825 0.263209
0.883693 0.116207 9.9991E-05
0.734387 9.9991E-05 0.265513
0.788171 0.194706 0.0171231
0.85832 9.9991E-05 0.14158
0.67697 0.0926146 0.230416
0.547046 0.024335 0.428619
0.864402 0.0579698 0.0776278
0.494623 0.10171 0.403667
0.476968 0.0698697 0.453162
0.634365 9.9991E-05 0.365535
0.639502 0.0187584 0.34174
0.671772 0.042694 0.285534
0.761833 0.0733705 0.164797
0.698368 0.0755871 0.226045
0.574127 9.9991E-05 0.425773
0.591952 9.9991E-05 0.407948
0.682377 0.105166 0.212457
0.600322 9.9991E-05 0.399578
0.645314 0.161158 0.193528
0.619547 9.9991E-05 0.380353
0.634151 0.0459361 0.319913
0.474215 0.120076 0.405709
0.215141 0.33907 0.44579
0.346501 0.0923301 0.561169
0.44923 0.0371163 0.513654
0.45271 0.0555345 0.491756
0.315336 0.176707 0.507957
0.738782 9.9991E-05 0.261118
0.369461 0.092114 0.538425
0.452246 0.38835 0.159405
0.352359 0.16561 0.482031
0.400101 0.0814639 0.518435
0.42401 0.0209283 0.555062
0.409822 0.24248 0.347698
0.300608 0.141516 0.557876
0.293858 0.125294 0.580848
0.118209 0.694137 0.187654
0.240449 0.195089 0.564462
0.306286 0.132364 0.561351
0.41009 0.0499063 0.540003
0.235397 0.177955 0.586648
0.32852 0.188373 0.483106
0.672552 0.0372753 0.290173
0.603436 0.00670977 0.389855
0.957324 0.0425763 9.9991E-05
0.923154 0.0767457 9.9991E-05
0.593566 0.0223982 0.384035
0.257288 0.182709 0.560003
0.311749 0.09305 0.595201
0.32181 0.286839 0.391351
0.295137 0.205268 0.499594
0.659884 0.196095 0.144021
0.597846 0.209959 0.192195
0.595807 9.9991E-05 0.404093
0.522383 0.0436017 0.434016
0.609372 0.132461 0.258167
0.528915 0.068455 0.40263
0.58916 0.0019639 0.408876
0.556496 0.0165032 0.427001
0.828994 9.9991E-05 0.170906
0.751868 0.0524356 0.195696
0.595427 0.0535496 0.351023
0.593964 0.0999201 0.306116
0.56072 0.0871163 0.352163
0.711703 9.9991E-05 0.288197
0.86769 0.0459713 0.0863389
0.593971 9.9991E-05 0.405929
0.502596 0.126435 0.370969
0.867194 0.0243299 0.108476
0.701166 9.9991E-05 0.298734
0.603641 0.0616584 0.334701
0.567441 0.0819362 0.350623
0.323449 0.187231 0.48932
0.490187 0.176766 0.333047
0.329084 0.15934 0.511576
0.360487 0.190236 0.449277
0.34427 0.222585 0.433145
0.370312 0.0760332 0.553654
0.528703 0.328347 0.142949
0.366969 0.0143585 0.618673
0.285633 0.57675 0.137617
0.382803 0.0288127 0.588384
0.900429 0.0413815 0.0581894
0.908079 0.0918206 9.9991E-05
0.707512 9.9991E-05 0.292388
0.573948 9.9991E-05 0.425952
0.785874 9.9991E-05 0.214026
0.599688 9.9991E-05 0.400212
0.645377 9.9991E-05 0.354523
0.00312726 0.853911 0.142962
0.0702388 0.787222 0.142539
9.9991E-05 0.892808 0.107092
9.9991E-05 0.929849 0.0700508
0.666886 9.9991E-05 0.333014
0.601721 0.0422413 0.356037
0.764454 0.00240235 0.233144
0.586535 0.0162606 0.397205
0.555543 0.0292618 0.415195
0.821195 0.076711 0.102094
0.573243 9.9991E-05 0.426657
0.794389 9.9991E-05 0.205511
0.312575 0.242894 0.444531
0.661826 9.9991E-05 0.338074
0.801009 0.0188413 0.18015
0.670996 9.9991E-05 0.328904
0.750956 9.9991E-05 0.248944
0.664059 9.9991E-05 0.335841
0.613068 9.9991E-05 0.386832
0.959692 9.9991E-05 0.0402082
0.801803 0.056351 0.141846
0.791794 9.9991E-05 0.208106
0.983566 0.0163341 9.9991E-05
0.751098 9.9991E-05 0.248802
0.917389 9.9991E-05 0.082511
0.907259 0.0926412 9.9991E-05
0.599839 9.9991E-05 0.400061
0.813285 0.0565836 0.130131
0.711437 0.000314797 0.288248
0.479343 0.0622554 0.458402
0.669777 9.9991E-05 0.330124
0.737841 0.00896232 0.253196
0.712975 9.9991E-05 0.286925
0.689945 0.00150324 0.308552
0.851733 9.9991E-05 0.148167
0.625067 0.0340536 0.34088
0.244107 0.755793 9.9991E-05
0.143537 0.794836 0.0616264
0.103887 0.896013 9.9991E-05
0.110713 0.889187 9.9991E-05
0.1576 0.809117 0.0332831
0.852462 0.0677844 0.0797538
0.904975 0.0765067 0.0185187
0.901876 9.9991E-05 0.0980235
0.51366 0.13549 0.35085
0.509841 0.12129 0.36887
0.713173 0.0649898 0.221837
0.551732 9.9991E-05 0.448168
0.710285 0.019305 0.27041
0.629791 9.9991E-05 0.370109
0.567741 9.9991E-05 0.432159
0.849496 0.0231072 0.127397
0.800843 9.9991E-05 0.199057
0.809248 9.9991E-05 0.190653
0.517676 0.0945483 0.387776
0.768854 9.9991E-05 0.231046
0.67082 9.9991E-05 0.32908
0.207989 0.0791642 0.712847
0.198009 0.121456 0.680535
0.144587 0.104698 0.750715
0.0992362 0.163734 0.737029
0.187005 0.147195 0.6658
0.621393 0.0249088 0.353698
9.9991E-05 0.347656 0.652244
0.0937197 0.192285 0.713995
0.438099 0.113733 0.448168
0.472967 0.162146 0.364887
0.577799 0.147843 0.274357
0.46815 0.0685708 0.463279
0.520811 0.0830882 0.3961
0.10597 0.171084 0.722945
0.210304 0.17491 0.614786
0.131331 0.0606431 0.808026
0.372691 0.100275 0.527034
0.0881508 0.177432 0.734417
0.256507 0.155789 0.587703
0.114887 0.157705 0.727407
0.220752 0.0926575 0.68659
0.605764 0.00944068 0.384796
0.215221 0.186043 0.598736
9.9991E-05 0.262379 0.737521
0.278665 0.122825 0.59851
0.677127 0.269404 0.0534691
0.564022 9.9991E-05 0.435878
0.280797 0.121858 0.597345
0.555725 0.0201974 0.424077
0.537049 0.158839 0.304111
0.320651 0.230795 0.448555
0.215141 0.272071 0.512788
0.486447 0.0875765 0.425976
0.241035 0.121049 0.637916
0.155563 0.0613727 0.783064
9.9991E-05 0.299867 0.700033
0.503834 0.0699515 0.426214
0.654597 0.0894023 0.256001
0.640921 0.23593 0.123148
0.409281 0.10524 0.485479
0.568798 0.156749 0.274454
0.349737 0.127034 0.523229
0.560143 0.107445 0.332412
0.305278 0.482471 0.212251
0.334108 0.516141 0.149751
0.489894 0.19424 0.315867
0.297057 0.493636 0.209307
0.0932841 0.595785 0.310931
0.440543 0.180502 0.378955
0.368837 0.232294 0.398868
0.374047 0.320025 0.305928
0.339992 0.400318 0.25969
0.432751 0.175643 0.391606
0.442073 0.315702 0.242225
0.266056 0.628105 0.105839
0.414289 0.126039 0.459672
0.325266 0.166098 0.508635
0.236442 0.303385 0.460173
0.164489 0.110363 0.725148
0.454185 0.126498 0.419317
0.370582 0.100847 0.528571
0.275522 0.0716512 0.652826
0.177556 0.386987 0.435457
0.280614 0.198218 0.521168
0.234117 0.225772 0.540111
0.231398 0.272887 0.495715
0.468116 0.230501 0.301382
0.43657 0.128915 0.434515
0.379159 0.130432 0.490409
0.528745 0.0196793 0.451575
0.147474 0.302364 0.550162
0.314196 0.159255 0.526549
0.231404 0.430944 0.337652
0.326572 0.132971 0.540457
0.156829 0.339667 0.503504
0.131282 0.849481 0.019237
0.740626 0.259274 9.9991E-05
0.735514 0.264386 9.9991E-05
0.705492 0.294408 9.9991E-05
0.75539 0.24451 9.9991E-05
0.744719 0.255181 9.9991E-05
0.787397 0.212503 9.9991E-05
0.707803 0.292097 9.9991E-05
0.58844 0.41146 9.9991E-05
9.9991E-05 0.919241 0.0806592
0.0595893 0.847603 0.0928079
9.9991E-05 0.895824 0.104076
0.0794566 0.862678 0.057865
9.9991E-05 0.900926 0.0989739
0.0290221 0.931685 0.0392925
0.0264292 0.791731 0.18184
9.9991E-05 0.877653 0.122247
0.134257 0.736667 0.129076
9.9991E-05 0.872034 0.127866
0.0244024 0.975498 9.9991E-05
0.0219747 0.842617 0.135408
9.9991E-05 0.92815 0.0717496
9.9991E-05 0.894753 0.105147
0.00346246 0.869988 0.126549
9.9991E-05 0.795361 0.204539
9.9991E-05 0.756176 0.243724
9.9991E-05 0.774417 0.225483
9.9991E-05 0.770842 0.229058
0.525903 0.238062 0.236035
0.561041 9.9991E-05 0.438859
0.499908 0.0689491 0.431143
0.742027 0.214175 0.0437984
0.5545 0.119234 0.326266
0.609126 0.302938 0.0879362
0.556239 9.9991E-05 0.443661
0.693864 0.100878 0.205258
0.6424 0.0461612 0.311439
0.621246 0.00751239 0.371242
0.619719 0.122131 0.258149
0.56189 0.0322295 0.40588
0.580622 0.0657862 0.353591
0.876708 0.123192 9.9991E-05
0.781246 0.218654 9.9991E-05
0.726749 0.181563 0.0916881
0.451169 0.0442663 0.504564
0.536241 0.107694 0.356065
0.581881 0.0836419 0.334477
0.50554 0.0677929 0.426667
0.29631 0.190025 0.513665
0.381617 0.0836938 0.534689
0.265723 0.486793 0.247484
0.511944 0.0588899 0.429166
0.384326 0.191855 0.42382
0.243219 0.602836 0.153945
0.301976 0.291434 0.406591
0.219342 0.389176 0.391483
0.355445 0.26488 0.379675
0.368365 0.139908 0.491727
0.357234 0.141761 0.501005
0.361117 0.0754937 0.563389
0.414221 0.172624 0.413155
0.140608 0.439596 0.419796
