0.91694 0.066867 0.0161934
0.994728 9.9991E-05 0.00517181
0.895895 0.0381919 0.0659131
0.900483 0.0436524 0.0558649
0.995638 0.0042619 9.9991E-05
0.871764 0.0585695 0.0696666
0.765273 0.0204375 0.214289
0.886071 0.0208671 0.093062
0.238946 0.0495448 0.711509
9.999E-05 0.9998 9.999E-05
9.999E-05 0.9998 9.999E-05
0.0257268 9.9991E-05 0.974173
0.353434 0.0526211 0.593945
0.153151 0.119226 0.727623
9.999E-05 9.999E-05 0.9998
9.999E-05 9.999E-05 0.9998
0.0293475 9.9991E-05 0.970553
0.906481 0.0480867 0.0454325
0.942501 0.057399 9.9991E-05
0.914104 0.0857963 9.9991E-05
0.967506 0.032394 9.9991E-05
0.940878 0.0467325 0.0123896
0.932919 0.0669809 9.9991E-05
0.9998 9.999E-05 9.999E-05
9.9991E-05 0.0669722 0.932928
0.179688 0.0492053 0.771107
0.143082 0.0513686 0.805549
0.133007 0.0994679 0.767525
0.731209 9.99947E-05 0.268691
0.555714 0.0579313 0.386355
0.0840335 0.00118677 0.91478
0.424224 9.9991E-05 0.575676
0.916923 9.9991E-05 0.0829771
0.930996 0.0689038 9.9991E-05
0.987982 0.0119184 9.9991E-05
0.94899 0.0509099 9.9991E-05
0.946081 0.053819 9.9991E-05
0.940305 0.0595948 9.9991E-05
0.987717 0.0121827 9.9991E-05
0.960238 0.00320691 0.0365556
0.998993 9.9991E-05 0.000906701
0.977985 9.9991E-05 0.0219145
0.684927 0.03683 0.278243
0.67034 0.0513066 0.278354
0.644846 9.9991E-05 0.355054
0.601987 9.9991E-05 0.397913
9.999E-05 9.999E-05 0.9998
0.329166 9.9991E-05 0.670734
0.301859 9.9991E-05 0.698041
0.917753 0.0448362 0.0374108
0.869925 0.0606343 0.0694412
0.57877 0.0489771 0.372253
9.999E-05 0.9998 9.999E-05
0.694818 9.9991E-05 0.305082
9.999E-05 9.999E-05 0.9998
0.0480928 0.0448442 0.907063
0.94139 9.9991E-05 0.0585103
0.954751 9.9991E-05 0.0451489
0.905971 9.9991E-05 0.093929
0.881497 0.0301157 0.0883876
0.963599 0.0213622 0.0150388
0.2166 0.0604885 0.722911
9.9991E-05 0.00174717 0.998153
9.9991E-05 0.0532403 0.94666
0.0514025 0.0537534 0.894844
0.353168 9.9991E-05 0.646732
0.606046 0.0334478 0.360506
9.999E-05 9.999E-05 0.9998
0.0548221 9.9991E-05 0.945078
0.332817 0.00577248 0.66141
0.500575 9.9991E-05 0.499325
9.9991E-05 0.0157606 0.984139
9.9991E-05 0.00759499 0.992305
0.98329 0.01661 9.9991E-05
0.932965 0.0669351 9.9991E-05
9.999E-05 9.999E-05 0.9998
0.0671595 0.0115902 0.92125
9.999E-05 9.999E-05 0.9998
0.733022 0.0689505 0.198027
0.791709 0.0455333 0.162758
0.739098 0.144985 0.115917
0.832835 0.0862406 0.0809247
0.506602 0.00172028 0.491677
0.428368 0.0284629 0.543169
0.515955 0.0543027 0.429742
0.799339 0.0491621 0.151499
0.234604 0.100416 0.66498
0.953569 0.046331 9.9991E-05
0.827262 0.0613753 0.111363
0.957067 0.0428327 9.9991E-05
0.92549 0.0140374 0.0604731
0.959509 0.0312878 0.00920268
0.954252 0.0441818 0.00156665
0.981307 0.0185935 9.9991E-05
0.935364 0.0645362 9.9991E-05
0.937531 0.056348 0.00612112
0.9998 9.999E-05 9.999E-05
0.931403 0.0684973 9.9991E-05
0.941124 0.0587765 9.9991E-05
0.956156 0.0437439 9.9991E-05
0.96134 0.0144337 0.0242265
0.938869 0.0396158 0.0215154
0.933516 0.0275753 0.0389086
0.070435 0.0367126 0.892852
0.169233 0.0306492 0.800118
0.0910305 9.9991E-05 0.90887
0.135352 9.9991E-05 0.864548
0.525045 0.0343717 0.440584
