9.9991E-05 0.638026 0.0288725 0.236425 0.0589 0.0376769
0.0319666 0.785351 9.9973E-05 0.182382 9.9973E-05 9.9973E-05
9.9982E-05 0.501569 9.9982E-05 0.32824 0.118958 0.0510326
0.0390383 0.627636 9.9991E-05 0.204797 0.0768638 0.0515655
0.0696499 0.848524 9.9982E-05 0.078884 0.00274179 9.9982E-05
9.999E-05 0.766173 0.111651 0.00931353 0.0271372 0.0856259
0.0879302 0.542923 0.107094 0.175528 0.0523764 0.0341489
0.0108983 0.726477 9.99819E-05 0.0877075 0.174718 9.99819E-05
9.9973E-05 9.9973E-05 0.279587 9.9973E-05 0.702491 0.0176226
9.996E-05 9.996E-05 9.996E-05 9.996E-05 9.996E-05 0.9995
9.996E-05 9.996E-05 9.996E-05 9.996E-05 9.996E-05 0.9995
0.0786833 9.9982E-05 0.833628 0.00806994 0.0794188 9.9982E-05
0.0824516 0.142245 0.208668 0.0965254 0.47001 9.9991E-05
0.00106126 9.9982E-05 0.368127 9.9982E-05 0.587132 0.0434792
0.13194 9.9973E-05 0.670241 9.9973E-05 0.197519 9.9973E-05
0.157189 9.9973E-05 0.565538 9.9973E-05 0.276974 9.9973E-05
0.139568 0.00919806 0.793329 9.9982E-05 0.0577048 9.9982E-05
0.0163647 0.569554 9.9991E-05 0.293089 0.0867482 0.0341435
9.9973E-05 0.844413 9.9973E-05 0.102607 9.9973E-05 0.0526797
9.9982E-05 0.937791 0.0257066 0.00834415 9.9982E-05 0.0279579
9.9973E-05 0.943599 0.0296676 9.9973E-05 9.9973E-05 0.0264331
0.03701 0.835766 9.9982E-05 0.0772694 9.9982E-05 0.049755
0.0371517 0.933788 9.9973E-05 9.9973E-05 9.9973E-05 0.0287602
9.9964E-05 0.98489 9.9964E-05 9.9964E-05 9.9964E-05 0.0147098
0.309612 9.9973E-05 0.331698 9.9973E-05 0.35839 9.9973E-05
0.068724 0.0977775 0.495773 9.9991E-05 0.334983 0.0026422
0.19991 0.119529 0.476693 9.9991E-05 0.162133 0.0416349
0.120162 0.111009 0.671897 0.028154 9.9991E-05 0.0686778
9.9973E-05 0.600066 0.379834 0.0197993 9.9973E-05 9.9973E-05
9.9982E-05 0.356775 0.494128 0.115147 9.9982E-05 0.0337494
0.120818 0.010783 0.738546 0.0143046 0.103157 0.0123918
0.0217191 0.311768 0.525751 0.122858 9.9991E-05 0.0178031
0.02936 0.769036 0.0523359 0.0801016 0.069067 9.9991E-05
0.0220756 0.844395 9.9982E-05 0.0676642 9.9982E-05 0.0656656
9.9973E-05 0.954291 9.9973E-05 9.9973E-05 0.0132141 0.0321946
9.9973E-05 0.925994 9.9973E-05 9.9973E-05 0.0663633 0.00734298
9.9973E-05 0.869622 0.0426334 9.9973E-05 9.9973E-05 0.0874443
0.0194353 0.757478 9.9982E-05 0.173708 9.9982E-05 0.0491793
9.9982E-05 0.581094 0.00942912 0.396395 9.9982E-05 0.0128825
9.9991E-05 0.771376 0.0540424 0.0927517 0.0812656 0.000464447
0.00834298 0.85657 9.9982E-05 0.0949314 0.0399559 9.9982E-05
9.9991E-05 0.770069 0.00822647 0.152955 0.0659705 0.00267971
9.9973E-05 0.446289 9.9973E-05 9.9973E-05 0.54364 0.00977161
9.9982E-05 0.322049 9.9982E-05 0.0350083 0.625273 0.0174699
0.00894482 0.319703 9.9991E-05 0.0669935 0.603772 0.000486086
9.9964E-05 0.276246 9.9964E-05 9.9964E-05 0.723354 9.9964E-05
0.256906 9.9973E-05 0.676045 9.9973E-05 0.0667485 9.9973E-05
9.996E-05 9.996E-05 9.996E-05 9.996E-05 0.9995 9.996E-05
9.996E-05 9.996E-05 9.996E-05 9.996E-05 0.9995 9.996E-05
0.100744 0.873853 9.9982E-05 9.9982E-05 0.0110245 0.0141794
0.0315848 0.692788 9.9991E-05 0.0966593 0.120667 0.0582013
0.0286632 0.330335 9.9982E-05 9.9982E-05 0.633339 0.007463
9.9964E-05 9.9964E-05 9.9964E-05 9.9964E-05 0.0114859 0.988114
9.9973E-05 0.365315 0.35342 0.280965 9.9973E-05 9.9973E-05
0.406613 9.9973E-05 0.430708 9.9973E-05 0.162379 9.9973E-05
0.0457491 9.9982E-05 0.598683 0.0284052 0.326963 9.9982E-05
9.996E-05 9.996E-05 9.996E-05 0.9995 9.996E-05 9.996E-05
9.996E-05 9.996E-05 9.996E-05 0.9995 9.996E-05 9.996E-05
9.9973E-05 0.397667 0.113196 0.488837 9.9973E-05 9.9973E-05
0.0958466 0.144366 9.9991E-05 0.740414 0.00864694 0.010626
9.9982E-05 0.182604 9.9982E-05 0.782614 0.0182913 0.0162906
9.9973E-05 9.9973E-05 0.230781 9.9973E-05 0.728622 0.0402969
0.101661 9.9982E-05 0.860053 9.9982E-05 0.0250976 0.0129887
0.0418105 9.9982E-05 0.773298 9.9982E-05 0.181847 0.00284463
0.282796 9.9991E-05 0.527601 0.00197476 0.121245 0.0662836
9.9964E-05 0.322442 0.677158 9.9964E-05 9.9964E-05 9.9964E-05
9.9982E-05 0.422803 0.432069 0.143265 9.9982E-05 0.00166328
0.9995 9.996E-05 9.996E-05 9.996E-05 9.996E-05 9.996E-05
0.966957 9.9964E-05 9.9964E-05 0.0326436 9.9964E-05 9.9964E-05
0.763421 0.184064 9.9991E-05 0.00331153 0.0140016 0.0351015
0.506084 0.309865 0.0176882 0.166163 9.9982E-05 9.9982E-05
0.974812 9.9964E-05 0.024788 9.9964E-05 9.9964E-05 9.9964E-05
0.998458 9.9964E-05 9.9964E-05 9.9964E-05 9.9964E-05 0.00114206
9.9982E-05 0.598171 9.9982E-05 0.335332 0.0306543 0.0356431
9.9982E-05 0.789265 0.0447435 0.0893046 9.9982E-05 0.0764872
0.267988 9.9973E-05 0.723566 9.9973E-05 0.00814604 9.9973E-05
9.9982E-05 9.9982E-05 0.878721 0.00948661 0.110611 0.000981596
0.0244629 9.9973E-05 0.938562 9.9973E-05 0.0366751 9.9973E-05
9.9982E-05 0.46348 9.9982E-05 0.0954017 0.418346 0.0225722
9.9982E-05 0.4858 9.9982E-05 0.148359 0.282778 0.0828627
9.9973E-05 0.656401 9.9973E-05 9.9973E-05 0.195014 0.148285
9.9982E-05 0.57989 9.9982E-05 0.109652 0.242207 0.0680519
9.9973E-05 0.420276 0.515373 0.0640517 9.9973E-05 9.9973E-05
9.9973E-05 0.358274 0.581326 9.9973E-05 9.9973E-05 0.0600995
9.9982E-05 0.364338 0.496232 0.065645 9.9982E-05 0.0735841
9.9982E-05 0.0225553 9.9982E-05 0.756177 0.200038 0.0210293
9.99743E-05 9.99743E-05 9.99743E-05 0.00651639 0.957387 0.0357962
9.9982E-05 0.816369 0.0507116 0.116475 9.9982E-05 0.016245
0.02271 0.711026 9.9991E-05 0.0782722 0.162888 0.0250032
9.9982E-05 0.713876 9.9982E-05 0.183619 0.0228807 0.0794242
0.0298126 0.574252 9.9991E-05 0.248585 0.138379 0.00887143
0.0119435 0.656316 0.0237783 0.291142 0.0167208 9.9991E-05
0.0649293 0.690199 9.9982E-05 0.200238 9.9982E-05 0.0444331
0.0104206 0.773429 9.9991E-05 0.164931 0.00958533 0.0415338
9.9982E-05 0.825623 9.9982E-05 0.107157 0.0199016 0.0471186
9.9991E-05 0.664168 0.0207749 0.234095 0.0281273 0.0527349
9.9973E-05 0.88393 9.9973E-05 0.0759224 0.0398481 9.9973E-05
9.9973E-05 0.720827 9.9973E-05 0.216547 9.9973E-05 0.0623267
9.9973E-05 0.0219385 9.9973E-05 0.924848 9.9973E-05 0.0529134
9.9973E-05 0.0595618 9.9973E-05 0.919459 9.9973E-05 0.0206789
9.996E-05 9.996E-05 9.996E-05 0.9995 9.996E-05 9.996E-05
9.9973E-05 9.9973E-05 9.9973E-05 0.9834 0.00956977 0.00673001
9.9964E-05 9.9964E-05 9.9964E-05 0.987499 9.9964E-05 0.0121008
9.9973E-05 9.9973E-05 0.919688 0.0485414 9.9973E-05 0.0314707
0.0180439 9.9973E-05 0.843087 0.138569 9.9973E-05 9.9973E-05
0.0347406 0.0537557 0.878561 9.9982E-05 0.0327428 9.9982E-05
9.9973E-05 0.0848733 0.912519 0.00230743 9.9973E-05 9.9973E-05
9.9982E-05 0.294106 0.480201 0.179024 9.9982E-05 0.0464686
